#  m  [GeV] ,  tau  [ps] ,  c ,  BR_theo(KL->pi0  a) 

0.0,0.0,1e-07,4.906572383798481e-19
0.0,0.0,3.792690190732254e-07,7.057858497385995e-18
0.0,0.0,1.438449888287663e-06,1.0152375768085814e-16
0.0,0.0,5.455594781168514e-06,1.4603683809103952e-15
0.0,0.0,2.06913808111479e-05,2.1006667738814172e-14
0.0,0.0,7.847599703514623e-05,3.0217046171880736e-13
0.0,0.0,0.00029763514416313193,4.34658102589961e-12
0.0,0.0,0.0011288378916846883,6.252414291301696e-11
0.0,0.0,0.004281332398719396,8.993975821532256e-10
0.0,0.0,0.01623776739188724,1.2937562058021582e-08
0.0,0.0,0.06158482110660267,1.861012753151436e-07
0.0,0.0,0.1,4.906844604181922e-07
0.0,0.0,0.14384498882876628,1.015294278210346e-06
0.0,0.0,0.20691380811147897,2.1007845991254032e-06
0.0,0.0,0.23357214690901212,2.6769774464382346e-06
0.0,0.0,0.29763514416313175,4.346814202235161e-06
0.0,0.0,0.42813323987193935,8.994159935547267e-06
0.0,0.0,0.6158482110660264,1.8610160472189566e-05
0.0,0.0,0.8858667904100825,3.8506994095246076e-05
0.0,0.0,0.8858667904100832,3.850699409537059e-05
0.0,0.0,1.2742749857031335,7.967629128063984e-05
0.0,0.0,1.8329807108324356,0.00016486125335973332
0.0,0.0,2.636650898730358,0.0003411207044928577
0.0,0.0,3.359818286283788,0.0005539038708426274
0.0,0.0,3.79269019073225,0.0007058258500906197
0.0,0.0,5.455594781168517,0.0014604511596847751
0.0,0.0,7.847599703514611,0.0030218751311662955
0.0,0.0,11.288378916846883,0.006252676940535956
0.0,0.0,12.742749857031322,0.007967629829074032
0.0,0.0,16.23776739188721,0.01293765201019119
0.0,0.0,23.357214690901213,0.02676978851711021
0.0,0.0,33.59818286283781,0.05539038893427436
0.0,0.0,48.32930238571752,0.11461036320170345
0.0,0.0,48.32930238571752,0.11461036320170345
0.0,0.0,69.51927961775606,0.23714466717772223
0.0,0.0,100.0,0.4906850618567948
0.0,0.0,183.29807108324374,1.6486126445669833
0.0,0.0,695.192796177562,23.714466756157027
0.0,0.0,2636.6508987303664,341.1207206051783
0.0,0.0,10000.0,4906.850624637188
0.049753,2.6705297714471748e+16,1e-07,8.538316855189527e-18
0.049753,1856533059086866.8,3.792690190732254e-07,1.2281940926574235e-16
0.049753,129064840853357.14,1.438449888287663e-06,1.7666956555475747e-15
0.049753,8972494759200.623,5.455594781168514e-06,2.5413031717795578e-14
0.049753,623761371155.7351,2.06913808111479e-05,3.6555373322920024e-13
0.049753,43363440390.773056,7.847599703514623e-05,5.2583085392836635e-12
0.049753,3014594599.329204,0.00029763514416313193,7.563831353722853e-11
0.049753,209572255.32049516,0.0011288378916846883,1.0880323401592303e-09
0.049753,14569288.910446,0.004281332398719396,1.5651132673743497e-08
0.049753,1012845.4166548814,0.01623776739188724,2.2513680741737752e-07
0.049753,70412.25726474245,0.06158482110660267,3.238496309648693e-06
0.049753,26705.186244230696,0.1,8.538790567530128e-06
0.049753,12906.429853118389,0.14384498882876628,1.7667943261665992e-05
0.049753,6237.58738908415,0.20691380811147897,3.655742369370435e-05
0.049753,4895.008869524366,0.23357214690901212,4.658421371171308e-05
0.049753,3014.582429666787,0.29763514416313175,7.564237122410304e-05
0.049753,1456.9266442081407,0.42813323987193935,0.0001565145306518475
0.049753,704.1224787364051,0.6158482110660264,0.0003238502041917584
0.049753,340.2974803384245,0.8858667904100825,0.0006700908312527337
0.049753,340.2974803384238,0.8858667904100832,0.0006700908312549006
0.049753,164.46339775352152,1.2742749857031335,0.0013865105160719429
0.049753,79.48401263580939,1.8329807108324356,0.0028688817940954185
0.049753,38.41406875511144,2.636650898730358,0.005936112693339443
0.049753,23.65723550446992,3.359818286283788,0.009638921810644935
0.049753,18.565251427163048,3.79269019073225,0.0122826370045145
0.049753,8.972456494129384,5.455594781168517,0.02541447221708766
0.049753,4.336325628198717,7.847599703514611,0.052586052642191995
0.049753,2.095715924516686,11.288378916846883,0.10880780458414965
0.049753,1.6446339666325223,12.742749857031322,0.1386510638060277
0.049753,1.0128448860482926,16.23776739188721,0.22513837274662551
0.049753,0.48950086759020217,23.357214690901213,0.46584238165982544
0.049753,0.23657235444936636,33.59818286283781,0.9638922132580169
0.049753,0.11433376853309597,48.32930238571752,1.9944260868050605
0.049753,0.11433376853309597,48.32930238571752,1.9944260868050605
0.049753,0.05525671272007092,69.51927961775606,4.126742969425677
0.049753,0.02670518377778972,100.0,8.538801033641615
0.049753,0.00794840122326576,183.29807108324374,28.688819872025327
0.049753,0.0005525671271334658,695.192796177562,412.67429761053216
0.049753,3.841406861838885e-05,2636.6508987303664,5936.112973722748
0.049753,2.6705183775304723e-06,10000.0,85388.0104420318
0.099955,1.2806407795970238e+16,1e-07,9.002475892005446e-17
0.099955,890292244466720.1,3.792690190732254e-07,1.294961044123318e-15
0.099955,61892475484258.266,1.438449888287663e-06,1.8627365694341825e-14
0.099955,4302720309083.9146,5.455594781168514e-06,2.679453213816649e-13
0.099955,299122015952.98517,2.06913808111479e-05,3.854259248564063e-12
0.099955,20794746770.280598,7.847599703514623e-05,5.5441601266947577e-11
0.099955,1445635611.3507857,0.00029763514416313193,7.975015517455099e-10
0.099955,100499474.01710653,0.0011288378916846883,1.147179833933244e-08
0.099955,6986642.08727641,0.004281332398719396,1.6501957817636767e-07
0.099955,485705.91905451496,0.01623776739188724,2.3737566964924087e-06
0.099955,33765.915387416775,0.06158482110660267,3.4145470879592716e-05
0.099955,12806.365028461909,0.1,9.002975356243928e-05
0.099955,6189.226740464721,0.14384498882876628,0.00018628406039744884
0.099955,2991.2100597152466,0.20691380811147897,0.0003854475431845482
0.099955,2347.3819081287656,0.23357214690901212,0.0004911661958677892
0.099955,1445.6309388587702,0.29763514416313175,0.0007975443344495073
0.099955,698.6633424605312,0.42813323987193935,0.0016502295626162123
0.099955,337.6591176291492,0.6158482110660264,0.003414553131845129
0.099955,163.18829538367493,0.8858667904100825,0.007065182349305917
0.099955,163.18829538367464,0.8858667904100832,0.007065182349328763
0.099955,78.8677645294234,1.2742749857031335,0.014618838474427437
0.099955,38.11624033545465,1.8329807108324356,0.030248396289790827
0.099955,18.421313026648935,2.636650898730358,0.06258810995229766
0.099955,11.344732665950085,3.359818286283788,0.10162911812357468
0.099955,8.90289206829036,3.79269019073225,0.12950344359285473
0.099955,4.302705626143859,5.455594781168517,0.26796050945721817
0.099955,2.0794676119478512,7.847599703514611,0.5544472982158432
0.099955,1.0049921898961243,11.288378916846883,1.1472280242627557
0.099955,0.7886776410860106,12.742749857031322,1.4618839760625946
0.099955,0.48570571430853954,16.23776739188721,2.373773200727443
0.099955,0.23473818333955293,23.357214690901213,4.911664537042868
0.099955,0.11344732642971411,33.59818286283781,10.162912151793707
0.099955,0.05482830143496526,48.32930238571752,21.028468572159554
0.099955,0.05482830143496526,48.32930238571752,21.028468572159554
0.099955,0.026498135592192835,69.51927961775606,43.51080514443262
0.099955,0.012806364076503504,100.0,90.0298639131301
0.099955,0.00381162401798458,183.29807108324374,302.4839832583865
0.099955,0.00026498135589597324,695.192796177562,4351.080521486025
0.099955,1.8421312973876547e-05,2636.6508987303664,62588.11290855237
0.099955,1.2806364075544346e-06,10000.0,900298.6402448723
0.13488999999999998,7705677827714688.0,1e-07,2.668336651058306e-16
0.13488999999999998,535693171548936.56,3.792690190732254e-07,3.838268557648131e-15
0.13488999999999998,37241003381930.49,1.438449888287663e-06,5.521156978494953e-14
0.13488999999999998,2588967727052.952,5.455594781168514e-06,7.941907649619071e-13
0.13488999999999998,179983171045.7964,2.06913808111479e-05,1.1424036386208978e-11
0.13488999999999998,12512300131.757023,7.847599703514623e-05,1.6432907838756954e-10
0.13488999999999998,869845909.4161485,0.00029763514416313193,2.363797076855453e-09
0.13488999999999998,60470995.404159576,0.0011288378916846883,3.4002445915544183e-08
0.13488999999999998,4203891.774491618,0.004281332398719396,4.891185423570106e-07
0.13488999999999998,292251.14950056095,0.01623776739188724,7.0358222226072345e-06
0.13488999999999998,20317.07983622676,0.06158482110660267,0.00010120728176186735
0.13488999999999998,7705.638398747549,0.1,0.00026684846924137533
0.13488999999999998,3724.0811526916946,0.14384498882876628,0.0005521465337195607
0.13488999999999998,1799.8223973896172,0.20691380811147897,0.0011424677154126689
0.13488999999999998,1412.4285621879737,0.23357214690901212,0.0014558181303865154
0.13488999999999998,869.8415939733153,0.29763514416313175,0.0023639238849230077
0.13488999999999998,420.3883692121267,0.42813323987193935,0.004891285550121963
0.13488999999999998,203.1707644607163,0.6158482110660264,0.010120746090283194
0.13488999999999998,98.19101254656638,0.8858667904100825,0.02094122243171434
0.13488999999999998,98.19101254656623,0.8858667904100832,0.020941222431782057
0.13488999999999998,47.45503117777644,1.2742749857031335,0.043330282652416376
0.13488999999999998,22.934685450756643,1.8329807108324356,0.08965634057122127
0.13488999999999998,11.08417346106186,2.636650898730358,0.1855113523319635
0.13488999999999998,6.826168390592771,3.359818286283788,0.3012290218346348
0.13488999999999998,5.3569037016771945,3.79269019073225,0.3838486091186827
0.13488999999999998,2.588954186049567,5.455594781168517,0.7942357824650295
0.13488999999999998,1.251223496381753,7.847599703514611,1.6433835143323186
0.13488999999999998,0.6047075868113087,11.288378916846883,3.4003874278407977
0.13488999999999998,0.4745503078409086,12.742749857031322,4.333028646471275
0.13488999999999998,0.2922509580866047,16.23776739188721,7.035871141211148
0.13488999999999998,0.14124284922765062,23.357214690901213,14.558188946146954
0.13488999999999998,0.06826168369095845,33.59818286283781,30.122903189553554
0.13488999999999998,0.0329903955210645,48.32930238571752,62.32844617395741
0.13488999999999998,0.0329903955210645,48.32930238571752,62.32844617395741
0.13488999999999998,0.015944028008436802,69.51927961775606,128.96616161677093
0.13488999999999998,0.007705637508263481,100.0,266.8487963211657
0.13488999999999998,0.0022934685305181775,183.29807108324374,896.5634660607333
0.13488999999999998,0.00015944028006008618,695.192796177562,12896.616182551865
0.13488999999999998,1.1084173411692232e-05,2636.6508987303664,185511.3610943116
0.13488999999999998,7.705637507366177e-07,10000.0,2668487.9665122856
0.14989,8936173999451650.0,1e-07,3.9048119972762913e-16
0.14989,621236378980511.8,3.792690190732254e-07,5.616876381294848e-15
0.14989,43187905538781.34,1.438449888287663e-06,8.079595203971779e-14
0.14989,3002392080970.4634,5.455594781168514e-06,1.16220928341981e-12
0.14989,208724134322.36734,2.06913808111479e-05,1.6717798453391236e-11
0.14989,14510351209.411743,7.847599703514623e-05,2.4047721134986447e-10
0.14989,1008748993.4771845,0.00029763514416313193,3.4591524203555644e-09
0.14989,70127443.68268372,0.0011288378916846883,4.975877338981765e-08
0.14989,4875202.038768799,0.004281332398719396,7.157702351869443e-07
0.14989,338920.2028859241,0.01623776739188724,1.0296138238270426e-05
0.14989,23561.480038428515,0.06158482110660267,0.00014810552779339917
0.14989,8936.138951097873,0.1,0.0003905028639228353
0.14989,4318.7735023434725,0.14384498882876628,0.0008080046452412754
0.14989,2087.23306703051,0.20691380811147897,0.0016718736145511742
0.14989,1637.9769519466795,0.23357214690901212,0.002130426870661527
0.14989,1008.7451675246449,0.29763514416313175,0.003459337989767635
0.14989,487.5194979502507,0.42813323987193935,0.007157848875869996
0.14989,235.61477088322988,0.6158482110660264,0.014810578994614793
0.14989,113.87097459052522,0.8858667904100825,0.030645134884519774
0.14989,113.87097459052497,0.8858667904100832,0.030645134884618865
0.14989,55.033047472859906,1.2742749857031335,0.06340901830337715
0.14989,26.597087869218846,1.8329807108324356,0.13120201836434023
0.14989,12.854187003277126,2.636650898730358,0.2714750981400703
0.14989,7.916228064980243,3.359818286283788,0.44081495411051946
0.14989,6.212338899708899,3.79269019073225,0.5617194717278192
0.14989,3.002380049938243,5.455594781168517,1.1622751614964053
0.14989,1.451029332388131,7.847599703514611,2.404907814141737
0.14989,0.7012723535150563,11.288378916846883,4.976086363897896
0.14989,0.5503304713036833,12.742749857031322,6.340902388224616
0.14989,0.3389200361969933,16.23776739188721,10.296209825171342
0.14989,0.16379768911230164,23.357214690901213,21.30427989023921
0.14989,0.07916228046278767,33.59818286283781,44.08149688335213
0.14989,0.03825857789722772,48.32930238571752,91.21070397737468
0.14989,0.03825857789722772,48.32930238571752,91.21070397737468
0.14989,0.01849010379939755,69.51927961775606,188.72754115344063
0.14989,0.008936138176298155,100.0,390.5033425674955
0.14989,0.0026597087742574843,183.29807108324374,1312.0202719567067
0.14989,0.00018490103797285203,695.192796177562,18872.75414589195
0.14989,1.2854186960327807e-05,2636.6508987303664,271475.110962786
0.14989,8.936138175517531e-07,10000.0,3905033.4305050573
0.18003,7325882722295225.0,1e-07,7.475424211951256e-16
0.18003,509290089417923.25,3.792690190732254e-07,1.0753023122638623e-14
0.18003,35405480132591.555,1.438449888287663e-06,1.5467684910993248e-13
0.18003,2461363473134.7563,5.455594781168514e-06,2.2249489662219544e-12
0.18003,171112215332.092,2.06913808111479e-05,3.2004776520911585e-11
0.18003,11895597766.801968,7.847599703514623e-05,4.6037278347874814e-10
0.18003,826973266.0172853,0.00029763514416313193,6.622247568895212e-09
0.18003,57490542.9194886,0.0011288378916846883,9.525885999497444e-08
0.18003,3996695.8573227143,0.004281332398719396,1.3702800928809816e-06
0.18003,277847.1784831046,0.01623776739188724,1.971106448393702e-05
0.18003,19315.729698894833,0.06158482110660267,0.00028353519943158937
0.18003,7325.857516043897,0.1,0.0007475838954196185
0.18003,3540.535749854815,0.14384498882876628,0.0015468548787032255
0.18003,1711.116201031022,0.20691380811147897,0.0032006571651224105
0.18003,1342.815493527721,0.23357214690901212,0.004078517639733596
0.18003,826.9705136419025,0.29763514416313175,0.0066226028254548
0.18003,399.6690770325301,0.42813323987193935,0.013703081436312393
0.18003,193.15727572113758,0.6158482110660264,0.0283535701300311
0.18003,93.3515635063854,0.8858667904100825,0.05866745529721898
0.18003,93.35156350638522,0.8858667904100832,0.05866745529740869
0.18003,45.11615928871774,1.2742749857031335,0.12139107107122181
0.18003,21.80432500708293,1.8329807108324356,0.25117489533984977
0.18003,10.537878152260552,2.636650898730358,0.5197155517330102
0.18003,6.48973340439484,3.359818286283788,0.8439020324785167
0.18003,5.092882992680548,3.79269019073225,1.0753632549294525
0.18003,2.4613548201494684,5.455594781168517,2.2250750840911784
0.18003,1.1895556133000147,7.847599703514611,4.6039876219100515
0.18003,0.5749039292248268,11.288378916846883,9.526286159587107
0.18003,0.4511615904180209,12.742749857031322,12.139108175148312
0.18003,0.2778470583242317,16.23776739188721,19.711201530855732
0.18003,0.1342815449677823,23.357214690901213,40.78519780741491
0.18003,0.06489733390912207,33.59818286283781,84.39020606644283
0.18003,0.03136442874300035,48.32930238571752,174.6149892433197
0.18003,0.03136442874300035,48.32930238571752,174.6149892433197
0.18003,0.015158209608015756,69.51927961775606,361.30252406121986
0.18003,0.0073258569574695676,100.0,747.5848117433453
0.18003,0.0021804324915780217,183.29807108324374,2511.7491224666674
0.18003,0.0001515820960649286,695.192796177562,36130.25246460327
0.18003,1.053787812129665e-05,2636.6508987303664,519715.57628098817
0.18003,7.325856956906786e-07,10000.0,7475848.126680261
0.20008,6694182489349694.0,1e-07,1.072727421831346e-15
0.20008,465374744289154.0,3.792690190732254e-07,1.5430646401042253e-14
0.20008,32352516975047.24,1.438449888287663e-06,2.2196211593908125e-13
0.20008,2249123673695.794,5.455594781168514e-06,3.1928138130619826e-12
0.20008,156357457342.77957,2.06913808111479e-05,4.5927027590858736e-11
0.20008,10869857597.185062,7.847599703514623e-05,6.606374368867699e-10
0.20008,755664532.5667701,0.00029763514416313193,9.502961116176693e-09
0.20008,52533205.702210695,0.0011288378916846883,1.3669697985250388e-07
0.20008,3652064.6927887932,0.004281332398719396,1.9663593523869677e-06
0.20008,253888.63912163812,0.01623776739188724,2.8285484255997763e-05
0.20008,17650.148574211536,0.06158482110660267,0.00040687454632797846
0.20008,6694.15415551758,0.1,0.0010727869375680467
0.20008,3235.237912691912,0.14384498882876628,0.002219745126070138
0.20008,1563.567882786059,0.20691380811147897,0.004592960361257657
0.20008,1227.0254789899839,0.23357214690901212,0.005852694895321632
0.20008,755.6614396215999,0.29763514416313175,0.009503470911263166
0.20008,365.20589863936146,0.42813323987193935,0.019663996053654615
0.20008,176.50146189524966,0.6158482110660264,0.04068752665123113
0.20008,85.30192483440219,0.8858667904100825,0.08418811599450914
0.20008,85.301924834402,0.8858667904100832,0.08418811599478139
0.20008,41.22582505942004,1.2742749857031335,0.17419684423445878
0.20008,19.924153608694873,1.8329807108324356,0.3604373347480499
0.20008,9.629204430117854,2.636650898730358,0.7457946306309803
0.20008,5.93012831767273,3.359818286283788,1.2110039857425212
0.20008,4.653727321253378,3.79269019073225,1.5431520931593092
0.20008,2.249113947575454,5.455594781168517,3.1929947928871587
0.20008,1.0869810801451445,7.847599703514611,6.6067471647951495
0.20008,0.5253303729046727,11.288378916846883,13.670272217145643
0.20008,0.4122582478257103,12.742749857031322,17.419685956069152
0.20008,0.2538885043798545,16.23776739188721,28.285680919068117
0.20008,0.12270254298238813,23.357214690901213,58.52697967679555
0.20008,0.059301283025556116,33.59818286283781,121.10040261894575
0.20008,0.028659896389555482,48.32930238571752,250.57345498149493
0.20008,0.028659896389555482,48.32930238571752,250.57345498149493
0.20008,0.013851127988709891,69.51927961775606,518.4710782268545
0.20008,0.006694153529216889,100.0,1072.788252497556
0.20008,0.0019924153506323703,183.29807108324374,3604.373590094237
0.20008,0.00013851127987002406,695.192796177562,51847.107906606405
0.20008,9.629204395400287e-06,2636.6508987303664,745794.6658574617
0.20008,6.694153528585883e-07,10000.0,10727882.53824478
0.21999000000000002,513363192249.61725,1e-07,1.4634605877753594e-15
0.21999000000000002,35688639307.44608,3.792690190732254e-07,2.1051147190095224e-14
0.21999000000000002,2481048495.172777,1.438449888287663e-06,3.028102032681518e-13
0.21999000000000002,172480704.0624424,5.455594781168514e-06,4.355773036494255e-12
0.21999000000000002,11990734.276258465,2.06913808111479e-05,6.265561355572431e-11
0.21999000000000002,833587.1927634455,7.847599703514623e-05,9.012698212209233e-10
0.21999000000000002,57950.37003468918,0.00029763514416313193,1.2964345627469954e-08
0.21999000000000002,4028.6640739108198,0.0011288378916846883,1.8648786113860873e-07
0.21999000000000002,280.0693449168705,0.004281332398719396,2.6825914533899517e-06
0.21999000000000002,19.470197465886695,0.01623776739188724,3.85882662942695e-05
0.21999000000000002,1.3535535581783265,0.06158482110660267,0.0005550756423318055
0.21999000000000002,0.5133608994755452,0.1,0.0014635417816865445
0.21999000000000002,0.24810373405247615,0.14384498882876628,0.0030282711533226965
0.21999000000000002,0.11990680135794839,0.20691380811147897,0.006265912787462824
0.21999000000000002,0.09409805736511628,0.23357214690901212,0.007984496468781294
0.21999000000000002,0.05795011976350249,0.29763514416313175,0.012965041111711068
0.21999000000000002,0.028006888328027727,0.42813323987193935,0.02682646368223271
0.21999000000000002,0.013535533652729624,0.6158482110660264,0.05550766248380466
0.21999000000000002,0.006541628956177679,0.8858667904100825,0.11485302529759969
0.21999000000000002,0.006541628956177667,0.8858667904100832,0.11485302529797112
0.21999000000000002,0.003161523628291677,1.2742749857031335,0.23764677854208324
0.21999000000000002,0.0015279423106502254,1.8329807108324356,0.4917240139774261
0.21999000000000002,0.0007384438583620203,2.636650898730358,1.0174449037945053
0.21999000000000002,0.00045476932877248026,3.359818286283788,1.6521033849843052
0.21999000000000002,0.0003568847648425958,3.79269019073225,2.10523402620424
0.21999000000000002,0.00017247991703021168,5.455594781168517,4.356019936905242
0.21999000000000002,8.335834060941398e-05,7.847599703514611,9.013206796343473
0.21999000000000002,4.02865044811296e-05,11.288378916846883,18.649569505549987
0.21999000000000002,3.1615236058965216e-05,12.742749857031322,23.764679945078484
0.21999000000000002,1.94701865660415e-05,16.23776739188721,38.58853459043374
0.21999000000000002,9.409805338791772e-06,23.357214690901213,79.84500660223259
0.21999000000000002,4.547693275496106e-06,33.59818286283781,165.21034401637436
0.21999000000000002,2.1978684344891863e-06,48.32930238571752,341.84301458621087
0.21999000000000002,2.1978684344891863e-06,48.32930238571752,341.84301458621087
0.21999000000000002,1.0622144816772355e-06,69.51927961775606,707.3203998002106
0.21999000000000002,5.133608488120661e-07,100.0,1463.5435755695692
0.21999000000000002,1.527942302369112e-07,183.29807108324374,4917.240470758289
0.21999000000000002,1.0622144815391119e-08,695.192796177562,70732.0400945096
0.21999000000000002,7.38443855553612e-10,2636.6508987303664,1017444.9518519766
0.21999000000000002,5.1336084876102195e-11,10000.0,14635435.773798134
0.24016,275157779707.56036,1e-07,1.9158440180068866e-15
0.24016,19128770626.480682,3.792690190732254e-07,2.755845613692547e-14
0.24016,1329818353.9161491,1.438449888287663e-06,3.964145815533153e-13
0.24016,92448013.97670542,5.455594781168514e-06,5.702225113180952e-12
0.24016,6426919.324037967,2.06913808111479e-05,8.202365231287763e-11
0.24016,446794.79288058454,7.847599703514623e-05,1.1798694204816458e-09
0.24016,31060.846186236697,0.00029763514416313193,1.6971870800783482e-08
0.24016,2159.3255585191214,0.0011288378916846883,2.441347967808375e-07
0.24016,150.11450038776778,0.004281332398719396,3.5118313616809464e-06
0.24016,10.435840331119858,0.01623776739188724,5.0516631443771486e-05
0.24016,0.7254918106393222,0.06158482110660267,0.0007266600534280717
0.24016,0.2751565508602595,0.1,0.0019159503104963069
0.24016,0.13298123754120597,0.14384498882876628,0.00396436721457282
0.24016,0.06426890306628906,0.20691380811147897,0.00820282529744231
0.24016,0.050435662189611166,0.23357214690901212,0.010452655797014087
0.24016,0.031060712049558983,0.29763514416313175,0.01697278127239719
0.24016,0.01501142529664475,0.42813323987193935,0.03511903251731006
0.24016,0.007254917072486766,0.6158482110660264,0.07266613396456306
0.24016,0.0035062507924456575,0.8858667904100825,0.15035627423413478
0.24016,0.0035062507924456515,0.8858667904100832,0.150356274234621
0.24016,0.0016945465420454282,1.2742749857031335,0.3111079060629578
0.24016,0.0008189625204087375,1.8329807108324356,0.6437252349385396
0.24016,0.0003957988722540194,2.636650898730358,1.3319564249758307
0.24016,0.0002437520272199606,3.359818286283788,2.162799882477575
0.24016,0.00019128683358904475,3.79269019073225,2.756001801004467
0.24016,9.244759215474839e-05,5.455594781168517,5.7025483351927955
0.24016,4.4679276335725905e-05,7.847599703514611,11.799360001954676
0.24016,2.1593182555623035e-05,11.288378916846883,24.414505231005293
0.24016,1.694546530042395e-05,12.742749857031322,31.11079334349358
0.24016,1.0435834489177565e-05,16.23776739188721,50.516982675369775
0.24016,5.043566005796944e-06,23.357214690901213,104.52661284110273
0.24016,2.4375202656454447e-06,33.59818286283781,216.2799954714024
0.24016,1.178036539789595e-06,48.32930238571752,447.5131753209624
0.24016,1.178036539789595e-06,48.32930238571752,447.5131753209624
0.24016,5.693368414930976e-07,69.51927961775606,925.9665535861242
0.24016,2.7515652370637574e-07,100.0,1915.9526589026057
0.24016,8.189625159703454e-08,183.29807108324374,6437.252782682867
0.24016,5.693368414190682e-09,695.192796177562,92596.65550849156
0.24016,3.95798870748809e-10,2636.6508987303664,1331956.4878887779
0.24016,2.7515652367901777e-11,10000.0,19159526.6127243
0.24997,235149566541.08502,1e-07,2.148887505864385e-15
0.24997,16347428468.355158,3.792690190732254e-07,3.091066992769032e-14
0.24997,1136461450.7142339,1.438449888287663e-06,4.4463449708634673e-13
0.24997,79005981.35844453,5.455594781168514e-06,6.395844435231384e-12
0.24997,5492438.901230824,2.06913808111479e-05,9.200101886367329e-11
0.24997,381830.3883335424,7.847599703514623e-05,1.3233888732038457e-09
0.24997,26544.56844683902,0.00029763514416313193,1.9036331127254176e-08
0.24997,1845.3574878374632,0.0011288378916846883,2.738313816877742e-07
0.24997,128.28770364934897,0.004281332398719396,3.939010934548728e-06
0.24997,8.918458831785543,0.01623776739188724,5.6661480333252406e-05
0.24997,0.6200045842734055,0.06158482110660267,0.0008150510663424569
0.24997,0.23514851639207499,0.1,0.0021490067277845086
0.24997,0.11364563416008716,0.14384498882876628,0.004446593300907916
0.24997,0.05492414103517142,0.20691380811147897,0.009200617915022103
0.24997,0.04310226705515073,0.23357214690901212,0.011724118056683974
0.24997,0.026544453816237507,0.29763514416313175,0.01903735234874025
0.24997,0.012828749220783876,0.42813323987193935,0.039390915693127894
0.24997,0.006200044959177395,0.6158482110660264,0.08150525090156685
0.24997,0.002996438461544714,0.8858667904100825,0.168645628815952
0.24997,0.002996438461544709,0.8858667904100832,0.1686456288164974
0.24997,0.0014481577998934844,1.2742749857031335,0.34895110772630644
0.24997,0.0006998845604552338,1.8329807108324356,0.7220280469430533
0.24997,0.0003382493250093255,2.636650898730358,1.4939757585087847
0.24997,0.00020831024153068577,3.359818286283788,2.425883110241972
0.24997,0.00016347353891180786,3.79269019073225,3.0912421787236313
0.24997,7.900562087759915e-05,5.455594781168517,6.396206974006116
0.24997,3.8182865394234966e-05,7.847599703514611,13.234635516817548
0.24997,1.8453512468715512e-05,11.288378916846883,27.3842884700749
0.24997,1.4481577896359214e-05,12.742749857031322,34.895113842781505
0.24997,8.918453839373565e-06,16.23776739188721,56.66187428870294
0.24997,4.3102265233490525e-06,23.357214690901213,117.24124211231174
0.24997,2.0831024097057967e-06,33.59818286283781,242.58831912652707
0.24997,1.0067488624991549e-06,48.32930238571752,501.94872970783655
0.24997,1.0067488624991549e-06,48.32930238571752,501.94872970783655
0.24997,4.865547019911722e-07,69.51927961775606,1038.6012322232668
0.24997,2.351484931868858e-07,100.0,2149.0093618512205
0.24997,6.998845566622686e-08,183.29807108324374,7220.2809554343585
0.24997,4.865547019279082e-09,695.192796177562,103860.12339043716
0.24997,3.382493237230014e-10,2636.6508987303664,1493975.8290744703
0.24997,2.3514849316350623e-11,10000.0,21490093.645093117
0.26004000000000005,207195327768.96548,1e-07,2.3903675176405406e-15
0.26004000000000005,14404069926.655691,3.792690190732254e-07,3.4384238887339046e-14
0.26004000000000005,1001360564.8572985,1.438449888287663e-06,4.946000459107866e-13
0.26004000000000005,69613865.09896733,5.455594781168514e-06,7.114573817445772e-12
0.26004000000000005,4839505.745772866,2.06913808111479e-05,1.0233958105363844e-10
0.26004000000000005,336438.94661032705,7.847599703514623e-05,1.4721039454510314e-09
0.26004000000000005,23388.98872218006,0.00029763514416313193,2.1175528015057303e-08
0.26004000000000005,1625.9840712342952,0.0011288378916846883,3.04603027525068e-07
0.26004000000000005,113.0370478628952,0.004281332398719396,4.381655048894126e-06
0.26004000000000005,7.858245406055606,0.01623776739188724,6.302878197225764e-05
0.26004000000000005,0.5462993402825921,0.06158482110660267,0.0009066419665461297
0.26004000000000005,0.20719440248031779,0.1,0.002390500137056156
0.26004000000000005,0.10013560632060468,0.14384498882876628,0.00494627669509988
0.26004000000000005,0.04839483896451634,0.20691380811147897,0.010234532122445324
0.26004000000000005,0.037978332183731194,0.23357214690901212,0.013041609157854598
0.26004000000000005,0.023388887720895566,0.29763514416313175,0.021176663995727287
0.26004000000000005,0.011303686156125108,0.42813323987193935,0.04381744744943955
0.26004000000000005,0.005462992624321884,0.6158482110660264,0.0906643571338923
0.26004000000000005,0.002640226211654244,0.8858667904100825,0.1875970854749602
0.26004000000000005,0.0026402262116542383,0.8858667904100832,0.18759708547556686
0.26004000000000005,0.0012760029051020597,1.2742749857031335,0.3881642900697701
0.26004000000000005,0.0006166833009791395,1.8329807108324356,0.8031655382275905
0.26004000000000005,0.00029803873679546056,2.636650898730358,1.6618604350092763
0.26004000000000005,0.00018354662273354817,3.359818286283788,2.69849034558125
0.26004000000000005,0.00014404004216539616,3.79269019073225,3.438618761110554
0.26004000000000005,6.961354747848365e-05,5.455594781168517,7.114977096309204
0.26004000000000005,3.3643741843433894e-05,7.847599703514611,14.721870158804391
0.26004000000000005,1.6259785723043108e-05,11.288378916846883,30.46158231825862
0.26004000000000005,1.2760028960640946e-05,12.742749857031322,38.81643242213431
0.26004000000000005,7.858241007228689e-06,16.23776739188721,63.02922019822795
0.26004000000000005,3.7978330578661706e-06,23.357214690901213,130.41616004015543
0.26004000000000005,1.8354662224003727e-06,33.59818286283781,269.8490435709496
0.26004000000000005,8.870680207307608e-07,48.32930238571752,558.3549328385666
0.26004000000000005,8.870680207307608e-07,48.32930238571752,558.3549328385666
0.26004000000000005,4.28713786078817e-07,69.51927961775606,1155.3134552240326
0.26004000000000005,2.0719438203416616e-07,100.0,2390.5030671246177
0.26004000000000005,6.166832976371483e-08,183.29807108324374,8031.655922894136
0.26004000000000005,4.287137860230748e-09,695.192796177562,115531.34570940504
0.26004000000000005,2.980387356620772e-10,2636.6508987303664,1661860.513504741
0.26004000000000005,2.0719438201356637e-11,10000.0,23905030.700814098
