#  m  [GeV] ,  tau  [ps] ,  c ,  BR_theo(B+->K+  a)*BR_theo(a->  mu  mu) 

0.3,863258904817233.9,1e-06,2.4690894130787078e-21
0.3,327407358036258.9,1.6237767391887209e-06,6.510126820039564e-21
0.3,124175467519768.2,2.6366508987303555e-06,1.7164931730906026e-20
0.3,47095907759181.46,4.281332398719396e-06,4.5257932674938693e-20
0.3,17862018738187.867,6.951927961775606e-06,1.1932936886205616e-19
0.3,6774510325500.092,1.1288378916846883e-05,3.146298876550822e-19
0.3,2569361885853.8584,1.8329807108324375e-05,8.295691760532835e-19
0.3,974479362091.9359,2.9763514416313192e-05,2.1872843136004632e-18
0.3,369589831767.72144,4.8329302385717524e-05,5.767105151237432e-18
0.3,140173972953.99304,7.847599703514606e-05,1.5205842980110282e-17
0.3,53163645221.86845,0.00012742749857031334,4.0092499559652914e-17
0.3,20163323573.665756,0.00020691380811147902,1.0570992499764091e-16
0.3,7647323953.051068,0.0003359818286283781,2.787201687590406e-16
0.3,2900393054.219683,0.0005455594781168515,7.348877835174476e-16
0.3,1100029228.6115294,0.0008858667904100823,1.937642535327023e-15
0.3,417207006.49821603,0.0014384498882876629,5.108886935319726e-15
0.3,158233692.11590788,0.002335721469090121,1.3470351351348938e-14
0.3,60013137.2039984,0.003792690190732246,3.5516614149239376e-14
0.3,22761123.689752482,0.00615848211066026,9.364491368757651e-14
0.3,8632589.065754909,0.01,2.469089534522595e-13
0.35384615384615387,527096769569819.25,1e-06,2.010756929651481e-21
0.35384615384615387,199911474751411.06,1.6237767391887209e-06,5.301664065693855e-21
0.35384615384615387,75820228930449.58,2.6366508987303555e-06,1.3978637323578228e-20
0.35384615384615387,28756263852358.87,4.281332398719396e-06,3.685678666223832e-20
0.35384615384615387,10906359983495.01,6.951927961775606e-06,9.717847967730461e-20
0.35384615384615387,4136444452599.636,1.1288378916846883e-05,2.5622572577842763e-19
0.35384615384615387,1568825229988.3496,1.8329807108324375e-05,6.75577790151594e-19
0.35384615384615387,595006806075.0155,2.9763514416313192e-05,1.781262787565936e-18
0.35384615384615387,225667647681.97076,4.8329302385717524e-05,4.696568129713899e-18
0.35384615384615387,85588747372.91043,7.847599703514606e-05,1.2383210580181071e-17
0.35384615384615387,32461160259.836754,0.00012742749857031334,3.2650203305558815e-17
0.35384615384615387,12311512409.734041,0.00020691380811147902,8.608718789042126e-17
0.35384615384615387,4669375234.954704,0.0003359818286283781,2.2698186132803624e-16
0.35384615384615387,1770949365.0531175,0.0005455594781168515,5.984719287188464e-16
0.35384615384615387,671666228.5190885,0.0008858667904100823,1.5779615490887306e-15
0.35384615384615387,254742191.6420957,0.0014384498882876629,4.160533739123972e-15
0.35384615384615387,96615821.14771496,0.002335721469090121,1.0969875040282504e-14
0.35384615384615387,36643387.720709115,0.003792690190732246,2.892373100844327e-14
0.35384615384615387,13897701.72342968,0.00615848211066026,7.62617822327015e-14
0.35384615384615387,5270967.707130939,0.01,2.010757028817861e-13
0.4076923076923077,345157333479053.56,1e-06,1.6187852030738736e-21
0.4076923076923077,130907483294530.64,1.6237767391887209e-06,4.268171460536119e-21
0.4076923076923077,49649152778461.305,2.6366508987303555e-06,1.1253678117357893e-20
0.4076923076923077,18830385472103.633,4.281332398719396e-06,2.967202052215388e-20
0.4076923076923077,7141781826775.471,6.951927961775606e-06,7.823475957688342e-20
0.4076923076923077,2708656587876.1226,1.1288378916846883e-05,2.062777491503532e-19
0.4076923076923077,1027309527090.008,1.8329807108324375e-05,5.438824126854067e-19
0.4076923076923077,389626676624.0111,2.9763514416313192e-05,1.4340280522109888e-18
0.4076923076923077,147773327447.95422,4.8329302385717524e-05,3.781031352669254e-18
0.4076923076923077,56045844946.37702,7.847599703514606e-05,9.969259714161258e-18
0.4076923076923077,21256452635.947277,0.00012742749857031334,2.6285457585146422e-17
0.4076923076923077,8061913940.2170105,0.00020691380811147902,6.93055753662951e-17
0.4076923076923077,3057634191.9637036,0.0003359818286283781,1.8273460758268909e-16
0.4076923076923077,1159665920.6756701,0.0005455594781168515,4.818073673546335e-16
0.4076923076923077,439825356.19215554,0.0008858667904100823,1.2703578284468733e-15
0.4076923076923077,166812131.41138077,0.0014384498882876629,3.3494901121470316e-15
0.4076923076923077,63266673.45476218,0.002335721469090121,8.831436128862577e-15
0.4076923076923077,23995089.18607291,0.003792690190732246,2.328541410672226e-14
0.4076923076923077,9100593.943046786,0.00615848211066026,6.139550873754486e-14
0.4076923076923077,3451573.342660254,0.01,1.6187852830887595e-13
0.46153846153846156,238181052698615.5,1e-06,1.3158600848039217e-21
0.46153846153846156,90334694218832.05,1.6237767391887209e-06,3.469463675201653e-21
0.46153846153846156,34261150864656.188,2.6366508987303555e-06,9.147764517332821e-21
0.46153846153846156,12994193080757.887,4.281332398719396e-06,2.4119461535999307e-20
0.46153846153846156,4928294863387.142,6.951927961775606e-06,6.359459993578544e-20
0.46153846153846156,1869149558540.459,1.1288378916846883e-05,1.6767675907509456e-19
0.46153846153846156,708910519568.793,1.8329807108324375e-05,4.421050775115844e-19
0.46153846153846156,268867797367.55002,2.9763514416313192e-05,1.1656767499544792e-18
0.46153846153846156,101973225767.97282,4.8329302385717524e-05,3.0734826503986846e-18
0.46153846153846156,38675285308.7551,7.847599703514606e-05,8.103700792420678e-18
0.46153846153846156,14668337521.432089,0.00012742749857031334,2.1366629977481133e-17
0.46153846153846156,5563245983.19198,0.00020691380811147902,5.633634413368129e-17
0.46153846153846156,2109966846.911746,0.0003359818286283781,1.4853927239623913e-16
0.46153846153846156,800245056.3087094,0.0005455594781168515,3.916462060949837e-16
0.46153846153846156,303508157.5278698,0.0008858667904100823,1.0326343215260068e-15
0.46153846153846156,115111241.18978801,0.0014384498882876629,2.7226962135915975e-15
0.46153846153846156,43658127.53382605,0.002335721469090121,7.178799430246859e-15
0.46153846153846156,16558175.207805613,0.003792690190732246,1.892798805138228e-14
0.46153846153846156,6280002.872192975,0.00615848211066026,4.9906497281508307e-14
0.46153846153846156,2381810.532619455,0.01,1.315860149957504e-13
0.5153846153846153,171208595245727.12,1e-06,1.08471811873601e-21
0.5153846153846153,64934115975751.734,1.6237767391887209e-06,2.860023002634393e-21
0.5153846153846153,24627498470510.43,2.6366508987303555e-06,7.540882220285515e-21
0.5153846153846153,9340447187137.809,4.281332398719396e-06,1.9882673883335608e-20
0.5153846153846153,3542542242371.0273,6.951927961775606e-06,5.242366996365995e-20
0.5153846153846153,1343576521289.5256,1.1288378916846883e-05,1.3822291652443448e-19
0.5153846153846153,509576949279.2958,1.8329807108324375e-05,3.6444557707931675e-19
0.5153846153846153,193266749695.4877,2.9763514416313192e-05,9.60915758344737e-19
0.5153846153846153,73300090576.48068,4.8329302385717524e-05,2.533599397845565e-18
0.5153846153846153,27800453450.922974,7.847599703514606e-05,6.680217129364438e-18
0.5153846153846153,10543850710.124956,0.00012742749857031334,1.7613400497937917e-17
0.5153846153846153,3998955916.0861635,0.00020691380811147902,4.644038825317727e-17
0.5153846153846153,1516680087.6136274,0.0003359818286283781,1.224470914292419e-16
0.5153846153846153,575229769.0796721,0.0005455594781168515,3.228502336924602e-16
0.5153846153846153,218166830.2631255,0.0008858667904100823,8.512433590197362e-16
0.5153846153846153,82743919.71077308,0.0014384498882876629,2.2444315689845626e-15
0.5153846153846153,31382205.26554331,0.002335721469090121,5.917782523168432e-15
0.5153846153846153,11902298.209984919,0.003792690190732246,1.5603126675736964e-14
0.5153846153846153,4514172.969391965,0.00615848211066026,4.113999844693474e-14
0.5153846153846153,1712085.956617145,0.01,1.0847181725148623e-13
0.5692307692307693,127160201774807.31,1e-06,9.069155050929195e-22
0.5692307692307693,48227924992284.54,1.6237767391887209e-06,2.391219581575735e-21
0.5692307692307693,18291357803760.86,2.6366508987303555e-06,6.304811258823331e-21
0.5692307692307693,6937345331749.737,4.281332398719396e-06,1.662358627190184e-20
0.5692307692307693,2631120158944.9463,6.951927961775606e-06,4.383059368393203e-20
0.5692307692307693,997902361746.8398,1.1288378916846883e-05,1.1556597422863024e-19
0.5692307692307693,378473449870.5793,1.8329807108324375e-05,3.0470712981259665e-19
0.5692307692307693,143543254077.67606,2.9763514416313192e-05,8.034063276701424e-19
0.5692307692307693,54441509168.62085,4.8329302385717524e-05,2.1183020158986044e-18
0.5692307692307693,20647977779.250786,7.847599703514606e-05,5.585222914011623e-18
0.5692307692307693,7831138278.184117,0.00012742749857031334,1.4726283015909468e-17
0.5692307692307693,2970108132.9956055,0.00020691380811147902,3.882806734935038e-17
0.5692307692307693,1126469998.1445887,0.0003359818286283781,1.0237605867607178e-16
0.5692307692307693,427235171.2136549,0.0005455594781168515,2.69929927140699e-16
0.5692307692307693,162037064.30172443,0.0008858667904100823,7.117109851564649e-16
0.5692307692307693,61455638.43316195,0.0014384498882876629,1.876533409809824e-15
0.5692307692307693,23308219.707007565,0.002335721469090121,4.947763509562809e-15
0.5692307692307693,8840085.626565695,0.003792690190732246,1.3045525160715258e-14
0.5692307692307693,3352770.6060614577,0.00615848211066026,3.439649603640344e-14
0.5692307692307693,1271602.020900603,0.01,9.069155501014236e-14
0.6230769230769231,97010924322980.7,1e-06,7.682509083046836e-22
0.6230769230769231,36793238107363.78,1.6237767391887209e-06,2.0256094478319523e-21
0.6230769230769231,13954535325507.479,2.6366508987303555e-06,5.34082497110285e-21
0.6230769230769231,5292522924527.87,4.281332398719396e-06,1.4081890960019897e-20
0.6230769230769231,2007289978008.2456,6.951927961775606e-06,3.712903045555968e-20
0.6230769230769231,761302900954.7043,1.1288378916846883e-05,9.78962915196431e-20
0.6230769230769231,288738604462.69226,1.8329807108324375e-05,2.5811834501766134e-19
0.6230769230769231,109509607283.13875,2.9763514416313192e-05,6.805679663697881e-19
0.6230769230769231,41533601333.371635,4.8329302385717524e-05,1.7944201401772376e-18
0.6230769230769231,15752408236.28778,7.847599703514606e-05,4.73125947530685e-18
0.6230769230769231,5974400419.819347,0.00012742749857031334,1.2474679547754797e-17
0.6230769230769231,2265904986.777043,0.00020691380811147902,3.289137504138061e-17
0.6230769230769231,859387561.6495591,0.0003359818286283781,8.672307356625337e-17
0.6230769230769231,325939077.51206136,0.0005455594781168515,2.286584698794357e-16
0.6230769230769231,123618594.20713432,0.0008858667904100823,6.028925602512637e-16
0.6230769230769231,46884702.965655185,0.0014384498882876629,1.5896172118084014e-15
0.6230769230769231,17781915.304829076,0.002335721469090121,4.19126565701048e-15
0.6230769230769231,6744129.576412993,0.003792690190732246,1.105090440929118e-14
0.6230769230769231,2557839.4104599925,0.00615848211066026,2.9137377379097945e-14
0.6230769230769231,970109.2456721779,0.01,7.68250946461061e-14
0.676923076923077,75684675225396.12,1e-06,6.584990831783861e-22
0.676923076923077,28704852531611.6,1.6237767391887209e-06,1.736232199475403e-21
0.676923076923077,10886861262305.93,2.6366508987303555e-06,4.577838189151434e-21
0.676923076923077,4129049191741.0464,4.281332398719396e-06,1.2070161175668297e-20
0.676923076923077,1566020436656.7231,6.951927961775606e-06,3.182480131164639e-20
0.676923076923077,593943034859.4204,1.1288378916846883e-05,8.391089098027167e-20
0.676923076923077,225264192216.50735,1.8329807108324375e-05,2.212437261164199e-19
0.676923076923077,85435729214.27837,2.9763514416313192e-05,5.833424693034653e-19
0.676923076923077,32403125212.90622,4.8329302385717524e-05,1.538070445957634e-18
0.676923076923077,12289501514.407032,7.847599703514606e-05,4.055354823652247e-18
0.676923076923077,4661027184.269248,0.00012742749857031334,1.0692554940505055e-17
0.676923076923077,1767783208.0526135,0.00020691380811147902,2.819253459396634e-17
0.676923076923077,670465403.2534193,0.0003359818286283781,7.433387167717242e-17
0.676923076923077,254286755.81564438,0.0005455594781168515,1.9599246958114713e-16
0.676923076923077,96443088.44269879,0.0008858667904100823,5.167637211867384e-16
0.676923076923077,36577875.551242314,0.0014384498882876629,1.3625255307422594e-15
0.676923076923077,13872854.981290797,0.002335721469090121,3.5925041710570775e-15
0.676923076923077,5261544.101689313,0.003792690190732246,9.472179392407044e-15
0.676923076923077,1995540.6714513055,0.00615848211066026,2.4974830596579267e-14
0.676923076923077,756846.7541823762,0.01,6.584991159037438e-14
0.7307692307692307,60176786130247.64,1e-06,5.703842133547153e-22
0.7307692307692307,22823190646598.27,1.6237767391887209e-06,1.5039040487633129e-21
0.7307692307692307,8656129128656.545,2.6366508987303555e-06,3.9652699617760365e-21
0.7307692307692307,3283001603596.725,4.281332398719396e-06,1.0455032608425293e-20
0.7307692307692307,1245140797811.9575,6.951927961775606e-06,2.756627112326001e-20
0.7307692307692307,472243328994.19525,1.1288378916846883e-05,7.268263353179185e-20
0.7307692307692307,179107264151.50317,1.8329807108324375e-05,1.9163873102370675e-19
0.7307692307692307,67929836383.63061,2.9763514416313192e-05,5.052844323853349e-19
0.7307692307692307,25763682411.025208,4.8329302385717524e-05,1.3322586527641768e-18
0.7307692307692307,9771366555.744602,7.847599703514606e-05,3.512700974158416e-18
0.7307692307692307,3705976608.603117,0.00012742749857031334,9.26176618053074e-18
0.7307692307692307,1405562113.0541685,0.00020691380811147902,2.442004412403875e-17
0.7307692307692307,533086163.86549526,0.0003359818286283781,6.438713128885209e-17
0.7307692307692307,202183066.45172685,0.0005455594781168515,1.6976638759452088e-16
0.7307692307692307,76681773.28731553,0.0008858667904100823,4.476146985303551e-16
0.7307692307692307,29083020.936428837,0.0014384498882876629,1.1802036978964066e-15
0.7307692307692307,11030288.823199464,0.002335721469090121,3.111785145841281e-15
0.7307692307692307,4183446.823024402,0.003792690190732246,8.204691137053401e-15
0.7307692307692307,1586651.7738711054,0.00615848211066026,2.16329065104686e-14
0.7307692307692307,601767.8628503719,0.01,5.703842417148908e-14
0.7846153846153846,48631273738955.19,1e-06,4.986993110380616e-22
0.7846153846153846,18444335487255.016,1.6237767391887209e-06,1.3148959866447099e-21
0.7846153846153846,6995365027708.691,2.6366508987303555e-06,3.466921684923735e-21
0.7846153846153846,2653125232118.2114,4.281332398719396e-06,9.141062176381951e-21
0.7846153846153846,1006248204263.8984,6.951927961775606e-06,2.4101789802707773e-20
0.7846153846153846,381638769375.3638,1.1288378916846883e-05,6.354800574432272e-20
0.7846153846153846,144743761701.3074,1.8329807108324375e-05,1.675539064583068e-19
0.7846153846153846,54896824517.42432,2.9763514416313192e-05,4.417811580491936e-19
0.7846153846153846,20820664784.95926,4.8329302385717524e-05,1.1648226874133526e-18
0.7846153846153846,7896633109.444726,7.847599703514606e-05,3.0712307856355706e-18
0.7846153846153846,2994948293.4010215,0.00012742749857031334,8.09776341119369e-18
0.7846153846153846,1135891101.4140065,0.00020691380811147902,2.1350975176102506e-17
0.7846153846153846,430808303.80807024,0.0003359818286283781,5.629506788873857e-17
0.7846153846153846,163392242.7946618,0.0005455594781168515,1.484304413561361e-16
0.7846153846153846,61969615.649681166,0.0008858667904100823,3.9135925669248924e-16
0.7846153846153846,23503155.340575572,0.0014384498882876629,1.0318777365244573e-15
0.7846153846153846,8914018.671922592,0.002335721469090121,2.720701365845992e-15
0.7846153846153846,3380811.1184783033,0.003792690190732246,7.173539732586389e-15
0.7846153846153846,1282236.917356941,0.00615848211066026,1.891412020180218e-14
0.7846153846153846,486312.738650052,0.01,4.9869933584380705e-14
0.8384615384615385,39859511129624.08,1e-06,4.396730079789603e-22
0.8384615384615385,15117477686870.816,1.6237767391887209e-06,1.1592642316352016e-21
0.8384615384615385,5733590933160.866,2.6366508987303555e-06,3.0565750782069285e-21
0.8384615384615385,2174573408987.0518,4.281332398719396e-06,8.059121426991125e-21
0.8384615384615385,824748323729.2402,6.951927961775606e-06,2.124908975345343e-20
0.8384615384615385,312801487723.0762,1.1288378916846883e-05,5.602643159564779e-20
0.8384615384615385,118635913413.3769,1.8329807108324375e-05,1.477221412193341e-19
0.8384615384615385,44994926507.148186,2.9763514416313192e-05,3.8949171640843273e-19
0.8384615384615385,17065181639.638588,4.8329302385717524e-05,1.026953684117037e-18
0.8384615384615385,6472294700.772783,7.847599703514606e-05,2.707718354186614e-18
0.8384615384615385,2454740862.3155622,0.00012742749857031334,7.1393080321095e-18
0.8384615384615385,931007158.9300219,0.00020691380811147902,1.882386293941501e-17
0.8384615384615385,353102171.9181785,0.0003359818286283781,4.963195513845986e-17
0.8384615384615385,133920714.37667209,0.0005455594781168515,1.3086213913321283e-16
0.8384615384615385,50791977.97586559,0.0008858667904100823,3.450377768364026e-16
0.8384615384615385,19263823.664335553,0.0014384498882876629,9.097441649558503e-16
0.8384615384615385,7306171.505412813,0.002335721469090121,2.3986777740780115e-15
0.8384615384615385,2771004.5006801425,0.003792690190732246,6.324475936260887e-15
0.8384615384615385,1050956.1594635956,0.00615848211066026,1.6675435354307014e-14
0.8384615384615385,398595.1123358335,0.01,4.396730298558029e-14
0.8923076923076922,33076262894845.664,1e-06,3.905351672043954e-22
0.8923076923076922,12544801782736.227,1.6237767391887209e-06,1.029704899595276e-21
0.8923076923076922,4757854666606.418,2.6366508987303555e-06,2.7149723489449548e-21
0.8923076923076922,1804506872296.7766,4.281332398719396e-06,7.158434283873795e-21
0.8923076923076922,684393551366.8934,6.951927961775606e-06,1.8874292188078224e-20
0.8923076923076922,259569270886.96313,1.1288378916846883e-05,4.976491946059829e-20
0.8923076923076922,98446582750.851,1.8329807108324375e-05,1.3121271962104313e-19
0.8923076923076922,37337738871.02688,2.9763514416313192e-05,3.45962135113769e-19
0.8923076923076922,14161047596.027128,4.8329302385717524e-05,9.121813744750259e-19
0.8923076923076922,5370846630.795003,7.847599703514606e-05,2.4051038408190936e-18
0.8923076923076922,2036995733.2548854,0.00012742749857031334,6.3414192034663034e-18
0.8923076923076922,772569373.608456,0.00020691380811147902,1.6720108642259195e-17
0.8923076923076922,293011628.49502784,0.0003359818286283781,4.408508947996941e-17
0.8923076923076922,111130232.91689065,0.0005455594781168515,1.1623699080831845e-16
0.8923076923076922,42148254.42830164,0.0008858667904100823,3.064763663524681e-16
0.8923076923076922,15985527.113204608,0.0014384498882876629,8.08071187284153e-16
0.8923076923076922,6062815.188127943,0.002335721469090121,2.130601625684807e-15
0.8923076923076922,2299437.969758578,0.003792690190732246,5.617652715608002e-15
0.8923076923076922,872105.5837465044,0.00615848211066026,1.4811789252809806e-14
0.8923076923076922,330762.62981558003,0.01,3.905351866415339e-14
0.9461538461538462,27748603125242.293,1e-06,3.4922173007885886e-22
0.9461538461538462,10524185487962.87,1.6237767391887209e-06,9.207757884685903e-22
0.9461538461538462,3991497506564.354,2.6366508987303555e-06,2.4277643101948776e-21
0.9461538461538462,1513851343947.8809,4.281332398719396e-06,6.4011669503808205e-21
0.9461538461538462,574156914241.7972,6.951927961775606e-06,1.6877642592644807e-20
0.9461538461538462,217759929658.59674,1.1288378916846883e-05,4.450045151034889e-20
0.9461538461538462,82589594915.07077,1.8329807108324375e-05,1.173321554686796e-19
0.9461538461538462,31323674649.094357,2.9763514416313192e-05,3.093639331665457e-19
0.9461538461538462,11880099357.931313,4.8329302385717524e-05,8.156846924188978e-19
0.9461538461538462,4505753629.975518,7.847599703514606e-05,2.150675777350839e-18
0.9461538461538462,1708892759.4268837,0.00012742749857031334,5.670581221257256e-18
0.9461538461538462,648130080.569618,0.00020691380811147902,1.4951343073542665e-17
0.9461538461538462,245815659.88993818,0.0003359818286283781,3.9421472153412594e-17
0.9461538461538462,93230264.1997436,0.0005455594781168515,1.0394065999182533e-16
0.9461538461538462,35359350.85142383,0.0008858667904100823,2.7405523464647344e-16
0.9461538461538462,13410706.312935384,0.0014384498882876629,7.225879811807599e-16
0.9461538461538462,5086265.428836337,0.002335721469090121,1.9052122531170474e-15
0.9461538461538462,1929062.9003915994,0.003792690190732246,5.023379621285722e-15
0.9461538461538462,731633.7944140388,0.00615848211066026,1.3244898546471853e-14
0.9461538461538462,277486.03198300727,0.01,3.492217474637455e-14
1.0,23524659488313.836,1e-06,3.1442015450345912e-22
1.0,8922174528164.426,1.6237767391887209e-06,8.290161829504803e-22
1.0,3383904381297.041,2.6366508987303555e-06,2.185826263838408e-21
1.0,1283410095332.1125,4.281332398719396e-06,5.763260783017968e-21
1.0,486757687925.2857,6.951927961775606e-06,1.5195706723161897e-20
1.0,184612110825.7746,1.1288378916846883e-05,4.0065773788469764e-20
1.0,70017654181.92926,1.8329807108324375e-05,1.0563945846770631e-19
1.0,26555527019.388996,2.9763514416313192e-05,2.785343731103396e-19
1.0,10071688683.616581,4.8329302385717524e-05,7.343979051891842e-19
1.0,3819879487.44656,7.847599703514606e-05,1.9363508967463228e-18
1.0,1448761946.18218,0.00012742749857031334,5.105481332188372e-18
1.0,549470522.1995218,0.00020691380811147902,1.3461371943137987e-17
1.0,208397145.9646569,0.0003359818286283781,3.549293843321811e-17
1.0,79038581.12806676,0.0005455594781168515,9.358248802687238e-17
1.0,29976885.13377319,0.0008858667904100823,2.467443512195472e-16
1.0,11369303.819948979,0.0014384498882876629,6.505787158039644e-16
1.0,4312024.707729893,0.002335721469090121,1.71534895853723e-15
1.0,1635417.3815130661,0.003792690190732246,4.522776392849743e-15
1.0,620263.1464556208,0.00615848211066026,1.1924982579232784e-14
1.0,235246.59551978268,0.01,3.1442017017894407e-14
1.0538461538461539,19873509998882.805,1e-06,2.8026525717326708e-22
1.0538461538461539,7537406642818.215,1.6237767391887209e-06,7.389616422087874e-22
1.0538461538461539,2858704823777.679,2.6366508987303555e-06,1.9483838780570714e-21
1.0538461538461539,1084218174334.0533,4.281332398719396e-06,5.137208103150931e-21
1.0538461538461539,411210363441.0402,6.951927961775606e-06,1.3545024362137899e-20
1.0538461538461539,155959351175.0283,1.1288378916846883e-05,3.571350065775731e-20
1.0538461538461539,59150550135.44988,1.8329807108324375e-05,9.416403360609245e-20
1.0538461538461539,22433971127.51417,2.9763514416313192e-05,2.4827768383564646e-19
1.0538461538461539,8508510223.449809,4.8329302385717524e-05,6.546215782204152e-19
1.0538461538461539,3227014326.222772,7.847599703514606e-05,1.7260085725463973e-18
1.0538461538461539,1223906558.0421894,0.00012742749857031334,4.550882054043361e-18
1.0538461538461539,464189839.70636725,0.00020691380811147902,1.1999087257965756e-17
1.0538461538461539,176052825.1695923,0.0003359818286283781,3.163740420374433e-17
1.0538461538461539,66771382.307521135,0.0005455594781168515,8.341679023481947e-17
1.0538461538461539,25324316.670298416,0.0008858667904100823,2.1994095499400498e-16
1.0538461538461539,9604728.74259231,0.0014384498882876629,5.799075170149312e-16
1.0538461538461539,3642776.049008371,0.002335721469090121,1.52901367844018e-15
1.0538461538461539,1381592.0991480867,0.003792690190732246,4.0314753070391114e-15
1.0538461538461539,523995.0805384752,0.00615848211066026,1.062959311512997e-14
1.0538461538461539,198735.10052850752,0.01,2.80265271184114e-14
1.1076923076923075,17122291983562.22,1e-06,2.5409721067258857e-22
1.1076923076923075,6493954884890.986,1.6237767391887209e-06,6.699656388847554e-22
1.1076923076923075,2462955899098.3857,2.6366508987303555e-06,1.76646550388396e-21
1.1076923076923075,934122867871.6552,4.281332398719396e-06,4.657552858391827e-21
1.1076923076923075,354283863791.55115,6.951927961775606e-06,1.2280340929963072e-20
1.1076923076923075,134368893493.69414,1.1288378916846883e-05,3.2378971949703975e-20
1.1076923076923075,50961958429.30822,1.8329807108324375e-05,8.537204549116045e-20
1.1076923076923075,19328291983.534607,2.9763514416313192e-05,2.2509628047077837e-19
1.1076923076923075,7330622340.956419,4.8329302385717524e-05,5.935003102045605e-19
1.1076923076923075,2780277944.4511795,7.847599703514606e-05,1.564853126300544e-18
1.1076923076923075,1054473288.7432762,0.00012742749857031334,4.125971401861807e-18
1.1076923076923075,399929049.8609238,0.00020691380811147902,1.0878746204996427e-17
1.1076923076923075,151680698.43997008,0.0003359818286283781,2.868345595944656e-17
1.1076923076923075,57527789.70998463,0.0005455594781168515,7.56282599409878e-17
1.1076923076923075,21818508.37305882,0.0008858667904100823,1.9940531959014527e-16
1.1076923076923075,8275084.268583686,0.0014384498882876629,5.257622154378384e-16
1.1076923076923075,3138483.0935812723,0.002335721469090121,1.3862514201421444e-15
1.1076923076923075,1190329.4045650582,0.003792690190732246,3.655061068769432e-15
1.1076923076923075,451455.06592662976,0.00615848211066026,9.637120164112043e-15
1.1076923076923075,171222.9202917492,0.01,2.54097223392859e-14
1.1615384615384614,14854747693499.357,1e-06,2.3142551445827936e-22
1.1615384615384614,5633945586293.752,1.6237767391887209e-06,6.101882906855552e-22
1.1615384615384614,2136781016025.5605,2.6366508987303555e-06,1.6088535050308212e-21
1.1615384615384614,810414839922.3005,4.281332398719396e-06,4.241985039965008e-21
1.1615384615384614,307365241379.7165,6.951927961775606e-06,1.1184633668024578e-20
1.1615384615384614,116574113595.2905,1.1288378916846883e-05,2.9489974412768316e-20
1.1615384615384614,44212949712.616745,1.8329807108324375e-05,7.775476753896863e-20
1.1615384615384614,16768602067.838305,2.9763514416313192e-05,2.050121777122471e-19
1.1615384615384614,6359811257.498603,4.8329302385717524e-05,5.405455426160488e-19
1.1615384615384614,2412079377.122667,7.847599703514606e-05,1.4252298907459787e-18
1.1615384615384614,914826979.288375,0.00012742749857031334,3.757833672351426e-18
1.1615384615384614,346965531.05671835,0.00020691380811147902,9.908095529613857e-18
1.1615384615384614,131593276.6163858,0.0003359818286283781,2.6124188983759495e-17
1.1615384615384614,49909252.939198576,0.0005455594781168515,6.888036636885222e-17
1.1615384615384614,18929033.405186072,0.0008858667904100823,1.8161347993448041e-16
1.1615384615384614,7179195.931839743,0.0014384498882876629,4.788513453907834e-16
1.1615384615384614,2722846.599049141,0.002335721469090121,1.2625638322713424e-15
1.1615384615384614,1032691.3589517564,0.003792690190732246,3.328940077644854e-15
1.1615384615384614,391667.8389574844,0.00615848211066026,8.777252949919477e-15
1.1615384615384614,148547.47732569094,0.01,2.3142552606248477e-14
1.2153846153846153,12969440791851.455,1e-06,2.1166489683588522e-22
1.2153846153846153,4918907087053.773,1.6237767391887209e-06,5.580864404720033e-22
1.2153846153846153,1865589065819.2214,2.6366508987303555e-06,1.471479114839743e-21
1.2153846153846153,707560134986.9885,4.281332398719396e-06,3.879776730605168e-21
1.2153846153846153,268355638331.8344,6.951927961775606e-06,1.0229616803623342e-20
1.2153846153846153,101778979712.88423,1.1288378916846883e-05,2.6971928338941984e-20
1.2153846153846153,38601613797.979454,1.8329807108324375e-05,7.111555909536937e-20
1.2153846153846153,14640396199.803421,2.9763514416313192e-05,1.875069028025683e-19
1.2153846153846153,5552648705.543086,4.8329302385717524e-05,4.9439024379288965e-19
1.2153846153846153,2105947627.8098059,7.847599703514606e-05,1.3035344806224983e-18
1.2153846153846153,798720691.0192684,0.00012742749857031334,3.436965359876397e-18
1.2153846153846153,302930012.9966165,0.00020691380811147902,9.062077805141484e-18
1.2153846153846153,114891968.8773073,0.0003359818286283781,2.3893535590111505e-17
1.2153846153846153,43574964.335718974,0.0005455594781168515,6.299891209320877e-17
1.2153846153846153,16526633.979981113,0.0008858667904100823,1.661061382291285e-16
1.2153846153846153,6268040.25838551,0.0014384498882876629,4.3796389892124746e-16
1.2153846153846153,2377273.4805215728,0.002335721469090121,1.1547579096154404e-15
1.2153846153846153,901626.1812366984,0.003792690190732246,3.0446934935632077e-15
1.2153846153846153,341958.8775381065,0.00615848211066026,8.027793929959979e-15
1.2153846153846153,129694.40825658523,0.01,2.1166490746772097e-14
1.2692307692307694,11389333906807.895,1e-06,1.9434539672873644e-22
1.2692307692307694,4319621498732.452,1.6237767391887209e-06,5.124209649489291e-22
1.2692307692307694,1638298608591.873,2.6366508987303555e-06,1.3510751977608795e-21
1.2692307692307694,621355906229.667,4.281332398719396e-06,3.5623136344285244e-21
1.2692307692307694,235661045051.08133,6.951927961775606e-06,9.392577445775471e-21
1.2692307692307694,89378933390.29492,1.1288378916846883e-05,2.4764947763799627e-20
1.2692307692307694,33898660392.748413,1.8329807108324375e-05,6.529652177843918e-20
1.2692307692307694,12856711675.054316,2.9763514416313192e-05,1.7216413283113458e-19
1.2692307692307694,4876152425.5053625,4.8329302385717524e-05,4.539367155586672e-19
1.2692307692307694,1849373547.2731736,7.847599703514606e-05,1.1968726490467209e-18
1.2692307692307694,701410091.174488,0.00012742749857031334,3.155735345790508e-18
1.2692307692307694,266023117.24802372,0.00020691380811147902,8.320572435742363e-18
1.2692307692307694,100894326.72966719,0.0003359818286283781,2.1938444791405475e-17
1.2692307692307694,38266092.32901408,0.0005455594781168515,5.784402018124132e-17
1.2692307692307694,14513143.301583325,0.0008858667904100823,1.525144878333989e-16
1.2692307692307694,5504385.6238483945,0.0014384498882876629,4.0212746166804323e-16
1.2692307692307694,2087642.9363426464,0.002335721469090121,1.0602697349709589e-15
1.2692307692307694,791778.2888253956,0.003792690190732246,2.7955611618960526e-15
1.2692307692307694,300296.97510930774,0.00615848211066026,7.370918936247052e-15
1.2692307692307694,113893.33936319058,0.01,1.943454065082545e-14
1.323076923076923,10059302219042.102,1e-06,1.7915919500425833e-22
1.323076923076923,3815181685177.215,1.6237767391887209e-06,4.723802525237837e-22
1.323076923076923,1446980215323.2979,2.6366508987303555e-06,1.2455018173593153e-21
1.323076923076923,548794766884.0293,4.281332398719396e-06,3.2839534861107374e-21
1.323076923076923,208140852908.6254,6.951927961775606e-06,8.658638910542644e-21
1.323076923076923,78941377111.719,1.1288378916846883e-05,2.2829808065265078e-20
1.323076923076923,29940018661.45132,1.8329807108324375e-05,6.019423395312876e-20
1.323076923076923,11355321508.76287,2.9763514416313192e-05,1.5871118105094488e-19
1.323076923076923,4306721649.889765,4.8329302385717524e-05,4.184659781568265e-19
1.323076923076923,1633406095.57529,7.847599703514606e-05,1.10334869739734e-18
1.323076923076923,619500327.6172397,0.00012742749857031334,2.90914533462005e-18
1.323076923076923,234957281.57110325,0.00020691380811147902,7.670400661162953e-18
1.323076923076923,89112017.70575316,0.0003359818286283781,2.0224168797570738e-17
1.323076923076923,33797427.543063566,0.0005455594781168515,5.3324072841010083e-17
1.323076923076923,12818317.191620588,0.0008858667904100823,1.4059696461372806e-16
1.323076923076923,4861590.587598287,0.0014384498882876629,3.7070511334076194e-16
1.323076923076923,1843850.693456012,0.002335721469090121,9.774199718787265e-16
1.323076923076923,699315.4439861143,0.003792690190732246,2.5771152586402515e-15
1.323076923076923,265228.6826248079,0.00615848211066026,6.79495334251893e-15
1.323076923076923,100593.02245073662,0.01,1.791592040373034e-14
1.376923076923077,8922863085085.871,1e-06,1.65610137755018e-22
1.376923076923077,3384165529605.211,1.6237767391887209e-06,4.366561185506253e-22
1.376923076923077,1283509140794.7915,2.6366508987303555e-06,1.1513097474126237e-21
1.376923076923077,486795252800.757,4.281332398719396e-06,3.035601880232522e-21
1.376923076923077,184626358019.2459,6.951927961775606e-06,8.003822425702703e-21
1.376923076923077,70023057701.02165,1.1288378916846883e-05,2.1103285592008303e-20
1.376923076923077,26557576406.774384,1.8329807108324375e-05,5.564199692233761e-20
1.376923076923077,10072465952.759703,2.9763514416313192e-05,1.4670852119247264e-19
1.376923076923077,3820174281.551777,4.8329302385717524e-05,3.8681915425380825e-19
1.376923076923077,1448873752.4530532,7.847599703514606e-05,1.0199070707113284e-18
1.376923076923077,549512926.853957,0.00012742749857031334,2.6891388946257576e-18
1.376923076923077,208413228.736102,0.00020691380811147902,7.090320483417974e-18
1.376923076923077,79044680.82476987,0.0003359818286283781,1.8694699875531532e-17
1.376923076923077,29979198.559510812,0.0005455594781168515,4.9291397232774475e-17
1.376923076923077,11370181.230410758,0.0008858667904100823,1.2996420684449103e-16
1.376923076923077,4312357.4820859935,0.0014384498882876629,3.4267024299523165e-16
1.376923076923077,1635543.5922669515,0.002335721469090121,9.035018056662134e-16
1.376923076923077,620311.0140336117,0.003792690190732246,2.382218858424957e-15
1.376923076923077,235264.74995588957,0.00615848211066026,6.281079567845941e-15
1.376923076923077,89228.6310815142,0.01,1.6561014612081718e-14
1.4307692307692308,7951028930361.142,1e-06,1.5356569706150975e-22
1.4307692307692308,3015578943040.9023,1.6237767391887209e-06,4.0489913317138184e-22
1.4307692307692308,1143715667664.997,2.6366508987303555e-06,1.067577663371473e-21
1.4307692307692308,433775919373.98065,4.281332398719396e-06,2.8148296055928547e-21
1.4307692307692308,164517767438.55643,6.951927961775606e-06,7.421723009359289e-21
1.4307692307692308,62396492276.53837,1.1288378916846883e-05,1.9568492642755924e-20
1.4307692307692308,23665056419.33284,1.8329807108324375e-05,5.1595283713325947e-20
1.4307692307692308,8975422734.473032,2.9763514416313192e-05,1.3603875117302528e-19
1.4307692307692308,3404099776.271237,4.8329302385717524e-05,3.586866955427662e-19
1.4307692307692308,1291069582.9739068,7.847599703514606e-05,9.457315981672286e-19
1.4307692307692308,489662694.28991807,0.00012742749857031334,2.49356406827766e-18
1.4307692307692308,185713889.74021688,0.00020691380811147902,6.574657941751645e-18
1.4307692307692308,70435524.79017273,0.0003359818286283781,1.7335077771559743e-17
1.4307692307692308,26714012.395204093,0.0005455594781168515,4.570654839008612e-17
1.4307692307692308,10131797.27676643,0.0008858667904100823,1.2051221191939895e-16
1.4307692307692308,3842676.8147353563,0.0014384498882876629,3.177486320658551e-16
1.4307692307692308,1457408.2662674773,0.002335721469090121,8.377922177046352e-16
1.4307692307692308,552749.8036638553,0.003792690190732246,2.208965613524788e-15
1.4307692307692308,209640.87595595513,0.00615848211066026,5.824271238733307e-15
1.4307692307692308,79510.28950914624,0.01,1.5356570483350626e-14
1.4846153846153844,7115091437443.84,1e-06,1.428136211098248e-22
1.4846153846153844,2698533750095.6294,1.6237767391887209e-06,3.7654966245015533e-22
1.4846153846153844,1023470248334.7625,2.6366508987303555e-06,9.928300059158209e-22
1.4846153846153844,388170557136.55414,4.281332398719396e-06,2.617746127384421e-21
1.4846153846153844,147221066438.28842,6.951927961775606e-06,6.90208267941611e-21
1.4846153846153844,55836389454.96388,1.1288378916846883e-05,1.819838249979465e-20
1.4846153846153844,21177012657.174763,1.8329807108324375e-05,4.798278157352712e-20
1.4846153846153844,8031784817.388063,2.9763514416313192e-05,1.2651384415945682e-19
1.4846153846153844,3046207149.0981073,4.8329302385717524e-05,3.335728409051006e-19
1.4846153846153844,1155331997.3324,7.847599703514606e-05,8.795151307661233e-19
1.4846153846153844,438181633.3322827,0.00012742749857031334,2.3189743599929437e-18
1.4846153846153844,166188718.24995187,0.00020691380811147902,6.114325830487824e-18
1.4846153846153844,63030232.15180975,0.0003359818286283781,1.6121342696640867e-17
1.4846153846153844,23905414.32028845,0.0005455594781168515,4.2506352713697806e-17
1.4846153846153844,9066583.03990875,0.0008858667904100823,1.1207441311116857e-16
1.4846153846153844,3438674.056006094,0.0014384498882876629,2.955011022411295e-16
1.4846153846153844,1304182.536247968,0.002335721469090121,7.791332481022753e-16
1.4846153846153844,494636.0313292155,0.003792690190732246,2.0543023879372627e-15
1.4846153846153844,187600.12251460602,0.00615848211066026,5.4164783013044615e-15
1.4846153846153844,71150.91455848397,0.01,1.4281362835101408e-14
1.5384615384615385,6392138597550.423,1e-06,1.3317747559459014e-22
1.5384615384615385,2424340135673.0503,1.6237767391887209e-06,3.511425107171153e-22
1.5384615384615385,919477105156.5684,2.6366508987303555e-06,9.258402164647217e-22
1.5384615384615385,348729179733.019,4.281332398719396e-06,2.4411174388224213e-21
1.5384615384615385,132262173919.55281,6.951927961775606e-06,6.436374488977549e-21
1.5384615384615385,50162944962.96117,1.1288378916846883e-05,1.6970472580928652e-20
1.5384615384615385,19025250929.926514,1.8329807108324375e-05,4.4745211782388905e-20
1.5384615384615385,7215688257.8153,2.9763514416313192e-05,1.179775028599477e-19
1.5384615384615385,2736687007.4799013,4.8329302385717524e-05,3.1106548894586553e-19
1.5384615384615385,1037940596.8374457,7.847599703514606e-05,8.201711009946565e-19
1.5384615384615385,393658712.0189174,0.00012742749857031334,2.162504870560967e-18
1.5384615384615385,149302553.55714604,0.00020691380811147902,5.701770410547884e-18
1.5384615384615385,56625833.03284883,0.0003359818286283781,1.5033578077843643e-17
1.5384615384615385,21476424.148675192,0.0005455594781168515,3.963829715368514e-17
1.5384615384615385,8145342.32017097,0.0008858667904100823,1.0451235183948666e-16
1.5384615384615385,3089275.9918893157,0.0014384498882876629,2.7556258658060117e-16
1.5384615384615385,1171666.675192798,0.002335721469090121,7.265623427809171e-16
1.5384615384615385,444376.8706836666,0.003792690190732246,1.9156912625761325e-15
1.5384615384615385,168538.37994562153,0.00615848211066026,5.051009148844066e-15
1.5384615384615385,63921.386141022784,0.01,1.3317748235937513e-14
1.5923076923076924,5763735915576.257,1e-06,1.2450968885399885e-22
1.5923076923076924,2186006466897.7227,1.6237767391887209e-06,3.28288583017532e-22
1.5923076923076924,829084528388.0271,2.6366508987303555e-06,8.655823874560971e-22
1.5923076923076924,314446075810.5133,4.281332398719396e-06,2.2822385798112924e-21
1.5923076923076924,119259654724.0786,6.951927961775606e-06,6.017466402576595e-21
1.5923076923076924,45231492262.2129,1.1288378916846883e-05,1.5865958198434105e-20
1.5923076923076924,17154903701.507694,1.8329807108324375e-05,4.183299294312373e-20
1.5923076923076924,6506323499.16656,2.9763514416313192e-05,1.1029899844009772e-19
1.5923076923076924,2467646931.302068,4.8329302385717524e-05,2.908199533663492e-19
1.5923076923076924,935902031.0540829,7.847599703514606e-05,7.667906914135489e-19
1.5923076923076924,354958645.2666128,0.00012742749857031334,2.021759365663664e-18
1.5923076923076924,134624817.20192122,0.00020691380811147902,5.330673648563426e-18
1.5923076923076924,51059022.36317732,0.0003359818286283781,1.4055125466808518e-17
1.5923076923076924,19365105.326612525,0.0005455594781168515,3.70584591972056e-17
1.5923076923076924,7344584.501566454,0.0008858667904100823,9.771021977136534e-17
1.5923076923076924,2785573.3595019835,0.0014384498882876629,2.57627738938832e-16
1.5923076923076924,1056481.6757073146,0.002335721469090121,6.792744105504764e-16
1.5923076923076924,400690.76890687563,0.003792690190732246,1.791009493022506e-15
1.5923076923076924,151969.5949676263,0.00615848211066026,4.722266845309131e-15
1.5923076923076924,57637.35930520582,0.01,1.2450969518962798e-14
1.646153846153846,5214939212809.563,1e-06,1.1668610946162807e-22
1.646153846153846,1977864879768.7788,1.6237767391887209e-06,3.0766053538134944e-22
1.646153846153846,750142872809.2882,2.6366508987303555e-06,8.111934271171037e-22
1.646153846153846,284505951535.1489,4.281332398719396e-06,2.138833878652475e-21
1.646153846153846,107904293159.23055,6.951927961775606e-06,5.639358268384028e-21
1.646153846153846,40924755420.2912,1.1288378916846883e-05,1.4869019046597985e-20
1.646153846153846,15521491844.065525,1.8329807108324375e-05,3.9204412432455296e-20
1.646153846153846,5886820986.251884,2.9763514416313192e-05,1.033683492742569e-19
1.646153846153846,2232688820.9155116,4.8329302385717524e-05,2.725462510144372e-19
1.646153846153846,846789699.0044668,7.847599703514606e-05,7.18609317684161e-19
1.646153846153846,321161098.50281876,0.00012742749857031334,1.894721903317394e-18
1.646153846153846,121806454.79372708,0.00020691380811147902,4.995720209291431e-18
1.646153846153846,46197414.62648785,0.0003359818286283781,1.3171970180089441e-17
1.646153846153846,17521248.129190885,0.0005455594781168515,3.472988701655247e-17
1.646153846153846,6645266.590980581,0.0008858667904100823,9.157058783704942e-17
1.646153846153846,2520343.7415250554,0.0014384498882876629,2.414396728713321e-16
1.646153846153846,955888.2986593407,0.002335721469090121,6.365921315351302e-16
1.646153846153846,362538.81745992514,0.003792690190732246,1.6784712232094966e-15
1.646153846153846,137499.74175790884,0.00615848211066026,4.425542711642807e-15
1.646153846153846,52149.39226351589,0.01,1.1668611540933156e-14
1.7,4733548237110.594,1e-06,1.0960171516799703e-22
1.7,1795288196624.7305,1.6237767391887209e-06,2.889814608000873e-22
1.7,680897193287.6016,2.6366508987303555e-06,7.619432283349663e-22
1.7,258243210587.89972,4.281332398719396e-06,2.0089782977709024e-21
1.7,97943649161.99323,6.951927961775606e-06,5.296974434347484e-21
1.7,37146991742.12137,1.1288378916846883e-05,1.3966272402874728e-20
1.7,14088703119.555601,1.8329807108324375e-05,3.682418468295634e-20
1.7,5343408612.167816,2.9763514416313192e-05,9.709251963935579e-20
1.7,2026589342.8443887,4.8329302385717524e-05,2.5599907916728543e-19
1.7,768622552.1249199,7.847599703514606e-05,6.749802021618419e-19
1.7,291514721.382053,0.00012742749857031334,1.779687156664104e-18
1.7,110562502.42405169,0.00020691380811147902,4.69241374113894e-18
1.7,41932931.84072734,0.0003359818286283781,1.2372256908217492e-17
1.7,15903861.92617321,0.0005455594781168515,3.2621322299357225e-17
1.7,6031842.112291862,0.0008858667904100823,8.601103877912127e-17
1.7,2287690.841209649,0.0014384498882876629,2.26781082842133e-16
1.7,867650.2613645447,0.002335721469090121,5.97942546897262e-16
1.7,329072.8636025507,0.003792690190732246,1.5765657606965913e-15
1.7,124807.14225844195,0.00615848211066026,4.156853579219248e-15
1.7,47335.482494227326,0.01,1.096017207639251e-14
1.7538461538461538,4309537048073.161,1e-06,1.0316720528940088e-22
1.7538461538461538,1634473888882.429,1.6237767391887209e-06,2.7201590454579687e-22
1.7538461538461538,619905308537.2391,2.6366508987303555e-06,7.172109791896318e-22
1.7538461538461538,235110878287.20273,4.281332398719396e-06,1.891034972859624e-21
1.7538461538461538,89170272181.432,6.951927961775606e-06,4.985999060720915e-21
1.7538461538461538,33819521660.744286,1.1288378916846883e-05,1.3146338904519193e-20
1.7538461538461538,12826696805.796207,1.8329807108324375e-05,3.466230628761787e-20
1.7538461538461538,4864768715.48407,2.9763514416313192e-05,9.139240102533939e-20
1.7538461538461538,1845056058.739826,4.8329302385717524e-05,2.4096985630075875e-19
1.7538461538461538,699772601.5334344,7.847599703514606e-05,6.353533881835227e-19
1.7538461538461538,265402068.15797383,0.00012742749857031334,1.675205081973841e-18
1.7538461538461538,100658782.05034916,0.00020691380811147902,4.416930985002119e-18
1.7538461538461538,38176757.529410936,0.0003359818286283781,1.1645905051640112e-17
1.7538461538461538,14479261.379645474,0.0005455594781168515,3.070618602374754e-17
1.7538461538461538,5491535.260432388,0.0008858667904100823,8.096149299565776e-17
1.7538461538461538,2082769.1914996444,0.0014384498882876629,2.1346719340572753e-16
1.7538461538461538,789929.8282854449,0.002335721469090121,5.62838468291628e-16
1.7538461538461538,299595.91117997526,0.003792690190732246,1.4840085598900043e-15
1.7538461538461538,113627.44742114314,0.00615848211066026,3.912812549705925e-15
1.7538461538461538,43095.37059301899,0.01,1.0316721056537102e-14
1.8076923076923077,3934190750344.405,1e-06,9.729571154658846e-23
1.8076923076923077,1492116666730.0784,1.6237767391887209e-06,2.5653482529192113e-22
1.8076923076923077,565913624533.5276,2.6366508987303555e-06,6.763927776615834e-22
1.8076923076923077,214633505257.0036,4.281332398719396e-06,1.7834116251161392e-21
1.8076923076923077,81403838999.07187,6.951927961775606e-06,4.7022338641686846e-21
1.8076923076923077,30873954165.972775,1.1288378916846883e-05,1.2398149144001307e-20
1.8076923076923077,11709534311.44024,1.8329807108324375e-05,3.2689591083127343e-20
1.8076923076923077,4441063592.104279,2.9763514416313192e-05,8.619103970847909e-20
1.8076923076923077,1684357832.2192664,4.8329302385717524e-05,2.2725568231002806e-19
1.8076923076923077,638824742.7941693,7.847599703514606e-05,5.991938990054518e-19
1.8076923076923077,242286433.5593131,0.00012742749857031334,1.579865132334384e-18
1.8076923076923077,91891737.990854,0.00020691380811147902,4.165552821097115e-18
1.8076923076923077,34851689.32878852,0.0003359818286283781,1.0983108589836398e-17
1.8076923076923077,13218166.024837831,0.0005455594781168515,2.895862313690154e-17
1.8076923076923077,5013240.862250699,0.0008858667904100823,7.635377973838297e-17
1.8076923076923077,1901366.9442670627,0.0014384498882876629,2.0131826209729243e-16
1.8076923076923077,721129.5759138719,0.002335721469090121,5.308059775860179e-16
1.8076923076923077,273502.1069450255,0.003792690190732246,1.3995500641149636e-15
1.8076923076923077,103730.87587906953,0.00615848211066026,3.690124978334306e-15
1.8076923076923077,39341.907606064124,0.01,9.729571653000076e-15
1.8615384615384616,3601149781347.526,1e-06,9.193441806216021e-23
1.8615384615384616,1365804545107.4343,1.6237767391887209e-06,2.4239896600784607e-22
1.8615384615384616,518007350068.6494,2.6366508987303555e-06,6.391214515759003e-22
1.8615384615384616,196464139533.2567,4.281332398719396e-06,1.6851401496954524e-21
1.8615384615384616,74512761483.84363,6.951927961775606e-06,4.4431262901811654e-21
1.8615384615384616,28260381956.414646,1.1288378916846883e-05,1.1714972926179255e-20
1.8615384615384616,10718287343.244068,1.8329807108324375e-05,3.088829389441541e-20
1.8615384615384616,4065114326.8172045,2.9763514416313192e-05,8.144164785698007e-20
1.8615384615384616,1541771923.1525338,4.8329302385717524e-05,2.14733194016342e-19
1.8615384615384616,584746324.9287602,7.847599703514606e-05,5.661764689915029e-19
1.8615384615384616,221776165.06246197,0.00012742749857031334,1.492809695813914e-18
1.8615384615384616,84112828.57711963,0.00020691380811147902,3.936018026153112e-18
1.8615384615384616,31901389.985976685,0.0003359818286283781,1.0377905466436912e-17
1.8615384615384616,12099208.887111938,0.0005455594781168515,2.7362913777533417e-17
1.8615384615384616,4588855.086235141,0.0008858667904100823,7.214645122090164e-17
1.8615384615384616,1740410.5672837372,0.0014384498882876629,1.9022500557352323e-16
1.8615384615384616,660083.8086965502,0.002335721469090121,5.015569327547027e-16
1.8615384615384616,250349.33868866367,0.003792690190732246,1.322430543437659e-15
1.8615384615384616,94949.74816837077,0.00615848211066026,3.4867877224725413e-15
1.8615384615384616,36011.497907582794,0.01,9.193442277825155e-15
1.9153846153846155,3304600119419.9375,1e-06,8.7025879448176e-23
1.9153846153846155,1253332445721.663,1.6237767391887209e-06,2.294568632598323e-22
1.9153846153846155,475350167261.50183,2.6366508987303555e-06,6.049976447338898e-22
1.9153846153846155,180285591653.56262,4.281332398719396e-06,1.5951675837173621e-21
1.9153846153846155,68376739499.482834,6.951927961775606e-06,4.205900043233954e-21
1.9153846153846155,25933178917.39436,1.1288378916846883e-05,1.1089490128963425e-20
1.9153846153846155,9835651329.450624,1.8329807108324375e-05,2.9239114114995776e-20
1.9153846153846155,3730357831.6670585,2.9763514416313192e-05,7.709333650940422e-20
1.9153846153846155,1414809155.608542,4.8329302385717524e-05,2.0326821499378858e-19
1.9153846153846155,536593280.6235237,7.847599703514606e-05,5.359473217477072e-19
1.9153846153846155,203513207.18342066,0.00012742749857031334,1.4131059875653182e-18
1.9153846153846155,77186254.45695531,0.00020691380811147902,3.72586717216461e-18
1.9153846153846155,29274355.013879277,0.0003359818286283781,9.823811028380398e-18
1.9153846153846155,11102855.910168799,0.0005455594781168515,2.590196017931962e-17
1.9153846153846155,4210969.270014524,0.0008858667904100823,6.829442660225937e-17
1.9153846153846155,1597090.1844393604,0.0014384498882876629,1.800685613945248e-16
1.9153846153846155,605726.8276772638,0.002335721469090121,4.747779350381706e-16
1.9153846153846155,229733.41981299577,0.003792690190732246,1.2518236747333997e-15
1.9153846153846155,87130.76883439909,0.00615848211066026,3.300622056484907e-15
1.9153846153846155,33046.00128072004,0.01,8.702588391919566e-15
1.9692307692307693,3039684276467.191,1e-06,8.252104000901734e-23
1.9692307692307693,1152858073828.018,1.6237767391887209e-06,2.175791743039388e-22
1.9692307692307693,437243350791.4004,2.6366508987303555e-06,5.736803254734923e-22
1.9692307692307693,165832856750.9439,4.281332398719396e-06,1.5125947457436112e-21
1.9692307692307693,62895264910.04127,6.951927961775606e-06,3.988184295779747e-21
1.9692307692307693,23854225426.782047,1.1288378916846883e-05,1.051544970777051e-20
1.9692307692307693,9047168678.367228,1.8329807108324375e-05,2.772556992254977e-20
1.9692307692307693,3431310790.0343986,2.9763514416313192e-05,7.310264885412225e-20
1.9692307692307693,1301389877.4717693,4.8329302385717524e-05,1.927461648009299e-19
1.9692307692307693,493576862.2605924,7.847599703514606e-05,5.082043486501693e-19
1.9692307692307693,187198412.3868642,0.00012742749857031334,1.3399574526138861e-18
1.9692307692307693,70998558.23808011,0.00020691380811147902,3.533000021741624e-18
1.9692307692307693,26927553.53861917,0.0003359818286283781,9.315287682864813e-18
1.9692307692307693,10212786.816683097,0.0005455594781168515,2.4561161643220573e-17
1.9692307692307693,3873393.6380166095,0.0008858667904100823,6.475920893620268e-17
1.9692307692307693,1469058.205624285,0.0014384498882876629,1.707474265522975e-16
1.9692307692307693,557168.2646578641,0.002335721469090121,4.502013564387259e-16
1.9692307692307693,211316.66124481967,0.003792690190732246,1.187023816398546e-15
1.9692307692307693,80145.86287353231,0.00615848211066026,3.1297674497819415e-15
1.9692307692307693,30396.842844407805,0.01,8.252104425482972e-15
2.023076923076923,2802299872752.4365,1e-06,7.837727194734747e-23
2.023076923076923,1062825523887.8411,1.6237767391887209e-06,2.0665350452000673e-22
2.023076923076923,403096793890.92847,2.6366508987303555e-06,5.44873148418457e-22
2.023076923076923,152882125610.57394,4.281332398719396e-06,1.4366402764715678e-21
2.023076923076923,57983453814.15206,6.951927961775606e-06,3.787918876111022e-21
2.023076923076923,21991327650.571144,1.1288378916846883e-05,9.987419709016322e-21
2.023076923076923,8340629266.150029,1.8329807108324375e-05,2.6333339151777826e-20
2.023076923076923,3163342280.2262044,2.9763514416313192e-05,6.943182234112535e-20
2.023076923076923,1199757723.6142967,4.8329302385717524e-05,1.830674767763466e-19
2.023076923076923,455030934.960766,7.847599703514606e-05,4.826850271715738e-19
2.023076923076923,172579136.35058755,0.00012742749857031334,1.2726719107020292e-18
2.023076923076923,65453919.75623706,0.00020691380811147902,3.3555915371858846e-18
2.023076923076923,24824643.940491118,0.0003359818286283781,8.847523442602643e-18
2.023076923076923,9415218.356197637,0.0005455594781168515,2.3327830638628882e-17
2.023076923076923,3570900.6303607747,0.0008858667904100823,6.150734563374501e-17
2.023076923076923,1354331.979330378,0.0014384498882876629,1.6217339824797181e-16
2.023076923076923,513656.1613456328,0.002335721469090121,4.2759463696708607e-16
2.023076923076923,194813.86850000735,0.003792690190732246,1.1274177889257405e-15
2.023076923076923,73886.86485346596,0.00615848211066026,2.972607162046198e-15
2.023076923076923,28022.998801173948,0.01,7.837727598574331e-15
2.076923076923077,2588966308929.9146,1e-06,7.455739532980259e-23
2.076923076923077,981914712401.4769,1.6237767391887209e-06,1.965818234033179e-22
2.076923076923077,372409829786.0765,2.6366508987303555e-06,5.183176413504138e-22
2.076923076923077,141243510836.19144,4.281332398719396e-06,1.3666226748943697e-21
2.076923076923077,53569287805.30086,6.951927961775606e-06,3.603306903985558e-21
2.076923076923077,20317171238.36779,1.1288378916846883e-05,9.500662386795321e-21
2.076923076923077,7705673605.918514,1.8329807108324375e-05,2.5049930020680123e-20
2.076923076923077,2922523269.8152,2.9763514416313192e-05,6.604792050217692e-20
2.076923076923077,1108422533.761527,4.8329302385717524e-05,1.7414530895146166e-19
2.076923076923077,420390327.0984359,7.847599703514606e-05,4.591603853574239e-19
2.076923076923077,159441026.98653796,0.00012742749857031334,1.210645642720138e-18
2.076923076923077,60471041.905253835,0.00020691380811147902,3.192049921964433e-18
2.076923076923077,22934792.745783612,0.0003359818286283781,8.416321295834515e-18
2.076923076923077,8698456.347383171,0.0005455594781168515,2.2190901110716233e-17
2.076923076923077,3299055.006365371,0.0008858667904100823,5.850965937147143e-17
2.076923076923077,1251229.3561749032,0.0014384498882876629,1.5426954606549645e-16
2.076923076923077,474552.5305941897,0.002335721469090121,4.0675493797230404e-16
2.076923076923077,179983.072819315,0.003792690190732246,1.0724707776013883e-15
2.076923076923077,68262.00352018041,0.00615848211066026,2.8277310735664442e-15
2.076923076923077,25889.663157472824,0.01,7.455739917676166e-15
2.1307692307692303,2396717683874.4253,1e-06,7.102886799316793e-23
2.1307692307692303,909000764958.5049,1.6237767391887209e-06,1.8727832862998546e-22
2.1307692307692303,344755828462.62396,2.6366508987303555e-06,4.937875734949739e-22
2.1307692307692303,130755204880.79594,4.281332398719396e-06,1.3019454494374075e-21
2.1307692307692303,49591398293.85812,6.951927961775606e-06,3.43277563935707e-21
2.1307692307692303,18808480985.38122,1.1288378916846883e-05,9.051030974650965e-21
2.1307692307692303,7133474133.582964,1.8329807108324375e-05,2.3864408953752196e-20
2.1307692307692303,2705505737.228275,2.9763514416313192e-05,6.292211531559679e-20
2.1307692307692303,1026114507.0555897,4.8329302385717524e-05,1.6590365189700345e-19
2.1307692307692303,389173442.54781896,7.847599703514606e-05,4.374300128777188e-19
2.1307692307692303,147601429.80450037,0.00012742749857031334,1.1533502365914974e-18
2.1307692307692303,55980649.49579724,0.00020691380811147902,3.040981937900278e-18
2.1307692307692303,21231726.021392114,0.0003359818286283781,8.018007759868823e-18
2.1307692307692303,8052535.901403885,0.0005455594781168515,2.114068736804144e-17
2.1307692307692303,3054077.3924164143,0.0008858667904100823,5.574061236233271e-17
2.1307692307692303,1158316.9368345255,0.0014384498882876629,1.469685357756556e-16
2.1307692307692303,439313.728448187,0.002335721469090121,3.875047225981174e-16
2.1307692307692303,166618.0868930267,0.003792690190732246,1.021714679711878e-15
2.1307692307692303,63193.078414927964,0.00615848211066026,2.6939049608881416e-15
2.1307692307692303,23967.176901977862,0.01,7.102887166308385e-15
2.184615384615385,2223016298493.079,1e-06,6.776311300491567e-23
2.184615384615385,843121210913.2623,1.6237767391887209e-06,1.7866767280517713e-22
2.184615384615385,319769754622.9033,2.6366508987303555e-06,4.710842800758352e-22
2.184615384615385,121278761165.11401,4.281332398719396e-06,1.242084790439696e-21
2.184615384615385,45997276781.5088,6.951927961775606e-06,3.274943979012162e-21
2.184615384615385,17445342044.96252,1.1288378916846883e-05,8.634883985554438e-21
2.184615384615385,6616477764.78984,1.8329807108324375e-05,2.276717462094677e-20
2.184615384615385,2509425031.571686,2.9763514416313192e-05,6.002909142588687e-20
2.184615384615385,951747170.1620265,4.8329302385717524e-05,1.582757578581459e-19
2.184615384615385,360968215.6331063,7.847599703514606e-05,4.1731791920470764e-19
2.184615384615385,136904061.05981666,0.00012742749857031334,1.100321666732942e-18
2.184615384615385,51923468.94533379,0.00020691380811147902,2.9011641115225302e-18
2.184615384615385,19692963.133812107,0.0003359818286283781,7.64935696227884e-18
2.184615384615385,7468930.810442372,0.0005455594781168515,2.0168683911170723e-17
2.184615384615385,2832734.062038534,0.0008858667904100823,5.3177778573597366e-17
2.184615384615385,1074368.2690409427,0.0014384498882876629,1.40211237759057e-16
2.184615384615385,407474.5995588453,0.002335721469090121,3.6968808668016255e-16
2.184615384615385,154542.49170825424,0.003792690190732246,9.747384304003712e-16
2.184615384615385,58613.17927170508,0.00615848211066026,2.570044989474771e-15
2.184615384615385,22230.16304369631,0.01,6.7763116510787534e-15
2.2384615384615385,2065682433067.9778,1e-06,6.473495884130314e-23
2.2384615384615385,783449350106.4851,1.6237767391887209e-06,1.7068348740819409e-22
2.2384615384615385,297138066508.44257,2.6366508987303555e-06,4.500327704732494e-22
2.2384615384615385,112695263013.97139,4.281332398719396e-06,1.1865793087264088e-21
2.2384615384615385,42741821857.508095,6.951927961775606e-06,3.1285954007683594e-21
2.2384615384615385,16210648849.299673,1.1288378916846883e-05,8.249013875199986e-21
2.2384615384615385,6148196887.61441,1.8329807108324375e-05,2.1749769847687465e-20
2.2384615384615385,2331820602.634607,2.9763514416313192e-05,5.734655021609932e-20
2.2384615384615385,884387312.6159978,4.8329302385717524e-05,1.5120283316647345e-19
2.2384615384615385,335420708.5367095,7.847599703514606e-05,3.9866908595972297e-19
2.2384615384615385,127214683.10359748,0.00012742749857031334,1.0511512037970386e-18
2.2384615384615385,48248588.072446264,0.00020691380811147902,2.7715187662299137e-18
2.2384615384615385,18299194.669938594,0.0003359818286283781,7.307527446085188e-18
2.2384615384615385,6940317.612331367,0.0005455594781168515,1.9267398810005034e-17
2.2384615384615385,2632247.4529193062,0.0008858667904100823,5.080140440103206e-17
2.2384615384615385,998329.9094604702,0.0014384498882876629,1.3394556865731352e-16
2.2384615384615385,378635.6055063162,0.002335721469090121,3.531677045845192e-16
2.2384615384615385,143604.7547203855,0.003792690190732246,9.311799499092284e-16
2.2384615384615385,54464.83449092507,0.00615848211066026,2.4551964813970947e-15
2.2384615384615385,20656.82438539447,0.01,6.473496219490079e-15
2.292307692307692,1922837092861.743,1e-06,6.192217338901505e-23
2.292307692307692,729272538047.2852,1.6237767391887209e-06,1.6326715411748293e-22
2.292307692307692,276590480142.2355,2.6366508987303555e-06,4.304784886370124e-22
2.292307692307692,104902200088.53764,4.281332398719396e-06,1.1350214939488664e-21
2.292307692307692,39786154526.20291,6.951927961775606e-06,2.992655442098579e-21
2.292307692307692,15089655799.84876,1.1288378916846883e-05,7.89058766099992e-21
2.292307692307692,5723038953.361259,1.8329807108324375e-05,2.0804725047888223e-20
2.292307692307692,2170571369.9592147,2.9763514416313192e-05,5.485479699536763e-20
2.292307692307692,823230474.3128891,4.8329302385717524e-05,1.4463294979761227e-19
2.292307692307692,312225814.46386725,7.847599703514606e-05,3.8134659707062926e-19
2.292307692307692,118417578.38108097,0.00012742749857031334,1.005477847899138e-18
2.292307692307692,44912118.79365074,0.00020691380811147902,2.651094071352123e-18
2.292307692307692,17033775.23939958,0.0003359818286283781,6.99000956609548e-18
2.292307692307692,6460383.226192358,0.0005455594781168515,1.8430215006291763e-17
2.292307692307692,2450223.2090665787,0.0008858667904100823,4.859404297204407e-17
2.292307692307692,929293.7530446241,0.0014384498882876629,1.2812552715809572e-16
2.292307692307692,352452.3301796154,0.002335721469090121,3.378222869094952e-16
2.292307692307692,133674.24956882573,0.003792690190732246,8.907194404271085e-16
2.292307692307692,50698.50154091084,0.00615848211066026,2.348516241458844e-15
2.292307692307692,19228.37097965161,0.01,6.1922176601022126e-15
2.3461538461538463,1792855232220.9043,1e-06,5.930507949852297e-23
2.3461538461538463,679974445264.7216,1.6237767391887209e-06,1.5636679115905538e-22
2.3461538461538463,257893240850.4116,2.6366508987303555e-06,4.12284640441108e-22
2.3461538461538463,97810916482.95024,4.281332398719396e-06,1.0870506677517725e-21
2.3461538461538463,37096650349.14177,6.951927961775606e-06,2.866173120093173e-21
2.3461538461538463,14069610188.821444,1.1288378916846883e-05,7.55709793301085e-21
2.3461538461538463,5336167255.056973,1.8329807108324375e-05,1.9925429056868393e-20
2.3461538461538463,2023842920.4361541,2.9763514416313192e-05,5.2536400430394566e-20
2.3461538461538463,767580919.1921407,4.8329302385717524e-05,1.3852014741095847e-19
2.3461538461538463,291119662.28135765,7.847599703514606e-05,3.6522927116406733e-19
2.3461538461538463,110412668.74640831,0.00012742749857031334,9.62982086062263e-19
2.3461538461538463,41876104.56873654,0.00020691380811147902,2.5390475827112417e-18
2.3461538461538463,15882309.102421934,0.0003359818286283781,6.694582091110808e-18
2.3461538461538463,6023667.793922741,0.0005455594781168515,1.7651275888793517e-17
2.3461538461538463,2284590.5754534695,0.0008858667904100823,4.654025244734725e-17
2.3461538461538463,866474.4265655923,0.0014384498882876629,1.227103985219468e-16
2.3461538461538463,328626.9058449999,0.002335721469090121,3.2354448310053753e-16
2.3461538461538463,124638.0042503592,0.003792690190732246,8.530738560166606e-16
2.3461538461538463,47271.333640794976,0.00615848211066026,2.249257976326443e-15
2.3461538461538463,17928.552369892717,0.01,5.930508257866191e-15
2.4,1674327753607.377,1e-06,5.686625121219174e-23
2.4,635020644717.7466,1.6237767391887209e-06,1.499364523660512e-22
2.4,240843657013.34702,2.6366508987303555e-06,3.9533008188339293e-22
2.4,91344537545.46005,4.281332398719396e-06,1.0423474156929959e-21
2.4,34644153152.56408,6.951927961775606e-06,2.7483062503762282e-21
2.4,13139453982.795595,1.1288378916846883e-05,7.246324145041125e-21
2.4,4983387823.212678,1.8329807108324375e-05,1.9106027069516116e-20
2.4,1890044611.3713546,2.9763514416313192e-05,5.037592344402009e-20
2.4,716835365.7594763,4.8329302385717524e-05,1.328237238231439e-19
2.4,271873446.00862086,7.847599703514606e-05,3.5020979079167903e-19
2.4,103113175.17977452,0.00012742749857031334,9.233809596397474e-19
2.4,39107632.803986154,0.00020691380811147902,2.4346332371372282e-18
2.4,14832313.531871242,0.0003359818286283781,6.41927791300332e-18
2.4,5625437.003846859,0.0005455594781168515,1.6925394880096632e-17
2.4,2133553.974334743,0.0008858667904100823,4.462635763293928e-17
2.4,809190.9230132499,0.0014384498882876629,1.176641260362886e-16
2.4,306901.04764173535,0.002335721469090121,3.102392241938684e-16
2.4,116398.05931919227,0.003792690190732246,8.179925330080306e-16
2.4,44146.1778076409,0.00615848211066026,2.1567607734019826e-15
2.4,16743.27758070234,0.01,5.686625416933448e-15
