#  m  [GeV] ,  tau  [ps] ,  c ,  c_eff(theo) ,  c_eff(exp)^upper ,    c_eff(exp)^lower ,                c_eff(exp)^upper  converted ,    c_eff(exp)^lower  converted ,  allowed/excluded  (1/0)
0.020924,4399778.641896876,0.001,0.002145919328146128,0.0012082,7.8008e-06,41.38085,0.2671774,1
0.020924,1309529.1552180317,0.0018329807108324356,0.003933428131138373,0.0012082,7.8008e-06,41.38085,0.2671774,1
0.020924,389762.01614157023,0.003359818286283781,0.007209896816418348,0.0012082,7.8008e-06,41.38085,0.2671774,1
0.020924,116006.90118925982,0.006158482110660267,0.013215600251605225,0.0012082,7.8008e-06,41.38085,0.2671774,1
0.020924,34527.736241653714,0.011288378916846888,0.024223938444305697,0.0012082,7.8008e-06,41.38085,0.2671774,1
0.020924,10276.668756717445,0.02069138081114789,0.04440200977272373,0.0012082,7.8008e-06,41.38085,0.2671774,1
0.020924,3058.6979608348734,0.0379269019073225,0.08138802515632057,0.0012082,7.8008e-06,41.38085,0.2671774,1
0.020924,910.3760378018525,0.06951927961775606,0.14918267784258665,0.0012082,7.8008e-06,41.38085,0.2671774,1
0.020924,270.95990810250436,0.12742749857031335,0.27344896846783723,0.0012082,7.8008e-06,41.38085,0.2671774,0
0.020924,80.64719210636234,0.23357214690901212,0.5012266821649949,0.0012082,7.8008e-06,41.38085,0.2671774,0
0.020924,24.003438778918113,0.42813323987193913,0.9187388377153042,0.0012082,7.8008e-06,41.38085,0.2671774,0
0.020924,7.144266982549347,0.7847599703514607,1.6840305653693686,0.0012082,7.8008e-06,41.38085,0.2671774,0
0.020924,2.126384936735365,1.438449888287663,3.086795540314678,0.0012082,7.8008e-06,41.38085,0.2671774,0
0.020924,0.6328868877513696,2.636650898730358,5.658036681218463,0.0012082,7.8008e-06,41.38085,0.2671774,0
0.020924,0.18836938016578553,4.832930238571752,10.371072095392627,0.0012082,7.8008e-06,41.38085,0.2671774,0
0.020924,0.05606534763633593,8.858667904100823,19.00997509904334,0.0012082,7.8008e-06,41.38085,0.2671774,0
0.020924,0.016687017828696048,16.23776739188721,34.844917667487124,0.0012082,7.8008e-06,41.38085,0.2671774,0
0.020924,0.004966642957486285,29.763514416313193,63.870061952583846,0.0012082,7.8008e-06,41.38085,0.2671774,1
0.020924,0.0014782474927215012,54.555947811685144,117.0725915562942,0.0012082,7.8008e-06,41.38085,0.2671774,1
0.020924,0.00043997840561522435,100.0,214.59180208738715,0.0012082,7.8008e-06,41.38085,0.2671774,1
0.022633,4065574.703180533,0.001,0.0021404175186348876,0.00094152,7.622672281959379e-06,32.247060000000005,0.2610765256571087,1
0.022633,1210058.2885144455,0.0018329807108324356,0.003923343419940537,0.00094152,7.622672281959379e-06,32.247060000000005,0.2610765256571087,1
0.022633,360155.9819631266,0.003359818286283781,0.007191411734481937,0.00094152,7.622672281959379e-06,32.247060000000005,0.2610765256571087,1
0.022633,107195.10298298865,0.006158482110660267,0.013181717451829823,0.00094152,7.622672281959379e-06,32.247060000000005,0.2610765256571087,1
0.022633,31905.035021341835,0.011288378916846888,0.0241618319245256,0.00094152,7.622672281959379e-06,32.247060000000005,0.2610765256571087,1
0.022633,9496.060629614336,0.02069138081114789,0.04428816971846001,0.00094152,7.622672281959379e-06,32.247060000000005,0.2610765256571087,1
0.022633,2826.3615360465506,0.0379269019073225,0.08117935853117521,0.00094152,7.622672281959379e-06,32.247060000000005,0.2610765256571087,1
0.022633,841.2245504399732,0.06951927961775606,0.14880019594210325,0.00094152,7.622672281959379e-06,32.247060000000005,0.2610765256571087,1
0.022633,250.37799484891477,0.12742749857031335,0.27274788652039095,0.00094152,7.622672281959379e-06,32.247060000000005,0.2610765256571087,0
0.022633,74.52129133160935,0.23357214690901212,0.49994161247698443,0.00094152,7.622672281959379e-06,32.247060000000005,0.2610765256571087,0
0.022633,22.180155409490425,0.42813323987193913,0.9163833297634709,0.00094152,7.622672281959379e-06,32.247060000000005,0.2610765256571087,0
0.022633,6.6015937725401646,0.7847599703514607,1.679712964727808,0.00094152,7.622672281959379e-06,32.247060000000005,0.2610765256571087,0
0.022633,1.9648663173969434,1.438449888287663,3.07888146161998,0.00094152,7.622672281959379e-06,32.247060000000005,0.2610765256571087,0
0.022633,0.5848132701599126,2.636650898730358,5.643530327625432,0.00094152,7.622672281959379e-06,32.247060000000005,0.2610765256571087,0
0.022633,0.17406098205706977,4.832930238571752,10.344482229070442,0.00094152,7.622672281959379e-06,32.247060000000005,0.2610765256571087,0
0.022633,0.05180666550145896,8.858667904100823,18.961236386969528,0.00094152,7.622672281959379e-06,32.247060000000005,0.2610765256571087,0
0.022633,0.015419484357367137,16.23776739188721,34.755580548383364,0.00094152,7.622672281959379e-06,32.247060000000005,0.2610765256571087,1
0.022633,0.004589380449988129,29.763514416313193,63.70630873650368,0.00094152,7.622672281959379e-06,32.247060000000005,0.2610765256571087,1
0.022633,0.0013659609119104639,54.555947811685144,116.77243506988081,0.00094152,7.622672281959379e-06,32.247060000000005,0.2610765256571087,1
0.022633,0.00040655797294721893,100.0,214.0416210375585,0.00094152,7.622672281959379e-06,32.247060000000005,0.2610765256571087,1
0.024361,3775374.9075607257,0.001,0.002135817666024215,0.00077635,7.140895898004435e-06,26.5899875,0.2445756845066519,1
0.024361,1123684.6052432053,0.0018329807108324356,0.003914911977893672,0.00077635,7.140895898004435e-06,26.5899875,0.2445756845066519,1
0.024361,334448.1310077567,0.003359818286283781,0.007175957062211982,0.00077635,7.140895898004435e-06,26.5899875,0.2445756845066519,1
0.024361,99543.54136841657,0.006158482110660267,0.013153389333382327,0.00077635,7.140895898004435e-06,26.5899875,0.2445756845066519,1
0.024361,29627.661039567167,0.011288378916846888,0.024109907027077843,0.00077635,7.140895898004435e-06,26.5899875,0.2445756845066519,1
0.024361,8818.234034675115,0.02069138081114789,0.04419299237996965,0.00077635,7.140895898004435e-06,26.5899875,0.2445756845066519,1
0.024361,2624.6165090887052,0.0379269019073225,0.08100490030238525,0.00077635,7.140895898004435e-06,26.5899875,0.2445756845066519,1
0.024361,781.1781384654797,0.06951927961775606,0.14848041737056034,0.00077635,7.140895898004435e-06,26.5899875,0.2445756845066519,1
0.024361,232.50607206788015,0.12742749857031335,0.27216173856363723,0.00077635,7.140895898004435e-06,26.5899875,0.2445756845066519,0
0.024361,69.20197896955152,0.23357214690901212,0.49886721457515404,0.00077635,7.140895898004435e-06,26.5899875,0.2445756845066519,0
0.024361,20.596941099815698,0.42813323987193913,0.914413979130234,0.00077635,7.140895898004435e-06,26.5899875,0.2445756845066519,0
0.024361,6.130373551944923,0.7847599703514607,1.6761031830007878,0.00077635,7.140895898004435e-06,26.5899875,0.2445756845066519,0
0.024361,1.8246146188970134,1.438449888287663,3.0722648013405998,0.00077635,7.140895898004435e-06,26.5899875,0.2445756845066519,0
0.024361,0.5430694356235526,2.636650898730358,5.631402116959759,0.00077635,7.140895898004435e-06,26.5899875,0.2445756845066519,0
0.024361,0.16163654984136075,4.832930238571752,10.322251452859913,0.00077635,7.140895898004435e-06,26.5899875,0.2445756845066519,0
0.024361,0.04810871782688867,8.858667904100823,18.920487802985352,0.00077635,7.140895898004435e-06,26.5899875,0.2445756845066519,0
0.024361,0.014318845167992094,16.23776739188721,34.68088917994319,0.00077635,7.140895898004435e-06,26.5899875,0.2445756845066519,1
0.024361,0.0042617915461630905,29.763514416313193,63.569400898883714,0.00077635,7.140895898004435e-06,26.5899875,0.2445756845066519,1
0.024361,0.0012684589412903903,54.555947811685144,116.52148564435821,0.00077635,7.140895898004435e-06,26.5899875,0.2445756845066519,1
0.024361,0.0003775379598648961,100.0,213.58163558117766,0.00077635,7.140895898004435e-06,26.5899875,0.2445756845066519,1
0.026239,3503336.7758508716,0.001,0.0021316935771426887,0.00063728,6.6449504634397536e-06,21.82684,0.22758955337281156,1
0.026239,1042716.4731259664,0.0018329807108324356,0.003907352601053576,0.00063728,6.6449504634397536e-06,21.82684,0.22758955337281156,1
0.026239,310349.1625416966,0.003359818286283781,0.007162100867705135,0.00063728,6.6449504634397536e-06,21.82684,0.22758955337281156,1
0.026239,92370.8398403777,0.006158482110660267,0.01312799119250572,0.00063728,6.6449504634397536e-06,21.82684,0.22758955337281156,1
0.026239,27492.81267175554,0.011288378916846888,0.02406335272036402,0.00063728,6.6449504634397536e-06,21.82684,0.22758955337281156,1
0.026239,8182.828075618594,0.02069138081114789,0.044107659228867765,0.00063728,6.6449504634397536e-06,21.82684,0.22758955337281156,1
0.026239,2435.4973549401934,0.0379269019073225,0.08084848627724255,0.00063728,6.6449504634397536e-06,21.82684,0.22758955337281156,1
0.026239,724.8896300881936,0.06951927961775606,0.14819371347422863,0.00063728,6.6449504634397536e-06,21.82684,0.22758955337281156,1
0.026239,215.75263348619444,0.12742749857031335,0.271636215846509,0.00063728,6.6449504634397536e-06,21.82684,0.22758955337281156,0
0.026239,64.21556681676685,0.23357214690901212,0.4979039415660722,0.00063728,6.6449504634397536e-06,21.82684,0.22758955337281156,0
0.026239,19.112809592468057,0.42813323987193913,0.9126483182798131,0.00063728,6.6449504634397536e-06,21.82684,0.22758955337281156,0
0.026239,5.688643855593686,0.7847599703514607,1.6728667607145702,0.00063728,6.6449504634397536e-06,21.82684,0.22758955337281156,0
0.026239,1.6931403368464186,1.438449888287663,3.066332501712324,0.00063728,6.6449504634397536e-06,21.82684,0.22758955337281156,0
0.026239,0.5039380686998314,2.636650898730358,5.620528326164714,0.00063728,6.6449504634397536e-06,21.82684,0.22758955337281156,0
0.026239,0.14998967980054448,4.832930238571752,10.30232000407343,0.00063728,6.6449504634397536e-06,21.82684,0.22758955337281156,0
0.026239,0.04464219998240068,8.858667904100823,18.883953841815245,0.00063728,6.6449504634397536e-06,21.82684,0.22758955337281156,0
0.026239,0.013287087629467367,16.23776739188721,34.61392313382254,0.00063728,6.6449504634397536e-06,21.82684,0.22758955337281156,1
0.026239,0.003954704242420722,29.763514416313193,63.446653428058305,0.00063728,6.6449504634397536e-06,21.82684,0.22758955337281156,1
0.026239,0.0011770589673667637,54.555947811685144,116.29649189802622,0.00063728,6.6449504634397536e-06,21.82684,0.22758955337281156,1
0.026239,0.0003503341154490468,100.0,213.16922638408766,0.00063728,6.6449504634397536e-06,21.82684,0.22758955337281156,1
0.028262,3250722.9988542823,0.001,0.002128067988587559,0.00052746,6.2524774378585095e-06,18.065504999999998,0.21414735224665396,1
0.028262,967529.7134332495,0.0018329807108324356,0.003900706965106947,0.00052746,6.2524774378585095e-06,18.065504999999998,0.21414735224665396,1
0.028262,287970.93421506876,0.003359818286283781,0.00714991954158979,0.00052746,6.2524774378585095e-06,18.065504999999998,0.21414735224665396,1
0.028262,85710.29117414163,0.006158482110660267,0.013105663051604313,0.00052746,6.2524774378585095e-06,18.065504999999998,0.21414735224665396,1
0.028262,25510.39901936347,0.011288378916846888,0.024022425662574082,0.00052746,6.2524774378585095e-06,18.065504999999998,0.21414735224665396,1
0.028262,7592.792049557097,0.02069138081114789,0.04403264071446857,0.00052746,6.2524774378585095e-06,18.065504999999998,0.21414735224665396,1
0.028262,2259.8818881192815,0.0379269019073225,0.08071097878005581,0.00052746,6.2524774378585095e-06,18.065504999999998,0.21414735224665396,1
0.028262,672.6202937667222,0.06951927961775606,0.14794166487671584,0.00052746,6.2524774378585095e-06,18.065504999999998,0.21414735224665396,1
0.028262,200.19544178051055,0.12742749857031335,0.27117421562136923,0.00052746,6.2524774378585095e-06,18.065504999999998,0.21414735224665396,0
0.028262,59.585199778946325,0.23357214690901212,0.49705710405721204,0.00052746,6.2524774378585095e-06,18.065504999999998,0.21414735224665396,0
0.028262,17.7346496248246,0.42813323987193913,0.9110960814530443,0.00052746,6.2524774378585095e-06,18.065504999999998,0.21414735224665396,0
0.028262,5.278455013834502,0.7847599703514607,1.6700215405446193,0.00052746,6.2524774378585095e-06,18.065504999999998,0.21414735224665396,0
0.028262,1.5710537216148137,1.438449888287663,3.0611172680148804,0.00052746,6.2524774378585095e-06,18.065504999999998,0.21414735224665396,0
0.028262,0.46760080134564747,2.636650898730358,5.610968903386959,0.00052746,6.2524774378585095e-06,18.065504999999998,0.21414735224665396,0
0.028262,0.13917443198832177,4.832930238571752,10.284797766507248,0.00052746,6.2524774378585095e-06,18.065504999999998,0.21414735224665396,0
0.028262,0.04142320213987569,8.858667904100823,18.851835918337944,0.00052746,6.2524774378585095e-06,18.065504999999998,0.21414735224665396,1
0.028262,0.012329000742420913,16.23776739188721,34.555051599608795,0.00052746,6.2524774378585095e-06,18.065504999999998,0.21414735224665396,1
0.028262,0.003669543913653431,29.763514416313193,63.33874304141954,0.00052746,6.2524774378585095e-06,18.065504999999998,0.21414735224665396,1
0.028262,0.0010921852318011896,54.555947811685144,116.09869424081101,0.00052746,6.2524774378585095e-06,18.065504999999998,0.21414735224665396,1
0.028262,0.0003250727089277853,100.0,212.8066670937565,0.00052746,6.2524774378585095e-06,18.065504999999998,0.21414735224665396,1
0.030358,3024462.38535181,0.001,0.0021250305248326135,0.00047986,5.854844829116733e-06,16.435205,0.2005284353972481,1
0.030358,900186.5837549437,0.0018329807108324356,0.0038951393500191787,0.00047986,5.854844829116733e-06,16.435205,0.2005284353972481,1
0.030358,267927.24653252837,0.003359818286283781,0.007139714205932708,0.00047986,5.854844829116733e-06,16.435205,0.2005284353972481,1
0.030358,79744.58401065232,0.006158482110660267,0.013086956861701173,0.00047986,5.854844829116733e-06,16.435205,0.2005284353972481,1
0.030358,23734.794650204236,0.011288378916846888,0.02398813756938753,0.00047986,5.854844829116733e-06,16.435205,0.2005284353972481,1
0.030358,7064.309740246437,0.02069138081114789,0.04396979129220975,0.00047986,5.854844829116733e-06,16.435205,0.2005284353972481,1
0.030358,2102.5869716838306,0.0379269019073225,0.08059577699199036,0.00047986,5.854844829116733e-06,16.435205,0.2005284353972481,1
0.030358,625.8037972731487,0.06951927961775606,0.14773050221165318,0.00047986,5.854844829116733e-06,16.435205,0.2005284353972481,1
0.030358,186.26120687171104,0.12742749857031335,0.2707871585196054,0.00047986,5.854844829116733e-06,16.435205,0.2005284353972481,0
0.030358,55.43788172603256,0.23357214690901212,0.4963476358457378,0.00047986,5.854844829116733e-06,16.435205,0.2005284353972481,0
0.030358,16.500262012208612,0.42813323987193913,0.9097956398964614,0.00047986,5.854844829116733e-06,16.435205,0.2005284353972481,0
0.030358,4.911057877815519,0.7847599703514607,1.6676378562458076,0.00047986,5.854844829116733e-06,16.435205,0.2005284353972481,0
0.030358,1.4617034219105,1.438449888287663,3.056748020664399,0.00047986,5.854844829116733e-06,16.435205,0.2005284353972481,0
0.030358,0.4350543091028386,2.636650898730358,5.602960157262616,0.00047986,5.854844829116733e-06,16.435205,0.2005284353972481,0
0.030358,0.12948745207339976,4.832930238571752,10.270117889333315,0.00047986,5.854844829116733e-06,16.435205,0.2005284353972481,0
0.030358,0.03854001647570555,8.858667904100823,18.824927986630676,0.00047986,5.854844829116733e-06,16.435205,0.2005284353972481,1
0.030358,0.011470863361505004,16.23776739188721,34.50572987981091,0.00047986,5.854844829116733e-06,16.435205,0.2005284353972481,1
0.030358,0.0034141320705546358,29.763514416313193,63.24833728039488,0.00047986,5.854844829116733e-06,16.435205,0.2005284353972481,1
0.030358,0.0010161656910565669,54.555947811685144,115.93298222469463,0.00047986,5.854844829116733e-06,16.435205,0.2005284353972481,1
0.030358,0.0003024466219585667,100.0,212.50292016465193,0.00047986,5.854844829116733e-06,16.435205,0.2005284353972481,1
0.032786,2798458.3185354783,0.001,0.0021222485245173486,0.00041702,5.447880585325639e-06,14.282935,0.18658991004740313,1
0.032786,832919.8115603495,0.0018329807108324356,0.003890039993497535,0.00041702,5.447880585325639e-06,14.282935,0.18658991004740313,1
0.032786,247906.28557445284,0.003359818286283781,0.007130367177446602,0.00041702,5.447880585325639e-06,14.282935,0.18658991004740313,1
0.032786,73785.64113244339,0.006158482110660267,0.013069823929805222,0.00041702,5.447880585325639e-06,14.282935,0.18658991004740313,1
0.032786,21961.203572892926,0.011288378916846888,0.02395673322474547,0.00041702,5.447880585325639e-06,14.282935,0.18658991004740313,1
0.032786,6536.4266578804,0.02069138081114789,0.043912227722012365,0.00041702,5.447880585325639e-06,14.282935,0.18658991004740313,1
0.032786,1945.4704063413647,0.0379269019073225,0.08049026406518418,0.00041702,5.447880585325639e-06,14.282935,0.18658991004740313,1
0.032786,579.0403843490453,0.06951927961775606,0.14753709903865705,0.00041702,5.447880585325639e-06,14.282935,0.18658991004740313,1
0.032786,172.34277150146647,0.12742749857031335,0.2704326542204338,0.00041702,5.447880585325639e-06,14.282935,0.18658991004740313,0
0.032786,51.295266171499826,0.23357214690901212,0.49569783628966135,0.00041702,5.447880585325639e-06,14.282935,0.18658991004740313,0
0.032786,15.267274028449144,0.42813323987193913,0.9086045698304058,0.00041702,5.447880585325639e-06,14.282935,0.18658991004740313,0
0.032786,4.544077320544922,0.7847599703514607,1.6654546477755783,0.00041702,5.447880585325639e-06,14.282935,0.18658991004740313,0
0.032786,1.3524771106839544,1.438449888287663,3.0527462416368216,0.00041702,5.447880585325639e-06,14.282935,0.18658991004740313,0
0.032786,0.40254472018879983,2.636650898730358,5.595624973482119,0.00041702,5.447880585325639e-06,14.282935,0.18658991004740313,0
0.032786,0.1198114558861074,4.832930238571752,10.256672638939314,0.00041702,5.447880585325639e-06,14.282935,0.18658991004740313,0
0.032786,0.03566009995490027,8.858667904100823,18.800283101992218,0.00041702,5.447880585325639e-06,14.282935,0.18658991004740313,1
0.032786,0.010613698992547126,16.23776739188721,34.46055628163399,0.00041702,5.447880585325639e-06,14.282935,0.18658991004740313,1
0.032786,0.0031590098300104614,29.763514416313193,63.16553494628372,0.00041702,5.447880585325639e-06,14.282935,0.18658991004740313,1
0.032786,0.0009402323462100735,54.555947811685144,115.78120714344304,0.00041702,5.447880585325639e-06,14.282935,0.18658991004740313,1
0.032786,0.00027984618991792003,100.0,212.22471936831877,0.00041702,5.447880585325639e-06,14.282935,0.18658991004740313,1
0.035313,2596153.948913946,0.001,0.0021200329861387605,0.00033982,5.107507651109411e-06,11.638835,0.17493213705049732,1
0.035313,772706.904329813,0.0018329807108324356,0.0038859789499994996,0.00033982,5.107507651109411e-06,11.638835,0.17493213705049732,1
0.035313,229984.8033608511,0.003359818286283781,0.0071229233553273645,0.00033982,5.107507651109411e-06,11.638835,0.17493213705049732,1
0.035313,68451.57705954977,0.006158482110660267,0.013056179536511515,0.00033982,5.107507651109411e-06,11.638835,0.17493213705049732,1
0.035313,20373.598418274836,0.011288378916846888,0.02393172330167319,0.00033982,5.107507651109411e-06,11.638835,0.17493213705049732,1
0.035313,6063.899527801794,0.02069138081114789,0.04386638500052595,0.00033982,5.107507651109411e-06,11.638835,0.17493213705049732,1
0.035313,1804.8297187701457,0.0379269019073225,0.08040623522512569,0.00033982,5.107507651109411e-06,11.638835,0.17493213705049732,1
0.035313,537.1807718374633,0.06951927961775606,0.14738307577930762,0.00033982,5.107507651109411e-06,11.638835,0.17493213705049732,1
0.035313,159.88387949992685,0.12742749857031335,0.27015033254036463,0.00033982,5.107507651109411e-06,11.638835,0.17493213705049732,0
0.035313,47.587062022187574,0.23357214690901212,0.4951803460790211,0.00033982,5.107507651109411e-06,11.638835,0.17493213705049732,0
0.035313,14.16358214660497,0.42813323987193913,0.907656020239345,0.00033982,5.107507651109411e-06,11.638835,0.17493213705049732,0
0.035313,4.215579827321051,0.7847599703514607,1.6637159746549348,0.00033982,5.107507651109411e-06,11.638835,0.17493213705049732,0
0.035313,1.2547047117912467,1.438449888287663,3.049559287327251,0.00033982,5.107507651109411e-06,11.638835,0.17493213705049732,0
0.035313,0.373444218126474,2.636650898730358,5.58978334768937,0.00033982,5.107507651109411e-06,11.638835,0.17493213705049732,0
0.035313,0.11115012375587659,4.832930238571752,10.245965051524294,0.00033982,5.107507651109411e-06,11.638835,0.17493213705049732,0
0.035313,0.033082183117074754,8.858667904100823,18.780656300783917,0.00033982,5.107507651109411e-06,11.638835,0.17493213705049732,1
0.035313,0.009846420342783007,16.23776739188721,34.424580733586815,0.00033982,5.107507651109411e-06,11.638835,0.17493213705049732,1
0.035313,0.0029306407384588145,29.763514416313193,63.09959246063462,0.00033982,5.107507651109411e-06,11.638835,0.17493213705049732,1
0.035313,0.0008722616787211283,54.555947811685144,115.66033583920685,0.00033982,5.107507651109411e-06,11.638835,0.17493213705049732,1
0.035313,0.00025961573050056665,100.0,212.00316459914367,0.00033982,5.107507651109411e-06,11.638835,0.17493213705049732,1
0.038035,2408203.4430073956,0.001,0.0021182781761520816,0.0002864,4.817960653409091e-06,9.8092,0.16501515237926137,1
0.038035,716766.2127732887,0.0018329807108324356,0.003882762411709351,0.0002864,4.817960653409091e-06,9.8092,0.16501515237926137,1
0.038035,213334.88307555683,0.003359818286283781,0.007117027493115788,0.0002864,4.817960653409091e-06,9.8092,0.16501515237926137,1
0.038035,63495.97459809101,0.006158482110660267,0.013045372521245026,0.0002864,4.817960653409091e-06,9.8092,0.16501515237926137,1
0.038035,18898.636758763987,0.011288378916846888,0.023911914234581298,0.0002864,4.817960653409091e-06,9.8092,0.16501515237926137,1
0.038035,5624.899064079134,0.02069138081114789,0.04383007534413679,0.0002864,4.817960653409091e-06,9.8092,0.16501515237926137,1
0.038035,1674.167745972282,0.0379269019073225,0.08033968030568346,0.0002864,4.817960653409091e-06,9.8092,0.16501515237926137,1
0.038035,498.2911756369603,0.06951927961775606,0.14726108187543852,0.0002864,4.817960653409091e-06,9.8092,0.16501515237926137,1
0.038035,148.30896874802784,0.12742749857031335,0.26992672004704715,0.0002864,4.817960653409091e-06,9.8092,0.16501515237926137,0
0.038035,44.14196176229558,0.23357214690901212,0.4947704686711808,0.0002864,4.817960653409091e-06,9.8092,0.16501515237926137,0
0.038035,13.138199229266846,0.42813323987193913,0.9069047228359689,0.0002864,4.817960653409091e-06,9.8092,0.16501515237926137,0
0.038035,3.9103898341102825,0.7847599703514607,1.6623388609853884,0.0002864,4.817960653409091e-06,9.8092,0.16501515237926137,0
0.038035,1.1638694440369093,1.438449888287663,3.0470350645132562,0.0002864,4.817960653409091e-06,9.8092,0.16501515237926137,0
0.038035,0.3464084500925275,2.636650898730358,5.585156495940364,0.0002864,4.817960653409091e-06,9.8092,0.16501515237926137,0
0.038035,0.10310332903615486,4.832930238571752,10.237484121495365,0.0002864,4.817960653409091e-06,9.8092,0.16501515237926137,1
0.038035,0.030687174210070747,8.858667904100823,18.765110919609846,0.0002864,4.817960653409091e-06,9.8092,0.16501515237926137,1
0.038035,0.009133581521385806,16.23776739188721,34.39608634973108,0.0002864,4.817960653409091e-06,9.8092,0.16501515237926137,1
0.038035,0.002718474853072717,29.763514416313193,63.04736280463885,0.0002864,4.817960653409091e-06,9.8092,0.16501515237926137,1
0.038035,0.0008091136548353896,54.555947811685144,115.56459988721207,0.0002864,4.817960653409091e-06,9.8092,0.16501515237926137,1
0.038035,0.0002408206593073366,100.0,211.82768244578293,0.0002864,4.817960653409091e-06,9.8092,0.16501515237926137,1
0.040967,2233566.8284148173,0.001,0.002116993030812157,0.00024371,4.6010523087071235e-06,8.3470675,0.15758604157321898,1
0.040967,664788.204469367,0.0018329807108324356,0.003880406758413235,0.00024371,4.6010523087071235e-06,8.3470675,0.15758604157321898,1
0.040967,197864.39696702218,0.003359818286283781,0.00711270961429729,0.00024371,4.6010523087071235e-06,8.3470675,0.15758604157321898,1
0.040967,58891.41328575002,0.006158482110660267,0.01303745791598376,0.00024371,4.6010523087071235e-06,8.3470675,0.15758604157321898,1
0.040967,17528.157299969516,0.011288378916846888,0.023897406895422753,0.00024371,4.6010523087071235e-06,8.3470675,0.15758604157321898,1
0.040967,5216.996178473108,0.02069138081114789,0.04380348364851673,0.00024371,4.6010523087071235e-06,8.3470675,0.15758604157321898,1
0.040967,1552.7615058837503,0.0379269019073225,0.08029093821634306,0.00024371,4.6010523087071235e-06,8.3470675,0.15758604157321898,1
0.040967,462.1564108706807,0.06951927961775606,0.14717173854086113,0.00024371,4.6010523087071235e-06,8.3470675,0.15758604157321898,1
0.040967,137.5539926629319,0.12742749857031335,0.2697629554126628,0.00024371,4.6010523087071235e-06,8.3470675,0.15758604157321898,0
0.040967,40.94090287774497,0.23357214690901212,0.4944702912295261,0.00024371,4.6010523087071235e-06,8.3470675,0.15758604157321898,0
0.040967,12.18545160228222,0.42813323987193913,0.9063545033497402,0.00024371,4.6010523087071235e-06,8.3470675,0.15758604157321898,0
0.040967,3.626818656083956,0.7847599703514607,1.661330319254484,0.00024371,4.6010523087071235e-06,8.3470675,0.15758604157321898,0
0.040967,1.0794686954678119,1.438449888287663,3.0451864269484745,0.00024371,4.6010523087071235e-06,8.3470675,0.15758604157321898,0
0.040967,0.3212878211057182,2.636650898730358,5.581767978916813,0.00024371,4.6010523087071235e-06,8.3470675,0.15758604157321898,0
0.040967,0.09562654700311556,4.832930238571752,10.231273035126868,0.00024371,4.6010523087071235e-06,8.3470675,0.15758604157321898,1
0.040967,0.028461821111290243,8.858667904100823,18.753726118077072,0.00024371,4.6010523087071235e-06,8.3470675,0.15758604157321898,1
0.040967,0.00847123823093511,16.23776739188721,34.37521822809884,0.00024371,4.6010523087071235e-06,8.3470675,0.15758604157321898,1
0.040967,0.002521338212320741,29.763514416313193,63.00911194018965,0.00024371,4.6010523087071235e-06,8.3470675,0.15758604157321898,1
0.040967,0.0007504388623431962,54.555947811685144,115.49448679047799,0.00024371,4.6010523087071235e-06,8.3470675,0.15758604157321898,1
0.040967,0.0002233569789848327,100.0,211.69916649186663,0.00024371,4.6010523087071235e-06,8.3470675,0.15758604157321898,1
0.044124,2071332.5680910095,0.001,0.0021161974254474405,0.00019886,4.440582853643601e-06,6.810955,0.15208996273729333,1
0.044124,616501.5738841067,0.0018329807108324356,0.0038789484209576734,0.00019886,4.440582853643601e-06,6.810955,0.15208996273729333,1
0.044124,183492.5949522774,0.003359818286283781,0.007110036495475035,0.00019886,4.440582853643601e-06,6.810955,0.15208996273729333,1
0.044124,54613.8590550312,0.006158482110660267,0.013032558120335136,0.00019886,4.440582853643601e-06,6.810955,0.15208996273729333,1
0.044124,16255.006657770342,0.011288378916846888,0.023888425639560968,0.00019886,4.440582853643601e-06,6.810955,0.15208996273729333,1
0.044124,4838.0617722918705,0.02069138081114789,0.043787021151873995,0.00019886,4.440582853643601e-06,6.810955,0.15208996273729333,1
0.044124,1439.9773038777648,0.0379269019073225,0.08026076274790937,0.00019886,4.440582853643601e-06,6.810955,0.15208996273729333,1
0.044124,428.5878677418691,0.06951927961775606,0.14711642745865205,0.00019886,4.440582853643601e-06,6.810955,0.15208996273729333,1
0.044124,127.56281433973822,0.12742749857031335,0.2696615712346941,0.00019886,4.440582853643601e-06,6.810955,0.15208996273729333,0
0.044124,37.96717705261289,0.23357214690901212,0.4942844559554357,0.00019886,4.440582853643601e-06,6.810955,0.15208996273729333,0
0.044124,11.30036628360981,0.42813323987193913,0.9060138708452823,0.00019886,4.440582853643601e-06,6.810955,0.15208996273729333,0
0.044124,3.3633861590115757,0.7847599703514607,1.6607059464125802,0.00019886,4.440582853643601e-06,6.810955,0.15208996273729333,0
0.044124,1.001061926118276,1.438449888287663,3.0440419635410976,0.00019886,4.440582853643601e-06,6.810955,0.15208996273729333,0
0.044124,0.2979512109897532,2.636650898730358,5.579670199535009,0.00019886,4.440582853643601e-06,6.810955,0.15208996273729333,0
0.044124,0.08868075168416913,4.832930238571752,10.2274278459526,0.00019886,4.440582853643601e-06,6.810955,0.15208996273729333,1
0.044124,0.026394508319752846,8.858667904100823,18.746677960459287,0.00019886,4.440582853643601e-06,6.810955,0.15208996273729333,1
0.044124,0.007855933290121672,16.23776739188721,34.362299091106664,0.00019886,4.440582853643601e-06,6.810955,0.15208996273729333,1
0.044124,0.0023382018375454425,29.763514416313193,62.98543141125054,0.00019886,4.440582853643601e-06,6.810955,0.15208996273729333,1
0.044124,0.0006959310410334873,54.555947811685144,115.45108083767845,0.00019886,4.440582853643601e-06,6.810955,0.15208996273729333,1
0.044124,0.0002071335357309828,100.0,211.6196042176179,0.00019886,4.440582853643601e-06,6.810955,0.15208996273729333,1
0.047525,1920513.2978068085,0.001,0.002115924236741935,0.00016614,4.209506738697753e-06,5.690295,0.14417560580039804,1
0.047525,571612.4466442156,0.0018329807108324356,0.003878447661344397,0.00016614,4.209506738697753e-06,5.690295,0.14417560580039804,1
0.047525,170132.00966733508,0.003359818286283781,0.00710911859516115,0.00016614,4.209506738697753e-06,5.690295,0.14417560580039804,1
0.047525,50637.27853925072,0.006158482110660267,0.013030875601806106,0.00016614,4.209506738697753e-06,5.690295,0.14417560580039804,1
0.047525,15071.436386288075,0.011288378916846888,0.02388534158503381,0.00016614,4.209506738697753e-06,5.690295,0.14417560580039804,1
0.047525,4485.789635541809,0.02069138081114789,0.04378136810529867,0.00016614,4.209506738697753e-06,5.690295,0.14417560580039804,1
0.047525,1335.1287307780208,0.0379269019073225,0.08025040078632421,0.00016614,4.209506738697753e-06,5.690295,0.14417560580039804,1
0.047525,397.38124675094406,0.06951927961775606,0.1470974341454665,0.00016614,4.209506738697753e-06,5.690295,0.14417560580039804,0
0.047525,118.27462706653743,0.12742749857031335,0.2696267568198373,0.00016614,4.209506738697753e-06,5.690295,0.14417560580039804,0
0.047525,35.20268607228662,0.23357214690901212,0.4942206417660164,0.00016614,4.209506738697753e-06,5.690295,0.14417560580039804,0
0.047525,10.477556608510211,0.42813323987193913,0.9058969006282658,0.00016614,4.209506738697753e-06,5.690295,0.14417560580039804,0
0.047525,3.118489082152948,0.7847599703514607,1.6604915422222009,0.00016614,4.209506738697753e-06,5.690295,0.14417560580039804,0
0.047525,0.9281719492461258,1.438449888287663,3.0436489647569025,0.00016614,4.209506738697753e-06,5.690295,0.14417560580039804,0
0.047525,0.27625659219972865,2.636650898730358,5.578949840305257,0.00016614,4.209506738697753e-06,5.690295,0.14417560580039804,0
0.047525,0.08222367069049608,4.832930238571752,10.226107441340634,0.00016614,4.209506738697753e-06,5.690295,0.14417560580039804,1
0.047525,0.02447265408691542,8.858667904100823,18.744257684236086,0.00016614,4.209506738697753e-06,5.690295,0.14417560580039804,1
0.047525,0.0072839219284035845,16.23776739188721,34.35786277143568,0.00016614,4.209506738697753e-06,5.690295,0.14417560580039804,1
0.047525,0.0021679511534266507,29.763514416313193,62.97729972282757,0.00016614,4.209506738697753e-06,5.690295,0.14417560580039804,1
0.047525,0.0006452584541201523,54.555947811685144,115.43617560961367,0.00016614,4.209506738697753e-06,5.690295,0.14417560580039804,1
0.047525,0.00019205159301962667,100.0,211.59228322204564,0.00016614,4.209506738697753e-06,5.690295,0.14417560580039804,1
0.051188,1780310.0717251608,0.001,0.002116225163261191,0.00014275,3.882312061229876e-06,4.8891875,0.13296918809712324,1
0.051188,529883.0283288934,0.0018329807108324356,0.0038789992416289505,0.00014275,3.882312061229876e-06,4.8891875,0.13296918809712324,1
0.051188,157711.86511790944,0.003359818286283781,0.007110129609638655,0.00014275,3.882312061229876e-06,4.8891875,0.13296918809712324,1
0.051188,46940.60631110273,0.006158482110660267,0.01303272874128764,0.00014275,3.882312061229876e-06,4.8891875,0.13296918809712324,1
0.051188,13971.17667322723,0.011288378916846888,0.023888738316594476,0.00014275,3.882312061229876e-06,4.8891875,0.13296918809712324,1
0.051188,4158.313651590857,0.02069138081114789,0.043787594206956736,0.00014275,3.882312061229876e-06,4.8891875,0.13296918809712324,1
0.051188,1237.6603646665856,0.0379269019073225,0.08026181306617251,0.00014275,3.882312061229876e-06,4.8891875,0.13296918809712324,1
0.051188,368.3712348110743,0.06951927961775606,0.14711835258840678,0.00014275,3.882312061229876e-06,4.8891875,0.13296918809712324,0
0.051188,109.64022785820153,0.12742749857031335,0.2696650998755262,0.00014275,3.882312061229876e-06,4.8891875,0.13296918809712324,0
0.051188,32.632785399080085,0.23357214690901212,0.4942909238003077,0.00014275,3.882312061229876e-06,4.8891875,0.13296918809712324,0
0.051188,9.712663847879364,0.42813323987193913,0.9060257261940066,0.00014275,3.882312061229876e-06,4.8891875,0.13296918809712324,0
0.051188,2.8908301145397814,0.7847599703514607,1.6607276769516945,0.00014275,3.882312061229876e-06,4.8891875,0.13296918809712324,0
0.051188,0.8604126395137942,1.438449888287663,3.0440817951135752,0.00014275,3.882312061229876e-06,4.8891875,0.13296918809712324,0
0.051188,0.2560890402650527,2.636650898730358,5.579743209952414,0.00014275,3.882312061229876e-06,4.8891875,0.13296918809712324,1
0.051188,0.07622109846071089,4.832930238571752,10.227561672552719,0.00014275,3.882312061229876e-06,4.8891875,0.13296918809712324,1
0.051188,0.022686077635581697,8.858667904100823,18.746923261949213,0.00014275,3.882312061229876e-06,4.8891875,0.13296918809712324,1
0.051188,0.006752173988691999,16.23776739188721,34.36274872391933,0.00014275,3.882312061229876e-06,4.8891875,0.13296918809712324,1
0.051188,0.002009684278722335,29.763514416313193,62.98625557943641,0.00014275,3.882312061229876e-06,4.8891875,0.13296918809712324,1
0.051188,0.0005981526700496917,54.555947811685144,115.45259152197892,0.00014275,3.882312061229876e-06,4.8891875,0.13296918809712324,1
0.051188,0.00017803125618663903,100.0,211.6223732727141,0.00014275,3.882312061229876e-06,4.8891875,0.13296918809712324,1
0.055134,1649917.1784173998,0.001,0.0021171765030523365,0.00012394,3.6165388140161724e-06,4.244945,0.1238664543800539,1
0.055134,491073.51084142836,0.0018329807108324356,0.0038807430141005656,0.00012394,3.6165388140161724e-06,4.244945,0.1238664543800539,1
0.055134,146160.78596958585,0.003359818286283781,0.00711332588446953,0.00012394,3.6165388140161724e-06,4.244945,0.1238664543800539,1
0.055134,43502.59855874142,0.006158482110660267,0.013038587413850588,0.00012394,3.6165388140161724e-06,4.244945,0.1238664543800539,1
0.055134,12947.904612814698,0.011288378916846888,0.023899477104472426,0.00012394,3.6165388140161724e-06,4.244945,0.1238664543800539,1
0.055134,3853.7519013278834,0.02069138081114789,0.043807278146651286,0.00012394,3.6165388140161724e-06,4.244945,0.1238664543800539,1
0.055134,1147.0120802534148,0.0379269019073225,0.080297893293377,0.00012394,3.6165388140161724e-06,4.244945,0.1238664543800539,1
0.055134,341.391118946767,0.06951927961775606,0.14718448689250874,0.00012394,3.6165388140161724e-06,4.244945,0.1238664543800539,0
0.055134,101.60999707356798,0.12742749857031335,0.2697863227218382,0.00012394,3.6165388140161724e-06,4.244945,0.1238664543800539,0
0.055134,30.24270648383305,0.23357214690901212,0.4945131228813132,0.00012394,3.6165388140161724e-06,4.244945,0.1238664543800539,0
0.055134,9.001292362441015,0.42813323987193913,0.9064330127651471,0.00012394,3.6165388140161724e-06,4.244945,0.1238664543800539,0
0.055134,2.6791009594394897,0.7847599703514607,1.661474225321899,0.00012394,3.6165388140161724e-06,4.244945,0.1238664543800539,0
0.055134,0.797394601834198,1.438449888287663,3.045450203817294,0.00012394,3.6165388140161724e-06,4.244945,0.1238664543800539,0
0.055134,0.2373326575227678,2.636650898730358,5.582251476652244,0.00012394,3.6165388140161724e-06,4.244945,0.1238664543800539,1
0.055134,0.07063853977717856,4.832930238571752,10.232159276972485,0.00012394,3.6165388140161724e-06,4.244945,0.1238664543800539,1
0.055134,0.02102451197667588,8.858667904100823,18.755350582108015,0.00012394,3.6165388140161724e-06,4.244945,0.1238664543800539,1
0.055134,0.006257633654212896,16.23776739188721,34.37819583915576,0.00012394,3.6165388140161724e-06,4.244945,0.1238664543800539,1
0.055134,0.0018624916949663678,29.763514416313193,63.0145698436441,0.00012394,3.6165388140161724e-06,4.244945,0.1238664543800539,1
0.055134,0.0005543429841623124,54.555947811685144,115.50449102205435,0.00012394,3.6165388140161724e-06,4.244945,0.1238664543800539,1
0.055134,0.0001649919540115755,100.0,211.71750405519555,0.00012394,3.6165388140161724e-06,4.244945,0.1238664543800539,1
0.059383,1528664.6677386928,0.001,0.0021188882929218853,0.00010391,3.381231323930846e-06,3.5589175,0.11580717284463148,1
0.059383,454984.4934279733,0.0018329807108324356,0.0038838806733584815,0.00010391,3.381231323930846e-06,3.5589175,0.11580717284463148,1
0.059383,135419.42353719004,0.003359818286283781,0.0071190771206505596,0.00010391,3.381231323930846e-06,3.5589175,0.11580717284463148,1
0.059383,40305.59102471308,0.006158482110660267,0.013049129272427995,0.00010391,3.381231323930846e-06,3.5589175,0.11580717284463148,1
0.059383,11996.362700647365,0.011288378916846888,0.023918800071143876,0.00010391,3.381231323930846e-06,3.5589175,0.11580717284463148,1
0.059383,3570.5395665654114,0.02069138081114789,0.043842696708373576,0.00010391,3.381231323930846e-06,3.5589175,0.11580717284463148,1
0.059383,1062.718132633366,0.0379269019073225,0.0803628147663679,0.00010391,3.381231323930846e-06,3.5589175,0.11580717284463148,1
0.059383,316.30227710296606,0.06951927961775606,0.14730348663049558,0.00010391,3.381231323930846e-06,3.5589175,0.11580717284463148,0
0.059383,94.14267591678895,0.12742749857031335,0.2700044468751704,0.00010391,3.381231323930846e-06,3.5589175,0.11580717284463148,0
0.059383,28.02016925881226,0.23357214690901212,0.49491294017524606,0.00010391,3.381231323930846e-06,3.5589175,0.11580717284463148,0
0.059383,8.339787172451484,0.42813323987193913,0.9071658700807079,0.00010391,3.381231323930846e-06,3.5589175,0.11580717284463148,0
0.059383,2.4822137664269404,0.7847599703514607,1.6628175385728288,0.00010391,3.381231323930846e-06,3.5589175,0.11580717284463148,0
0.059383,0.7387940536888647,1.438449888287663,3.0479124710224528,0.00010391,3.381231323930846e-06,3.5589175,0.11580717284463148,0
0.059383,0.21989107491625254,2.636650898730358,5.586764764871752,0.00010391,3.381231323930846e-06,3.5589175,0.11580717284463148,1
0.059383,0.06544731182182925,4.832930238571752,10.240432047148774,0.00010391,3.381231323930846e-06,3.5589175,0.11580717284463148,1
0.059383,0.019479420095505236,8.858667904100823,18.770514410193783,0.00010391,3.381231323930846e-06,3.5589175,0.11580717284463148,1
0.059383,0.005797760009367226,16.23776739188721,34.40599084346683,0.00010391,3.381231323930846e-06,3.5589175,0.11580717284463148,1
0.059383,0.0017256171363780807,29.763514416313193,63.065517550331265,0.00010391,3.381231323930846e-06,3.5589175,0.11580717284463148,1
0.059383,0.0005136043051833523,54.555947811685144,115.59787718560054,0.00010391,3.381231323930846e-06,3.5589175,0.11580717284463148,1
0.059383,0.000152866691420451,100.0,211.8886790915618,0.00010391,3.381231323930846e-06,3.5589175,0.11580717284463148,1
0.06396,1415828.0200271439,0.001,0.0021215215449115507,8.7839e-05,3.1722236957184986e-06,3.0084857499999997,0.10864866157835858,1
0.06396,421400.33352902776,0.0018329807108324356,0.003888707350324063,8.7839e-05,3.1722236957184986e-06,3.0084857499999997,0.10864866157835858,1
0.06396,125423.59500357542,0.003359818286283781,0.007127924285624303,8.7839e-05,3.1722236957184986e-06,3.0084857499999997,0.10864866157835858,1
0.06396,37330.48064406002,0.006158482110660267,0.013065345897291929,8.7839e-05,3.1722236957184986e-06,3.0084857499999997,0.10864866157835858,1
0.06396,11110.865192658704,0.011288378916846888,0.02394852476092159,8.7839e-05,3.1722236957184986e-06,3.0084857499999997,0.10864866157835858,1
0.06396,3306.984369945236,0.02069138081114789,0.04389718141221245,8.7839e-05,3.1722236957184986e-06,3.0084857499999997,0.10864866157835858,1
0.06396,984.2748405732389,0.0379269019073225,0.0804626840934031,8.7839e-05,3.1722236957184986e-06,3.0084857499999997,0.10864866157835858,1
0.06396,292.95479604025115,0.06951927961775606,0.14748654509358178,8.7839e-05,3.1722236957184986e-06,3.0084857499999997,0.10864866157835858,0
0.06396,87.19364493874843,0.12742749857031335,0.2703399894184067,8.7839e-05,3.1722236957184986e-06,3.0084857499999997,0.10864866157835858,0
0.06396,25.95189340776749,0.23357214690901212,0.4955279830952336,8.7839e-05,3.1722236957184986e-06,3.0084857499999997,0.10864866157835858,0
0.06396,7.7241955890560305,0.42813323987193913,0.9082932317994716,8.7839e-05,3.1722236957184986e-06,3.0084857499999997,0.10864866157835858,0
0.06396,2.2989920763828944,0.7847599703514607,1.6648839707672836,8.7839e-05,3.1722236957184986e-06,3.0084857499999997,0.10864866157835858,0
0.06396,0.6842608394978922,1.438449888287663,3.051700201284819,8.7839e-05,3.1722236957184986e-06,3.0084857499999997,0.10864866157835858,1
0.06396,0.20366007383894705,2.636650898730358,5.593707601290114,8.7839e-05,3.1722236957184986e-06,3.0084857499999997,0.10864866157835858,1
0.06396,0.06061639547466587,4.832930238571752,10.25315813229166,8.7839e-05,3.1722236957184986e-06,3.0084857499999997,0.10864866157835858,1
0.06396,0.01804156961181613,8.858667904100823,18.793841078694648,8.7839e-05,3.1722236957184986e-06,3.0084857499999997,0.10864866157835858,1
0.06396,0.005369805173326987,16.23776739188721,34.448748176786424,8.7839e-05,3.1722236957184986e-06,3.0084857499999997,0.10864866157835858,1
0.06396,0.0015982427370510495,29.763514416313193,63.14389091746225,8.7839e-05,3.1722236957184986e-06,3.0084857499999997,0.10864866157835858,1
0.06396,0.0004756932074758409,54.555947811685144,115.74153405570415,8.7839e-05,3.1722236957184986e-06,3.0084857499999997,0.10864866157835858,1
0.06396,0.00014158301638871176,100.0,212.1519993633498,8.7839e-05,3.1722236957184986e-06,3.0084857499999997,0.10864866157835858,1
0.06889,1310785.832185775,0.001,0.0021253121760537287,7.1246e-05,3.008324885589342e-06,2.4401755,0.10303512733143495,1
0.06889,390136.0797130397,0.0018329807108324356,0.003895655474890671,7.1246e-05,3.008324885589342e-06,2.4401755,0.10303512733143495,1
0.06889,116118.25231405205,0.003359818286283781,0.007140660012440335,7.1246e-05,3.008324885589342e-06,2.4401755,0.10303512733143495,1
0.06889,34560.883179142904,0.006158482110660267,0.013088690165839058,7.1246e-05,3.008324885589342e-06,2.4401755,0.10303512733143495,1
0.06889,10286.535563540381,0.011288378916846888,0.02399131426553016,7.1246e-05,3.008324885589342e-06,2.4401755,0.10303512733143495,1
0.06889,3061.6348860871503,0.02069138081114789,0.04397561364887714,7.1246e-05,3.008324885589342e-06,2.4401755,0.10303512733143495,1
0.06889,911.2502088593351,0.0379269019073225,0.08060644876412351,7.1246e-05,3.008324885589342e-06,2.4401755,0.10303512733143495,1
0.06889,271.2200987990139,0.06951927961775606,0.14775006285213693,7.1246e-05,3.008324885589342e-06,2.4401755,0.10303512733143495,0
0.06889,80.72463511722442,0.12742749857031335,0.27082301227502803,7.1246e-05,3.008324885589342e-06,2.4401755,0.10303512733143495,0
0.06889,24.026488724701522,0.23357214690901212,0.4964133545614372,7.1246e-05,3.008324885589342e-06,2.4401755,0.10303512733143495,0
0.06889,7.151127486642286,0.42813323987193913,0.9099161005054645,7.1246e-05,3.008324885589342e-06,2.4401755,0.10303512733143495,0
0.06889,2.128426868780626,0.7847599703514607,1.6678586576877714,7.1246e-05,3.008324885589342e-06,2.4401755,0.10303512733143495,0
0.06889,0.633494639291124,1.438449888287663,3.057152744916846,7.1246e-05,3.008324885589342e-06,2.4401755,0.10303512733143495,1
0.06889,0.18855026851320286,2.636650898730358,5.603702008478502,7.1246e-05,3.008324885589342e-06,2.4401755,0.10303512733143495,1
0.06889,0.05611918638686605,4.832930238571752,10.271477687770036,7.1246e-05,3.008324885589342e-06,2.4401755,0.10303512733143495,1
0.06889,0.016703042136410506,8.858667904100823,18.827420470403364,7.1246e-05,3.008324885589342e-06,2.4401755,0.10303512733143495,1
0.06889,0.004971412355181524,16.23776739188721,34.51029855395579,7.1246e-05,3.008324885589342e-06,2.4401755,0.10303512733143495,1
0.06889,0.0014796670331827934,29.763514416313193,63.25671157144396,7.1246e-05,3.008324885589342e-06,2.4401755,0.10303512733143495,1
0.06889,0.0004404009107597973,54.555947811685144,115.94833213812191,7.1246e-05,3.008324885589342e-06,2.4401755,0.10303512733143495,1
0.06889,0.00013107878856762653,100.0,212.5310562593445,7.1246e-05,3.008324885589342e-06,2.4401755,0.10303512733143495,1
0.0742,1212950.8858633002,0.001,0.0021306146413925735,6.0587e-05,2.8422937727603787e-06,2.07510475,0.09734856171704297,1
0.0742,361016.9551427514,0.0018329807108324356,0.0039053747541466497,6.0587e-05,2.8422937727603787e-06,2.07510475,0.09734856171704297,1
0.0742,107451.37573449976,0.003359818286283781,0.0071584751978314536,6.0587e-05,2.8422937727603787e-06,2.07510475,0.09734856171704297,1
0.0742,31981.315727841964,0.006158482110660267,0.013121344963378537,6.0587e-05,2.8422937727603787e-06,2.07510475,0.09734856171704297,1
0.0742,9518.765557293493,0.011288378916846888,0.02405116976499206,6.0587e-05,2.8422937727603787e-06,2.07510475,0.09734856171704297,1
0.0742,2833.119536019324,0.02069138081114789,0.04408532749674045,6.0587e-05,2.8422937727603787e-06,2.07510475,0.09734856171704297,1
0.0742,843.2360073811338,0.0379269019073225,0.08080755199482165,6.0587e-05,2.8422937727603787e-06,2.07510475,0.09734856171704297,1
0.0742,250.976681750557,0.06951927961775606,0.1481186810541538,6.0587e-05,2.8422937727603787e-06,2.07510475,0.09734856171704297,0
0.0742,74.69948270202659,0.12742749857031335,0.27149868218568607,6.0587e-05,2.8422937727603787e-06,2.07510475,0.09734856171704297,0
0.0742,22.23319160658915,0.23357214690901212,0.4976518443298489,6.0587e-05,2.8422937727603787e-06,2.07510475,0.09734856171704297,0
0.0742,6.617379238668257,0.42813323987193913,0.9121862282160358,6.0587e-05,2.8422937727603787e-06,2.07510475,0.09734856171704297,0
0.0742,1.969564631771833,0.7847599703514607,1.6720197578464595,6.0587e-05,2.8422937727603787e-06,2.07510475,0.09734856171704297,0
0.0742,0.5862116544320275,1.438449888287663,3.064779961097416,6.0587e-05,2.8422937727603787e-06,2.07510475,0.09734856171704297,1
0.0742,0.1744771904909058,2.636650898730358,5.6176825484685615,6.0587e-05,2.8422937727603787e-06,2.07510475,0.09734856171704297,1
0.0742,0.05193054377969538,4.832930238571752,10.297103747752494,6.0587e-05,2.8422937727603787e-06,2.07510475,0.09734856171704297,1
0.0742,0.015456354889984942,8.858667904100823,18.87439254389946,6.0587e-05,2.8422937727603787e-06,2.07510475,0.09734856171704297,1
0.0742,0.004600354416834052,16.23776739188721,34.59639745847554,6.0587e-05,2.8422937727603787e-06,2.07510475,0.09734856171704297,1
0.0742,0.0013692271502047928,29.763514416313193,63.41452920250606,6.0587e-05,2.8422937727603787e-06,2.07510475,0.09734856171704297,1
0.0742,0.0004075301202674564,54.555947811685144,116.23760881154158,6.0587e-05,2.8422937727603787e-06,2.07510475,0.09734856171704297,1
0.0742,0.0001212952861005487,100.0,213.06129482167015,6.0587e-05,2.8422937727603787e-06,2.07510475,0.09734856171704297,1
0.080189,1117774.6589560255,0.001,0.002138375866737035,5.1209e-05,2.674409010989011e-06,1.7539082499999998,0.09159850862637363,1
0.080189,332689.1595650883,0.0018329807108324356,0.003919600878934756,5.1209e-05,2.674409010989011e-06,1.7539082499999998,0.09159850862637363,1
0.080189,99020.02667104514,0.003359818286283781,0.0071845513192277935,5.1209e-05,2.674409010989011e-06,1.7539082499999998,0.09159850862637363,1
0.080189,29471.849590476733,0.006158482110660267,0.013169141861910516,5.1209e-05,2.674409010989011e-06,1.7539082499999998,0.09159850862637363,1
0.080189,8771.86017559822,0.011288378916846888,0.02413878040024051,5.1209e-05,2.674409010989011e-06,1.7539082499999998,0.09159850862637363,1
0.080189,2610.8142333330898,0.02069138081114789,0.04424591592475577,5.1209e-05,2.674409010989011e-06,1.7539082499999998,0.09159850862637363,1
0.080189,777.0701345750689,0.0379269019073225,0.08110190729819353,5.1209e-05,2.674409010989011e-06,1.7539082499999998,0.09159850862637363,1
0.080189,231.28339232796432,0.06951927961775606,0.14865822845347462,5.1209e-05,2.674409010989011e-06,1.7539082499999998,0.09159850862637363,0
0.080189,68.83806761122484,0.12742749857031335,0.2724876619637999,5.1209e-05,2.674409010989011e-06,1.7539082499999998,0.09159850862637363,0
0.080189,20.488628472136405,0.23357214690901212,0.4994646249871657,5.1209e-05,2.674409010989011e-06,1.7539082499999998,0.09159850862637363,0
0.080189,6.098135937193093,0.42813323987193913,0.9155090199934294,5.1209e-05,2.674409010989011e-06,1.7539082499999998,0.09159850862637363,0
0.080189,1.815019576645528,0.7847599703514607,1.6781103708795102,5.1209e-05,2.674409010989011e-06,1.7539082499999998,0.09159850862637363,0
0.080189,0.5402136146314483,1.438449888287663,3.075943937102799,5.1209e-05,2.674409010989011e-06,1.7539082499999998,0.09159850862637363,1
0.080189,0.16078655727740626,2.636650898730358,5.638145900941106,5.1209e-05,2.674409010989011e-06,1.7539082499999998,0.09159850862637363,1
0.080189,0.047855730188498535,4.832930238571752,10.33461267791202,5.1209e-05,2.674409010989011e-06,1.7539082499999998,0.09159850862637363,1
0.080189,0.01424354715916676,8.858667904100823,18.94314568916417,5.1209e-05,2.674409010989011e-06,1.7539082499999998,0.09159850862637363,1
0.080189,0.004239380213003125,16.23776739188721,34.72242064735312,5.1209e-05,2.674409010989011e-06,1.7539082499999998,0.09159850862637363,1
0.080189,0.0012617885410040675,29.763514416313193,63.64552727663454,5.1209e-05,2.674409010989011e-06,1.7539082499999998,0.09159850862637363,1
0.080189,0.00037555261432860803,54.555947811685144,116.6610238254568,5.1209e-05,2.674409010989011e-06,1.7539082499999998,0.09159850862637363,1
0.080189,0.00011177765651034783,100.0,213.83740637465186,5.1209e-05,2.674409010989011e-06,1.7539082499999998,0.09159850862637363,1
0.086176,1035444.8263575882,0.001,0.002148491742914632,4.2995e-05,2.5678974576271186e-06,1.4725787499999998,0.08795048792372881,1
0.086176,308184.90370115504,0.0018329807108324356,0.003938143020332604,4.2995e-05,2.5678974576271186e-06,1.4725787499999998,0.08795048792372881,1
0.086176,91726.6977756546,0.003359818286283781,0.0072185385929807635,4.2995e-05,2.5678974576271186e-06,1.4725787499999998,0.08795048792372881,1
0.086176,27301.098337122512,0.006158482110660267,0.013231439717711917,4.2995e-05,2.5678974576271186e-06,1.4725787499999998,0.08795048792372881,1
0.086176,8125.768264740407,0.011288378916846888,0.024252970970815704,4.2995e-05,2.5678974576271186e-06,1.4725787499999998,0.08795048792372881,1
0.086176,2418.514565775623,0.02069138081114789,0.04445522481719374,4.2995e-05,2.5678974576271186e-06,1.4725787499999998,0.08795048792372881,1
0.086176,719.8349938617159,0.0379269019073225,0.08148556622595733,4.2995e-05,2.5678974576271186e-06,1.4725787499999998,0.08795048792372881,1
0.086176,214.24820273278257,0.06951927961775606,0.1493614676250049,4.2995e-05,2.5678974576271186e-06,1.4725787499999998,0.08795048792372881,0
0.086176,63.767796461242305,0.12742749857031335,0.2737766855533,4.2995e-05,2.5678974576271186e-06,1.4725787499999998,0.08795048792372881,0
0.086176,18.979537581105333,0.23357214690901212,0.5018273801130727,4.2995e-05,2.5678974576271186e-06,1.4725787499999998,0.08795048792372881,0
0.086176,5.648977451250382,0.42813323987193913,0.9198399043128442,4.2995e-05,2.5678974576271186e-06,1.4725787499999998,0.08795048792372881,0
0.086176,1.6813342257615107,0.7847599703514607,1.6860487980463192,4.2995e-05,2.5678974576271186e-06,1.4725787499999998,0.08795048792372881,1
0.086176,0.500424155921226,1.438449888287663,3.0904949207219827,4.2995e-05,2.5678974576271186e-06,1.4725787499999998,0.08795048792372881,1
0.086176,0.14894381599357182,2.636650898730358,5.664817572986563,4.2995e-05,2.5678974576271186e-06,1.4725787499999998,0.08795048792372881,1
0.086176,0.04433091417847597,4.832930238571752,10.383501338044729,4.2995e-05,2.5678974576271186e-06,1.4725787499999998,0.08795048792372881,1
0.086176,0.013194438037757952,8.858667904100823,19.032757659913536,4.2995e-05,2.5678974576271186e-06,1.4725787499999998,0.08795048792372881,1
0.086176,0.003927128468390721,16.23776739188721,34.88667766094403,4.2995e-05,2.5678974576271186e-06,1.4725787499999998,0.08795048792372881,1
0.086176,0.0011688514479780746,29.763514416313193,63.94660721391323,4.2995e-05,2.5678974576271186e-06,1.4725787499999998,0.08795048792372881,1
0.086176,0.0003478912692472123,54.555947811685144,117.2128975426549,4.2995e-05,2.5678974576271186e-06,1.4725787499999998,0.08795048792372881,1
0.086176,0.00010354466807921899,100.0,214.84898025283897,4.2995e-05,2.5678974576271186e-06,1.4725787499999998,0.08795048792372881,1
0.092714,957190.2387137475,0.001,0.0021631498683310955,3.5029e-05,2.492726085689303e-06,1.19974325,0.08537586843485863,1
0.092714,284893.5848537275,0.0018329807108324356,0.003965010990541649,3.5029e-05,2.492726085689303e-06,1.19974325,0.08537586843485863,1
0.092714,84794.3818311544,0.003359818286283781,0.007267786903737477,3.5029e-05,2.492726085689303e-06,1.19974325,0.08537586843485863,1
0.092714,25237.797289478018,0.006158482110660267,0.013321710693841443,3.5029e-05,2.492726085689303e-06,1.19974325,0.08537586843485863,1
0.092714,7511.657324496022,0.011288378916846888,0.024418435650481102,3.5029e-05,2.492726085689303e-06,1.19974325,0.08537586843485863,1
0.092714,2235.73356146192,0.02069138081114789,0.04475851807209656,3.5029e-05,2.492726085689303e-06,1.19974325,0.08537586843485863,1
0.092714,665.43294228365,0.0379269019073225,0.0820414965810815,3.5029e-05,2.492726085689303e-06,1.19974325,0.08537586843485863,1
0.092714,198.05624010340105,0.06951927961775606,0.15038047690051098,3.5029e-05,2.492726085689303e-06,1.19974325,0.08537586843485863,0
0.092714,58.94849930285395,0.12742749857031335,0.2756445095512314,3.5029e-05,2.492726085689303e-06,1.19974325,0.08537586843485863,0
0.092714,17.54514537222811,0.23357214690901212,0.5052510651208431,3.5029e-05,2.492726085689303e-06,1.19974325,0.08537586843485863,0
0.092714,5.222051918663838,0.42813323987193913,0.9261154525384988,3.5029e-05,2.492726085689303e-06,1.19974325,0.08537586843485863,0
0.092714,1.554266183207724,0.7847599703514607,1.6975517565392555,3.5029e-05,2.492726085689303e-06,1.19974325,0.08537586843485863,1
0.092714,0.46260424073845025,1.438449888287663,3.1115796214018885,3.5029e-05,2.492726085689303e-06,1.19974325,0.08537586843485863,1
0.092714,0.13768728008286374,2.636650898730358,5.703465422271047,3.5029e-05,2.492726085689303e-06,1.19974325,0.08537586843485863,1
0.092714,0.0409805734894204,4.832930238571752,10.454342099942718,3.5029e-05,2.492726085689303e-06,1.19974325,0.08537586843485863,1
0.092714,0.012197258903694996,8.858667904100823,19.162607409657504,3.5029e-05,2.492726085689303e-06,1.19974325,0.08537586843485863,1
0.092714,0.003630332913054387,16.23776739188721,35.12468974717537,3.5029e-05,2.492726085689303e-06,1.19974325,0.08537586843485863,1
0.092714,0.0010805146600764508,29.763514416313193,64.38287877656445,3.5029e-05,2.492726085689303e-06,1.19974325,0.08537586843485863,1
0.092714,0.0003215991366448608,54.555947811685144,118.01257490132353,3.5029e-05,2.492726085689303e-06,1.19974325,0.08537586843485863,1
0.092714,9.571920540170608e-05,100.0,216.31477342581215,3.5029e-05,2.492726085689303e-06,1.19974325,0.08537586843485863,1
0.09986,882709.2824815954,0.001,0.002185458771608603,2.9062e-05,2.4072675682986205e-06,0.9953735,0.08244891421422776,1
0.09986,262725.4324863382,0.0018329807108324356,0.004005902644162618,2.9062e-05,2.4072675682986205e-06,0.9953735,0.08244891421422776,1
0.09986,78196.3600474447,0.003359818286283781,0.007342740276618272,2.9062e-05,2.4072675682986205e-06,0.9953735,0.08244891421422776,1
0.09986,23273.99401512839,0.006158482110660267,0.013459098440841186,2.9062e-05,2.4072675682986205e-06,0.9953735,0.08244891421422776,1
0.09986,6927.160435334523,0.011288378916846888,0.024670264325086566,2.9062e-05,2.4072675682986205e-06,0.9953735,0.08244891421422776,1
0.09986,2061.7667426742623,0.02069138081114789,0.04522011471038041,2.9062e-05,2.4072675682986205e-06,0.9953735,0.08244891421422776,1
0.09986,613.6543026401156,0.0379269019073225,0.08288759382128749,2.9062e-05,2.4072675682986205e-06,0.9953735,0.08244891421422776,0
0.09986,182.64509715739294,0.06951927961775606,0.15193135631067384,2.9062e-05,2.4072675682986205e-06,0.9953735,0.08244891421422776,0
0.09986,54.361601539127435,0.12742749857031335,0.27848724107496464,2.9062e-05,2.4072675682986205e-06,0.9953735,0.08244891421422776,0
0.09986,16.179923393256512,0.23357214690901212,0.5104617366448665,2.9062e-05,2.4072675682986205e-06,0.9953735,0.08244891421422776,0
0.09986,4.815713877847672,0.42813323987193913,0.9356665124046454,2.9062e-05,2.4072675682986205e-06,0.9953735,0.08244891421422776,0
0.09986,1.4333257018035346,0.7847599703514607,1.7150586645124937,2.9062e-05,2.4072675682986205e-06,0.9953735,0.08244891421422776,1
0.09986,0.4266081031129605,1.438449888287663,3.143669445492896,2.9062e-05,2.4072675682986205e-06,0.9953735,0.08244891421422776,1
0.09986,0.12697356447015368,2.636650898730358,5.762285450313152,2.9062e-05,2.4072675682986205e-06,0.9953735,0.08244891421422776,1
0.09986,0.03779179519830883,4.832930238571752,10.562158076223552,2.9062e-05,2.4072675682986205e-06,0.9953735,0.08244891421422776,1
0.09986,0.011248166417283312,8.858667904100823,19.360232013968734,2.9062e-05,2.4072675682986205e-06,0.9953735,0.08244891421422776,1
0.09986,0.0033478496340318365,16.23776739188721,35.486931834332566,2.9062e-05,2.4072675682986205e-06,0.9953735,0.08244891421422776,1
0.09986,0.0009964377086000454,29.763514416313193,65.04686153444408,2.9062e-05,2.4072675682986205e-06,0.9953735,0.08244891421422776,1
0.09986,0.00029657488107124523,54.555947811685144,119.22964248831093,2.9062e-05,2.4072675682986205e-06,0.9953735,0.08244891421422776,1
0.09986,8.827110748645547e-05,100.0,218.54563483600816,2.9062e-05,2.4072675682986205e-06,0.9953735,0.08244891421422776,1
0.10756,820126.8553998113,0.001,0.0020113512313148104,2.3527e-05,2.2564188442211055e-06,0.80579975,0.07728234541457286,1
0.10756,244098.69435838208,0.0018329807108324356,0.0036867667223435107,2.3527e-05,2.2564188442211055e-06,0.80579975,0.07728234541457286,1
0.10756,72652.38562691177,0.003359818286283781,0.006757770008573225,2.3527e-05,2.2564188442211055e-06,0.80579975,0.07728234541457286,1
0.10756,21623.91177649004,0.006158482110660267,0.012386858828365188,2.3527e-05,2.2564188442211055e-06,0.80579975,0.07728234541457286,1
0.10756,6436.037843593422,0.011288378916846888,0.022704869316633982,2.3527e-05,2.2564188442211055e-06,0.80579975,0.07728234541457286,1
0.10756,1915.5913755837717,0.02069138081114789,0.04161758303360938,2.3527e-05,2.2564188442211055e-06,0.80579975,0.07728234541457286,1
0.10756,570.1473720162828,0.0379269019073225,0.07628422217753836,2.3527e-05,2.2564188442211055e-06,0.80579975,0.07728234541457286,1
0.10756,169.69590488179725,0.06951927961775606,0.13982750287245801,2.3527e-05,2.2564188442211055e-06,0.80579975,0.07728234541457286,0
0.10756,50.507466711693134,0.12742749857031335,0.256301110596802,2.3527e-05,2.2564188442211055e-06,0.80579975,0.07728234541457286,0
0.10756,15.032797398900039,0.23357214690901212,0.46979498682547943,2.3527e-05,2.2564188442211055e-06,0.80579975,0.07728234541457286,0
0.10756,4.474288863975806,0.42813323987193913,0.8611251438054128,2.3527e-05,2.2564188442211055e-06,0.80579975,0.07728234541457286,1
0.10756,1.3317056180623508,0.7847599703514607,1.578425773101282,2.3527e-05,2.2564188442211055e-06,0.80579975,0.07728234541457286,1
0.10756,0.39636239475472584,1.438449888287663,2.893223990460174,2.3527e-05,2.2564188442211055e-06,0.80579975,0.07728234541457286,1
0.10756,0.11797137868896902,2.636650898730358,5.303223761511301,2.3527e-05,2.2564188442211055e-06,0.80579975,0.07728234541457286,1
0.10756,0.03511242833332222,4.832930238571752,9.720706854956092,2.3527e-05,2.2564188442211055e-06,0.80579975,0.07728234541457286,1
0.10756,0.01045069267379643,8.858667904100823,17.817868155667433,2.3527e-05,2.2564188442211055e-06,0.80579975,0.07728234541457286,1
0.10756,0.003110493421364229,16.23776739188721,32.659808632369455,2.3527e-05,2.2564188442211055e-06,0.80579975,0.07728234541457286,1
0.10756,0.0009257921580151946,29.763514416313193,59.864799237487055,2.3527e-05,2.2564188442211055e-06,0.80579975,0.07728234541457286,1
0.10756,0.0002755482824368945,54.555947811685144,109.7310222550449,2.3527e-05,2.2564188442211055e-06,0.80579975,0.07728234541457286,1
0.10756,8.201285277040938e-05,100.0,201.13484716829706,2.3527e-05,2.2564188442211055e-06,0.80579975,0.07728234541457286,1
0.11585,755336.0797023664,0.001,0.0020370012654103097,1.9777e-05,2.083704200700117e-06,0.67736225,0.071366868873979,1
0.11585,224814.68290060962,0.0018329807108324356,0.003733782356378108,1.9777e-05,2.083704200700117e-06,0.67736225,0.071366868873979,1
0.11585,66912.78629548154,0.003359818286283781,0.006843948082349391,1.9777e-05,2.083704200700117e-06,0.67736225,0.071366868873979,1
0.11585,19915.60536778868,0.006158482110660267,0.012544820615756281,1.9777e-05,2.083704200700117e-06,0.67736225,0.071366868873979,1
0.11585,5927.585835859053,0.011288378916846888,0.022994409052468717,1.9777e-05,2.083704200700117e-06,0.67736225,0.071366868873979,1
0.11585,1764.2581924176015,0.02069138081114789,0.04214830247233493,1.9777e-05,2.083704200700117e-06,0.67736225,0.071366868873979,1
0.11585,525.1052988767101,0.0379269019073225,0.07725701927707733,1.9777e-05,2.083704200700117e-06,0.67736225,0.071366868873979,0
0.11585,156.289801063733,0.06951927961775606,0.14161061974999634,1.9777e-05,2.083704200700117e-06,0.67736225,0.071366868873979,0
0.11585,46.51733908853796,0.12742749857031335,0.25956952797082744,1.9777e-05,2.083704200700117e-06,0.67736225,0.071366868873979,0
0.11585,13.845195191781704,0.23357214690901212,0.4757859313449017,1.9777e-05,2.083704200700117e-06,0.67736225,0.071366868873979,0
0.11585,4.120816710383091,0.42813323987193913,0.8721064280591314,1.9777e-05,2.083704200700117e-06,0.67736225,0.071366868873979,1
0.11585,1.226499882757057,0.7847599703514607,1.5985542538241242,1.9777e-05,2.083704200700117e-06,0.67736225,0.071366868873979,1
0.11585,0.36504947057451864,1.438449888287663,2.9301191058667415,1.9777e-05,2.083704200700117e-06,0.67736225,0.071366868873979,1
0.11585,0.10865155198873007,2.636650898730358,5.370851794877415,1.9777e-05,2.083704200700117e-06,0.67736225,0.071366868873979,1
0.11585,0.03233852037019615,4.832930238571752,9.844667734128938,1.9777e-05,2.083704200700117e-06,0.67736225,0.071366868873979,1
0.11585,0.009625080177357062,8.858667904100823,18.045086054589934,1.9777e-05,2.083704200700117e-06,0.67736225,0.071366868873979,1
0.11585,0.00286476212697351,16.23776739188721,33.0762946567509,1.9777e-05,2.083704200700117e-06,0.67736225,0.071366868873979,1
0.11585,0.0008526538887854272,29.763514416313193,60.628210085010096,1.9777e-05,2.083704200700117e-06,0.67736225,0.071366868873979,1
0.11585,0.0002537797631311118,54.555947811685144,111.1303396114953,1.9777e-05,2.083704200700117e-06,0.67736225,0.071366868873979,1
0.11585,7.553377638865719e-05,100.0,203.69976888950413,1.9777e-05,2.083704200700117e-06,0.67736225,0.071366868873979,1
0.12478,691415.7125024707,0.001,0.0021430792856112035,1.6307e-05,1.9435545454545455e-06,0.5585147500000001,0.06656674318181818,1
0.12478,205789.74324878678,0.0018329807108324356,0.0039282204078634276,1.6307e-05,1.9435545454545455e-06,0.5585147500000001,0.06656674318181818,1
0.12478,61250.29812415419,0.003359818286283781,0.007200347669513544,1.6307e-05,1.9435545454545455e-06,0.5585147500000001,0.06656674318181818,1
0.12478,18230.250500166054,0.006158482110660267,0.01319809189958359,1.6307e-05,1.9435545454545455e-06,0.5585147500000001,0.06656674318181818,1
0.12478,5425.9651265798275,0.011288378916846888,0.024191839920059164,1.6307e-05,1.9435545454545455e-06,0.5585147500000001,0.06656674318181818,1
0.12478,1614.958264847649,0.02069138081114789,0.04434316703029109,1.6307e-05,1.9435545454545455e-06,0.5585147500000001,0.06656674318181818,1
0.12478,480.6683977616703,0.0379269019073225,0.08128016035329842,1.6307e-05,1.9435545454545455e-06,0.5585147500000001,0.06656674318181818,0
0.12478,143.0638183360744,0.06951927961775606,0.1489849563062923,1.6307e-05,1.9435545454545455e-06,0.5585147500000001,0.06656674318181818,0
0.12478,42.58082193646093,0.12742749857031335,0.27308654113787273,1.6307e-05,1.9435545454545455e-06,0.5585147500000001,0.06656674318181818,0
0.12478,12.673549362121124,0.23357214690901212,0.5005623522178635,1.6307e-05,1.9435545454545455e-06,0.5585147500000001,0.06656674318181818,0
0.12478,3.7720937383033046,0.42813323987193913,0.9175211260535155,1.6307e-05,1.9435545454545455e-06,0.5585147500000001,0.06656674318181818,1
0.12478,1.1227076712337556,0.7847599703514607,1.6817985156765343,1.6307e-05,1.9435545454545455e-06,0.5585147500000001,0.06656674318181818,1
0.12478,0.3341572608234271,1.438449888287663,3.0827042285644572,1.6307e-05,1.9435545454545455e-06,0.5585147500000001,0.06656674318181818,1
0.12478,0.09945694470036126,2.636650898730358,5.650537377974001,1.6307e-05,1.9435545454545455e-06,0.5585147500000001,0.06656674318181818,1
0.12478,0.029601882106741473,4.832930238571752,10.357326009472894,1.6307e-05,1.9435545454545455e-06,0.5585147500000001,0.06656674318181818,1
0.12478,0.008810560453671889,8.858667904100823,18.98477878097309,1.6307e-05,1.9435545454545455e-06,0.5585147500000001,0.06656674318181818,1
0.12478,0.0026223324316525572,16.23776739188721,34.79873329474933,1.6307e-05,1.9435545454545455e-06,0.5585147500000001,0.06656674318181818,1
0.12478,0.0007804982914791873,29.763514416313193,63.78540688048201,1.6307e-05,1.9435545454545455e-06,0.5585147500000001,0.06656674318181818,1
0.12478,0.00023230372152632182,54.555947811685144,116.91742043432544,1.6307e-05,1.9435545454545455e-06,0.5585147500000001,0.06656674318181818,1
0.12478,6.914175164982675e-05,100.0,214.3073764062081,1.6307e-05,1.9435545454545455e-06,0.5585147500000001,0.06656674318181818,1
0.13439,601462.2749574517,0.001,0.0028557356017457733,1.2406e-05,1.833356783919598e-06,0.4249055,0.06279246984924623,1
0.13439,179016.50672100057,0.0018329807108324356,0.005234501117432483,1.2406e-05,1.833356783919598e-06,0.4249055,0.06279246984924623,1
0.13439,53281.66236677036,0.003359818286283781,0.00959472695112929,1.2406e-05,1.833356783919598e-06,0.4249055,0.06279246984924623,1
0.13439,15858.509363673631,0.006158482110660267,0.017586931499690497,1.2406e-05,1.833356783919598e-06,0.4249055,0.06279246984924623,1
0.13439,4720.052626975972,0.011288378916846888,0.03223648425905137,1.2406e-05,1.833356783919598e-06,0.4249055,0.06279246984924623,1
0.13439,1404.8540858887147,0.02069138081114789,0.05908882928356829,1.2406e-05,1.833356783919598e-06,0.4249055,0.06279246984924623,1
0.13439,418.13404349103865,0.0379269019073225,0.10830865820174757,1.2406e-05,1.833356783919598e-06,0.4249055,0.06279246984924623,0
0.13439,124.45140244177033,0.06951927961775606,0.1985276543138821,1.2406e-05,1.833356783919598e-06,0.4249055,0.06279246984924623,0
0.13439,37.041113789190916,0.12742749857031335,0.36389733344396996,1.2406e-05,1.833356783919598e-06,0.4249055,0.06279246984924623,0
0.13439,11.024737683875225,0.23357214690901212,0.6670167651731811,1.2406e-05,1.833356783919598e-06,0.4249055,0.06279246984924623,1
0.13439,3.2813494620687527,0.42813323987193913,1.222628836461549,1.2406e-05,1.833356783919598e-06,0.4249055,0.06279246984924623,1
0.13439,0.9766449319569404,0.7847599703514607,2.2410550457568026,1.2406e-05,1.833356783919598e-06,0.4249055,0.06279246984924623,1
0.13439,0.29068385703358157,1.438449888287663,4.107810642756395,1.2406e-05,1.833356783919598e-06,0.4249055,0.06279246984924623,1
0.13439,0.08651773200530243,2.636650898730358,7.5295376438706665,1.2406e-05,1.833356783919598e-06,0.4249055,0.06279246984924623,1
0.13439,0.025750717688632373,4.832930238571752,13.80149723463427,1.2406e-05,1.833356783919598e-06,0.4249055,0.06279246984924623,1
0.13439,0.007664318579774008,8.858667904100823,25.29787818361717,1.2406e-05,1.833356783919598e-06,0.4249055,0.06279246984924623,1
0.13439,0.0022811705667371983,16.23776739188721,46.37052270748033,1.2406e-05,1.833356783919598e-06,0.4249055,0.06279246984924623,1
0.13439,0.0006789565307081509,29.763514416313193,84.99627364594835,1.2406e-05,1.833356783919598e-06,0.4249055,0.06279246984924623,1
0.13439,0.00020208132493299908,54.555947811685144,155.79653005757643,1.2406e-05,1.833356783919598e-06,0.4249055,0.06279246984924623,1
0.13439,6.014650428482208e-05,100.0,285.5720343820813,1.2406e-05,1.833356783919598e-06,0.4249055,0.06279246984924623,1
0.14475,634641.4421884038,0.001,0.00038100606539467294,9.5884e-06,1.7641450980392158e-06,0.3284027,0.06042196960784314,1
0.14475,188891.64518455643,0.0018329807108324356,0.0006983837814774299,9.5884e-06,1.7641450980392158e-06,0.3284027,0.06042196960784314,1
0.14475,56220.80601425872,0.003359818286283781,0.0012801363611356523,9.5884e-06,1.7641450980392158e-06,0.3284027,0.06042196960784314,1
0.14475,16733.290971728486,0.006158482110660267,0.0023464827833891548,9.5884e-06,1.7641450980392158e-06,0.3284027,0.06042196960784314,1
0.14475,4980.416128710249,0.011288378916846888,0.004301079108270822,9.5884e-06,1.7641450980392158e-06,0.3284027,0.06042196960784314,1
0.14475,1482.3469931195905,0.02069138081114789,0.007883818994452845,9.5884e-06,1.7641450980392158e-06,0.3284027,0.06042196960784314,1
0.14475,441.19858195551905,0.0379269019073225,0.0144509135989545,9.5884e-06,1.7641450980392158e-06,0.3284027,0.06042196960784314,1
0.14475,131.31620707655458,0.06951927961775606,0.026488272190136514,9.5884e-06,1.7641450980392158e-06,0.3284027,0.06042196960784314,1
0.14475,39.08431880939648,0.12742749857031335,0.04855251877384135,9.5884e-06,1.7641450980392158e-06,0.3284027,0.06042196960784314,1
0.14475,11.6328669594366,0.23357214690901212,0.08899585742384798,9.5884e-06,1.7641450980392158e-06,0.3284027,0.06042196960784314,0
0.14475,3.4623500501990403,0.42813323987193913,0.1631277171953365,9.5884e-06,1.7641450980392158e-06,0.3284027,0.06042196960784314,0
0.14475,1.0305170588914265,0.7847599703514607,0.2990099862936175,9.5884e-06,1.7641450980392158e-06,0.3284027,0.06042196960784314,0
0.14475,0.3067180938016981,1.438449888287663,0.5480795645380903,9.5884e-06,1.7641450980392158e-06,0.3284027,0.06042196960784314,1
0.14475,0.09129008413372222,2.636650898730358,1.0046192971389516,9.5884e-06,1.7641450980392158e-06,0.3284027,0.06042196960784314,1
0.14475,0.027171137362789543,4.832930238571752,1.8414478207378109,9.5884e-06,1.7641450980392158e-06,0.3284027,0.06042196960784314,1
0.14475,0.008087085387834314,8.858667904100823,3.3753383627759335,9.5884e-06,1.7641450980392158e-06,0.3284027,0.06042196960784314,1
0.14475,0.002407000825557381,16.23776739188721,6.18693013886396,9.5884e-06,1.7641450980392158e-06,0.3284027,0.06042196960784314,1
0.14475,0.0007164080377626019,29.763514416313193,11.340523631170338,9.5884e-06,1.7641450980392158e-06,0.3284027,0.06042196960784314,1
0.14475,0.0002132282096067398,54.555947811685144,20.786961094040855,9.5884e-06,1.7641450980392158e-06,0.3284027,0.06042196960784314,1
0.14475,6.346420890718913e-05,100.0,38.10209874956776,9.5884e-06,1.7641450980392158e-06,0.3284027,0.06042196960784314,1
0.15591,575160.1958341261,0.001,0.001089569879252113,8.0248e-06,1.7180468804159445e-06,0.27484939999999997,0.0588431056542461,1
0.15591,171187.94627691168,0.0018329807108324356,0.0019971627896960367,8.0248e-06,1.7180468804159445e-06,0.27484939999999997,0.0588431056542461,1
0.15591,50951.566444047254,0.003359818286283781,0.0036607647746921116,8.0248e-06,1.7180468804159445e-06,0.27484939999999997,0.0588431056542461,1
0.15591,15164.9809794052,0.006158482110660267,0.006710116748626161,8.0248e-06,1.7180468804159445e-06,0.27484939999999997,0.0588431056542461,1
0.15591,4513.632151777087,0.011288378916846888,0.012299521321282236,8.0248e-06,1.7180468804159445e-06,0.27484939999999997,0.0588431056542461,1
0.15591,1343.4157143877858,0.02069138081114789,0.022544792877955324,8.0248e-06,1.7180468804159445e-06,0.27484939999999997,0.0588431056542461,1
0.15591,399.84775752758355,0.0379269019073225,0.041324178487202996,8.0248e-06,1.7180468804159445e-06,0.27484939999999997,0.0588431056542461,1
0.15591,119.00874964641108,0.06951927961775606,0.07574643033672865,8.0248e-06,1.7180468804159445e-06,0.27484939999999997,0.0588431056542461,0
0.15591,35.42118713726152,0.12742749857031335,0.13884175414878297,8.0248e-06,1.7180468804159445e-06,0.27484939999999997,0.0588431056542461,0
0.15591,10.542590268227686,0.23357214690901212,0.25449426572187495,8.0248e-06,1.7180468804159445e-06,0.27484939999999997,0.0588431056542461,0
0.15591,3.137845395298263,0.42813323987193913,0.4664830886395988,8.0248e-06,1.7180468804159445e-06,0.27484939999999997,0.0588431056542461,1
0.15591,0.9339330700078057,0.7847599703514607,0.8550545119844397,8.0248e-06,1.7180468804159445e-06,0.27484939999999997,0.0588431056542461,1
0.15591,0.27797130448641444,1.438449888287663,1.5672984357696718,8.0248e-06,1.7180468804159445e-06,0.27484939999999997,0.0588431056542461,1
0.15591,0.08273402937439961,2.636650898730358,2.8728278094829407,8.0248e-06,1.7180468804159445e-06,0.27484939999999997,0.0588431056542461,1
0.15591,0.024624554774729617,4.832930238571752,5.265837968928521,8.0248e-06,1.7180468804159445e-06,0.27484939999999997,0.0588431056542461,1
0.15591,0.007329132912714644,8.858667904100823,9.652179432020507,8.0248e-06,1.7180468804159445e-06,0.27484939999999997,0.0588431056542461,1
0.15591,0.002181407531453928,16.23776739188721,17.692258724993835,8.0248e-06,1.7180468804159445e-06,0.27484939999999997,0.0588431056542461,1
0.15591,0.0006492635451657339,29.763514416313193,32.42956898257787,8.0248e-06,1.7180468804159445e-06,0.27484939999999997,0.0588431056542461,1
0.15591,0.0001932436488754843,54.555947811685144,59.442774414282724,8.0248e-06,1.7180468804159445e-06,0.27484939999999997,0.0588431056542461,1
0.15591,5.751610129332298e-05,100.0,108.95745890835191,8.0248e-06,1.7180468804159445e-06,0.27484939999999997,0.0588431056542461,1
0.16793,531368.0916157287,0.001,0.0011012331826198815,6.5766e-06,1.6921924376508447e-06,0.22524855,0.05795759098954143,1
0.16793,158153.878281966,0.0018329807108324356,0.0020185404955288633,6.5766e-06,1.6921924376508447e-06,0.22524855,0.05795759098954143,1
0.16793,47072.17013081348,0.003359818286283781,0.0036999481029853848,6.5766e-06,1.6921924376508447e-06,0.22524855,0.05795759098954143,1
0.16793,14010.336397202014,0.006158482110660267,0.006781936772866195,6.5766e-06,1.6921924376508447e-06,0.22524855,0.05795759098954143,1
0.16793,4169.969366107776,0.011288378916846888,0.012431163275910378,6.5766e-06,1.6921924376508447e-06,0.22524855,0.05795759098954143,1
0.16793,1241.129595634383,0.02069138081114789,0.02278608695091702,6.5766e-06,1.6921924376508447e-06,0.22524855,0.05795759098954143,1
0.16793,369.4038145386575,0.0379269019073225,0.04176646258401691,6.5766e-06,1.6921924376508447e-06,0.22524855,0.05795759098954143,1
0.16793,109.94756240771575,0.06951927961775606,0.07655712515985362,6.5766e-06,1.6921924376508447e-06,0.22524855,0.05795759098954143,0
0.16793,32.72425938751428,0.12742749857031335,0.14032773866528878,6.5766e-06,1.6921924376508447e-06,0.22524855,0.05795759098954143,0
0.16793,9.739889791987308,0.23357214690901212,0.25721804318657393,6.5766e-06,1.6921924376508447e-06,0.22524855,0.05795759098954143,1
0.16793,2.8989335238818015,0.42813323987193913,0.4714757166836798,6.5766e-06,1.6921924376508447e-06,0.22524855,0.05795759098954143,1
0.16793,0.8628245008060723,0.7847599703514607,0.8642058993660757,6.5766e-06,1.6921924376508447e-06,0.22524855,0.05795759098954143,1
0.16793,0.25680689525540695,1.438449888287663,1.5840727487924589,6.5766e-06,1.6921924376508447e-06,0.22524855,0.05795759098954143,1
0.16793,0.07643475738417266,2.636650898730358,2.90357479816302,6.5766e-06,1.6921924376508447e-06,0.22524855,0.05795759098954143,1
0.16793,0.022749670048181014,4.832930238571752,5.322196602565471,6.5766e-06,1.6921924376508447e-06,0.22524855,0.05795759098954143,1
0.16793,0.006771101326901698,8.858667904100823,9.75548371683518,6.5766e-06,1.6921924376508447e-06,0.22524855,0.05795759098954143,1
0.16793,0.0020153177199730777,16.23776739188721,17.881613482874243,6.5766e-06,1.6921924376508447e-06,0.22524855,0.05795759098954143,1
0.16793,0.0005998293801832549,29.763514416313193,32.77665259774552,6.5766e-06,1.6921924376508447e-06,0.22524855,0.05795759098954143,1
0.16793,0.00017853030405460822,54.555947811685144,60.07897198239938,6.5766e-06,1.6921924376508447e-06,0.22524855,0.05795759098954143,1
0.16793,5.313689278648322e-05,100.0,110.12359677545659,6.5766e-06,1.6921924376508447e-06,0.22524855,0.05795759098954143,1
0.18087,495481.70613052556,0.001,0.0009499530625509919,5.2044e-06,1.6868289768483943e-06,0.17825069999999998,0.0577738924570575,1
0.18087,147472.82396852554,0.0018329807108324356,0.0017412466141522186,5.2044e-06,1.6868289768483943e-06,0.17825069999999998,0.0577738924570575,1
0.18087,43893.11150526082,0.003359818286283781,0.003191673169657986,5.2044e-06,1.6868289768483943e-06,0.17825069999999998,0.0577738924570575,1
0.18087,13064.136455646742,0.006158482110660267,0.005850277777981142,5.2044e-06,1.6868289768483943e-06,0.17825069999999998,0.0577738924570575,1
0.18087,3888.3469320855143,0.011288378916846888,0.010723449275490477,5.2044e-06,1.6868289768483943e-06,0.17825069999999998,0.0577738924570575,1
0.18087,1157.3088470929024,0.02069138081114789,0.01965587897379978,5.2044e-06,1.6868289768483943e-06,0.17825069999999998,0.0577738924570575,1
0.18087,344.4558113385803,0.0379269019073225,0.03602885051453712,5.2044e-06,1.6868289768483943e-06,0.17825069999999998,0.0577738924570575,1
0.18087,102.52215943095007,0.06951927961775606,0.06604019164289086,5.2044e-06,1.6868289768483943e-06,0.17825069999999998,0.0577738924570575,0
0.18087,30.514198427333493,0.12742749857031335,0.12105040110147028,5.2044e-06,1.6868289768483943e-06,0.17825069999999998,0.0577738924570575,0
0.18087,9.082097967177129,0.23357214690901212,0.22188305397322286,5.2044e-06,1.6868289768483943e-06,0.17825069999999998,0.0577738924570575,1
0.18087,2.7031515572584226,0.42813323987193913,0.4067073617285837,5.2044e-06,1.6868289768483943e-06,0.17825069999999998,0.0577738924570575,1
0.18087,0.8045529066166363,0.7847599703514607,0.7454867527477177,5.2044e-06,1.6868289768483943e-06,0.17825069999999998,0.0577738924570575,1
0.18087,0.23946322086467337,1.438449888287663,1.366462841719143,5.2044e-06,1.6868289768483943e-06,0.17825069999999998,0.0577738924570575,1
0.18087,0.07127267034786199,2.636650898730358,2.504700034695092,5.2044e-06,1.6868289768483943e-06,0.17825069999999998,0.0577738924570575,1
0.18087,0.0212132515275313,4.832930238571752,4.59106685377379,5.2044e-06,1.6868289768483943e-06,0.17825069999999998,0.0577738924570575,1
0.18087,0.006313809178783398,8.858667904100823,8.415336988866818,5.2044e-06,1.6868289768483943e-06,0.17825069999999998,0.0577738924570575,1
0.18087,0.0018792115055058939,16.23776739188721,15.4251503795054,5.2044e-06,1.6868289768483943e-06,0.17825069999999998,0.0577738924570575,1
0.18087,0.0005593193874127554,29.763514416313193,28.27400311108111,5.2044e-06,1.6868289768483943e-06,0.17825069999999998,0.0577738924570575,1
0.18087,0.0001664731065153288,54.555947811685144,51.825702324386164,5.2044e-06,1.6868289768483943e-06,0.17825069999999998,0.0577738924570575,1
0.18087,4.9548247058516576e-05,100.0,94.99551268970194,5.2044e-06,1.6868289768483943e-06,0.17825069999999998,0.0577738924570575,1
0.19481,466558.11245190783,0.001,0.0006150291973894289,4.0188e-06,1.7028529819694869e-06,0.1376439,0.058322714632454926,1
0.19481,138864.13703394582,0.0018329807108324356,0.00112733751344645,4.0188e-06,1.7028529819694869e-06,0.1376439,0.058322714632454926,1
0.19481,41330.8609226304,0.003359818286283781,0.002066389426460764,4.0188e-06,1.7028529819694869e-06,0.1376439,0.058322714632454926,1
0.19481,12301.519929548953,0.006158482110660267,0.003787654096386177,4.0188e-06,1.7028529819694869e-06,0.1376439,0.058322714632454926,1
0.19481,3661.3653024297323,0.011288378916846888,0.006942699506058723,4.0188e-06,1.7028529819694869e-06,0.1376439,0.058322714632454926,1
0.19481,1089.751108451306,0.02069138081114789,0.01272583718766142,4.0188e-06,1.7028529819694869e-06,0.1376439,0.058322714632454926,1
0.19481,324.348248973837,0.0379269019073225,0.023326217186193578,4.0188e-06,1.7028529819694869e-06,0.1376439,0.058322714632454926,1
0.19481,96.53744133864306,0.06951927961775606,0.042756509353315736,4.0188e-06,1.7028529819694869e-06,0.1376439,0.058322714632454926,1
0.19481,28.732935849964473,0.12742749857031335,0.07837186015846208,4.0188e-06,1.7028529819694869e-06,0.1376439,0.058322714632454926,0
0.19481,8.551931599222693,0.23357214690901212,0.14365411122523544,4.0188e-06,1.7028529819694869e-06,0.1376439,0.058322714632454926,1
0.19481,2.5453554099799893,0.42813323987193913,0.26331521820758297,4.0188e-06,1.7028529819694869e-06,0.1376439,0.058322714632454926,1
0.19481,0.7575872269332186,0.7847599703514607,0.48265171915251015,4.0188e-06,1.7028529819694869e-06,0.1376439,0.058322714632454926,1
0.19481,0.22548458391722212,1.438449888287663,0.8846912945711952,4.0188e-06,1.7028529819694869e-06,0.1376439,0.058322714632454926,1
0.19481,0.06711213670786671,2.636650898730358,1.621622081307718,4.0188e-06,1.7028529819694869e-06,0.1376439,0.058322714632454926,1
0.19481,0.019974930495043536,4.832930238571752,2.9724019986158723,4.0188e-06,1.7028529819694869e-06,0.1376439,0.058322714632454926,1
0.19481,0.00594524131931158,8.858667904100823,5.448355531622394,4.0188e-06,1.7028529819694869e-06,0.1376439,0.058322714632454926,1
0.19481,0.00176951275744549,16.23776739188721,9.986730598541227,4.0188e-06,1.7028529819694869e-06,0.1376439,0.058322714632454926,1
0.19481,0.0005266691847074894,29.763514416313193,18.30548455472654,4.0188e-06,1.7028529819694869e-06,0.1376439,0.058322714632454926,1
0.19481,0.0001567552587242766,54.555947811685144,33.553600094575366,4.0188e-06,1.7028529819694869e-06,0.1376439,0.058322714632454926,1
0.19481,4.665587402996047e-05,100.0,61.50310175566268,4.0188e-06,1.7028529819694869e-06,0.1376439,0.058322714632454926,1
0.20983,435429.66738265543,0.001,0.0004467887336951827,3.0228e-06,1.7482255813953488e-06,0.10353090000000001,0.059876726162790696,1
0.20983,129599.21755893013,0.0018329807108324356,0.0008189541099284626,3.0228e-06,1.7482255813953488e-06,0.10353090000000001,0.059876726162790696,1
0.20983,38573.29511659018,0.003359818286283781,0.0015011252850355306,3.0228e-06,1.7482255813953488e-06,0.10353090000000001,0.059876726162790696,1
0.20983,11480.77137312373,0.006158482110660267,0.0027515311341876026,3.0228e-06,1.7482255813953488e-06,0.10353090000000001,0.059876726162790696,1
0.20983,3417.0816716328077,0.011288378916846888,0.005043500363232041,3.0228e-06,1.7482255813953488e-06,0.10353090000000001,0.059876726162790696,1
0.20983,1017.0437113716009,0.02069138081114789,0.009244635377842527,3.0228e-06,1.7482255813953488e-06,0.10353090000000001,0.059876726162790696,1
0.20983,302.70797171386266,0.0379269019073225,0.016945234601534572,3.0228e-06,1.7482255813953488e-06,0.10353090000000001,0.059876726162790696,1
0.20983,90.09653418169403,0.06951927961775606,0.031060284313961323,3.0228e-06,1.7482255813953488e-06,0.10353090000000001,0.059876726162790696,1
0.20983,26.81589550017416,0.12742749857031335,0.05693289809870193,3.0228e-06,1.7482255813953488e-06,0.10353090000000001,0.059876726162790696,1
0.20983,7.9813530150796,0.23357214690901212,0.10435690006598293,3.0228e-06,1.7482255813953488e-06,0.10353090000000001,0.059876726162790696,1
0.20983,2.3755311702939483,0.42813323987193913,0.191284180881095,3.0228e-06,1.7482255813953488e-06,0.10353090000000001,0.059876726162790696,1
0.20983,0.707041564783778,0.7847599703514607,0.35062020984859893,3.0228e-06,1.7482255813953488e-06,0.10353090000000001,0.059876726162790696,1
0.20983,0.2104404184621861,1.438449888287663,0.6426800774802718,3.0228e-06,1.7482255813953488e-06,0.10353090000000001,0.059876726162790696,1
0.20983,0.06263446435150472,2.636650898730358,1.1780201812539077,3.0228e-06,1.7482255813953488e-06,0.10353090000000001,0.059876726162790696,1
0.20983,0.018642217837362286,4.832930238571752,2.1592882652041037,3.0228e-06,1.7482255813953488e-06,0.10353090000000001,0.059876726162790696,1
0.20983,0.005548579195252815,8.858667904100823,3.9579337352392803,3.0228e-06,1.7482255813953488e-06,0.10353090000000001,0.059876726162790696,1
0.20983,0.0016514521689571706,16.23776739188721,7.254816187439321,3.0228e-06,1.7482255813953488e-06,0.10353090000000001,0.059876726162790696,1
0.20983,0.0004915302044311545,29.763514416313193,13.29793812820367,3.0228e-06,1.7482255813953488e-06,0.10353090000000001,0.059876726162790696,1
0.20983,0.0001462966632637195,54.555947811685144,24.374864078832772,3.0228e-06,1.7482255813953488e-06,0.10353090000000001,0.059876726162790696,1
0.20983,4.354302846227069e-05,100.0,44.67865568165514,3.0228e-06,1.7482255813953488e-06,0.10353090000000001,0.059876726162790696,1
0.22072,33.80493104706204,0.001,0.0018620220429551723,2.2267e-06,1.7509e-06,0.076264475,0.059968325,1
0.22072,10.061538559165756,0.0018329807108324356,0.003413049739115262,2.2267e-06,1.7509e-06,0.076264475,0.059968325,1
0.22072,2.9946683562400263,0.003359818286283781,0.006256053008256809,2.2267e-06,1.7509e-06,0.076264475,0.059968325,1
0.22072,0.8913187518217279,0.006158482110660267,0.011467222592949824,2.2267e-06,1.7509e-06,0.076264475,0.059968325,1
0.22072,0.2652878260257113,0.011288378916846888,0.021019195486124825,2.2267e-06,1.7509e-06,0.076264475,0.059968325,1
0.22072,0.0789589878029275,0.02069138081114789,0.038527777263059296,2.2267e-06,1.7509e-06,0.076264475,0.059968325,1
0.22072,0.02350097101017936,0.0379269019073225,0.07062066976185699,2.2267e-06,1.7509e-06,0.076264475,0.059968325,0
0.22072,0.006994715112057855,0.06951927961775606,0.12944632256805694,2.2267e-06,1.7509e-06,0.076264475,0.059968325,1
0.22072,0.0020818730767622772,0.12742749857031335,0.23727260940852798,2.2267e-06,1.7509e-06,0.076264475,0.059968325,1
0.22072,0.0006196385992401846,0.23357214690901212,0.434916113277131,2.2267e-06,1.7509e-06,0.076264475,0.059968325,1
0.22072,0.0001844262247788999,0.42813323987193913,0.797192843472759,2.2267e-06,1.7509e-06,0.076264475,0.059968325,1
0.22072,5.489172615672076e-05,0.7847599703514607,1.4612391018955568,2.2267e-06,1.7509e-06,0.076264475,0.059968325,1
0.22072,1.6337706853586947e-05,1.438449888287663,2.67842308467995,2.2267e-06,1.7509e-06,0.076264475,0.059968325,1
0.22072,4.8626757388179525e-06,2.636650898730358,4.909497846655181,2.2267e-06,1.7509e-06,0.076264475,0.059968325,1
0.22072,1.4473031952167705e-06,4.832930238571752,8.999014849779337,2.2267e-06,1.7509e-06,0.076264475,0.059968325,1
0.22072,4.307682952657606e-07,8.858667904100823,16.495020633126373,2.2267e-06,1.7509e-06,0.076264475,0.059968325,1
0.22072,1.2821178368013952e-07,16.23776739188721,30.23505464228942,2.2267e-06,1.7509e-06,0.076264475,0.059968325,1
0.22072,3.8160332721942465e-08,29.763514416313193,55.42027194726676,2.2267e-06,1.7509e-06,0.076264475,0.059968325,1
0.22072,1.1357856131478048e-08,54.555947811685144,101.58428946541319,2.2267e-06,1.7509e-06,0.076264475,0.059968325,1
0.22072,3.380497147152829e-09,100.0,186.20204311070648,2.2267e-06,1.7509e-06,0.076264475,0.059968325,1
