#  m  [GeV] ,  tau  [ps] ,  c ,  BR_theo(KL->pi0  a) 

0.0,0.0,1e-07,4.992678188499763e-24
0.0,0.0,3.792690190732254e-07,7.181717382503128e-23
0.0,0.0,1.438449888287663e-06,1.033054056657453e-21
0.0,0.0,5.455594781168514e-06,1.4859964923937508e-20
0.0,0.0,2.06913808111479e-05,2.137531488481088e-19
0.0,0.0,7.847599703514623e-05,3.0747319308182773e-18
0.0,0.0,0.00029763514416313193,4.4228478024928584e-17
0.0,0.0,0.0011288378916846883,6.362044929258775e-16
0.0,0.0,0.004281332398719396,9.151482856060102e-15
0.0,0.0,0.01623776739188724,1.316395027995607e-13
0.0,0.0,0.06158482110660267,1.893569880650619e-12
0.0,0.0,0.1,4.992689992779301e-12
0.0,0.0,0.14384498882876628,1.033059039738235e-11
0.0,0.0,0.20691380811147897,2.1375524556477058e-11
0.0,0.0,0.23357214690901212,2.7238367375612837e-11
0.0,0.0,0.29763514416313175,4.422935852962473e-11
0.0,0.0,0.42813323987193935,9.15185337771618e-11
0.0,0.0,0.6158482110660264,1.8937259245792552e-10
0.0,0.0,0.8858667904100825,3.918745843262253e-10
0.0,0.0,0.8858667904100832,3.918745843261976e-10
0.0,0.0,1.2742749857031335,8.110214883888166e-10
0.0,0.0,1.8329807108324356,1.6921393262677222e-09
0.0,0.0,2.636650898730358,3.491018836664639e-09
0.0,0.0,3.359818286283788,5.65621671599843e-09
0.0,0.0,3.79269019073225,7.199843794241041e-09
0.0,0.0,5.455594781168517,1.4859654929530134e-08
0.0,0.0,7.847599703514611,3.074889438358501e-08
0.0,0.0,11.288378916846883,6.343160785425744e-08
0.0,0.0,12.742749857031322,8.079487587763312e-08
0.0,0.0,16.23776739188721,1.3127494932386645e-07
0.0,0.0,23.357214690901213,2.713094394949496e-07
0.0,0.0,33.59818286283781,5.629982459925827e-07
0.0,0.0,48.32930238571752,1.164398503358227e-06
0.0,0.0,48.32930238571752,1.164398503358227e-06
0.0,0.0,69.51927961775606,2.4030973452700433e-06
0.0,0.0,100.0,4.97284845566874e-06
0.0,0.0,183.29807108324374,1.6715840955871558e-05
0.0,0.0,695.192796177562,0.0002403247104713735
0.0,0.0,2636.6508987303664,0.0034558241529286248
0.0,0.0,10000.0,0.04978611808435641
0.049753,1.2433119712793704e+19,1e-07,8.688156414479069e-23
0.049753,8.643415258347383e+17,3.792690190732254e-07,1.2497477623832107e-21
0.049753,6.0088400219743224e+16,1.438449888287663e-06,1.7976995291877706e-20
0.049753,4177302296659975.5,5.455594781168514e-06,2.585900686934447e-19
0.049753,290403046409403.6,2.06913808111479e-05,3.71968855424635e-18
0.049753,20188610585188.875,7.847599703514623e-05,5.350585585322812e-17
0.049753,1403497664371.0195,0.00029763514416313193,7.696549237642661e-16
0.049753,97570146577.55086,0.0011288378916846883,1.1071100394306199e-14
0.049753,6783006307.533791,0.004281332398719396,1.5925223192037026e-13
0.049753,471549717.36577576,0.01623776739188724,2.290763689278575e-12
0.049753,32781801.736064333,0.06158482110660267,3.295151556680354e-11
0.049753,12433125.072776679,0.1,8.688176956044764e-11
0.049753,6008845.266829426,0.14384498882876628,1.797708200642975e-10
0.049753,2904035.563258452,0.20691380811147897,3.7197250408806284e-10
0.049753,2278971.904870085,0.23357214690901212,4.739964950664663e-10
0.049753,1403502.58956831,0.29763514416313175,7.696702461268037e-10
0.049753,678305.3657303263,0.42813323987193935,1.592586796624065e-09
0.049753,327822.52260116447,0.6158482110660264,3.295423101131716e-09
0.049753,158436.58918616874,0.8858667904100825,6.819321324029248e-09
0.049753,158436.58918616848,0.8858667904100832,6.8193213240287626e-09
0.049753,76573.66581982523,1.2742749857031335,1.4113229975158839e-08
0.049753,36979.286157895345,1.8329807108324356,2.9446262279770217e-08
0.049753,17866.619883292275,2.636650898730358,6.074999540066307e-08
0.049753,11000.743069367547,3.359818286283788,9.84283258151515e-08
0.049753,8632.029005109942,3.79269019073225,1.2529020834603225e-07
0.049753,4170.741551265921,5.455594781168517,2.5858467423420423e-07
0.049753,2015.683237324637,7.847599703514611,5.350859676721106e-07
0.049753,973.8446586661571,11.288378916846883,1.1038238593649225e-06
0.049753,764.1980689353579,12.742749857031322,1.4059758963239496e-06
0.049753,470.6546722943518,16.23776739188721,2.2844198042960236e-06
0.049753,227.43521262603844,23.357214690901213,4.721271345880737e-06
0.049753,109.94748364748811,33.59818286283781,9.797180265950072e-06
0.049753,53.137704314265264,48.32930238571752,2.0262624475304875e-05
0.049753,53.137704314265264,48.32930238571752,2.0262624475304875e-05
0.049753,25.67551511121855,69.51927961775606,4.181820823744956e-05
0.049753,12.40951077854814,100.0,8.653649119198135e-05
0.049753,3.693960545594788,183.29807108324374,0.00029088564361847487
0.049753,0.256821883877182,695.192796177562,0.004182081432064221
0.049753,0.017847429693174176,2636.6508987303664,0.060137544716457256
0.049753,0.001240904566037992,10000.0,0.8663678387743019
0.099955,1.5333448273774807e+18,1e-07,9.160461012849604e-22
0.099955,1.0659702780489475e+17,3.792690190732254e-07,1.3176864120595892e-20
0.099955,7410548582390213.0,1.438449888287663e-06,1.8954258722251662e-19
0.099955,515175999020152.4,5.455594781168514e-06,2.726475134159324e-18
0.099955,35814664328239.31,2.06913808111479e-05,3.9218978521532094e-17
0.099955,2489809663851.6025,7.847599703514623e-05,5.641453527307784e-16
0.099955,173089774216.9425,0.00029763514416313193,8.114948196306184e-15
0.099955,12033076413.412416,0.0011288378916846883,1.1672946329830388e-13
0.099955,836530804.4950337,0.004281332398719396,1.6790948414380084e-12
0.099955,58155019.55078274,0.01623776739188724,2.4152939316696352e-11
0.099955,4042895.691979774,0.06158482110660267,3.474282221265802e-10
0.099955,1533345.4884598425,0.1,9.16048267109362e-10
0.099955,741055.5051229651,0.14384498882876628,1.8954350150770594e-09
0.099955,358147.2721987352,0.20691380811147897,3.921936322269867e-09
0.099955,281059.7712729075,0.23357214690901212,4.997638401223542e-09
0.099955,173090.38167856165,0.29763514416313175,8.115109749457344e-09
0.099955,83653.66445228769,0.42813323987193935,1.6791628239727675e-08
0.099955,40429.51259071499,0.6158482110660264,3.474568527386605e-08
0.099955,19539.579026993255,0.8858667904100825,7.190032515846385e-08
0.099955,19539.57902699323,0.8858667904100832,7.190032515845874e-08
0.099955,9443.634251979905,1.2742749857031335,1.4880451822594703e-07
0.099955,4560.56274942346,1.8329807108324356,3.1047016734004357e-07
0.099955,2203.445360632663,2.636650898730358,6.405247993361934e-07
0.099955,1356.6939544140776,3.359818286283788,1.0377907558007691e-06
0.099955,1064.5663858402831,3.79269019073225,1.3210122079903281e-06
0.099955,514.3670140697373,5.455594781168517,2.726418257036951e-06
0.099955,248.5891139779722,7.847599703514611,5.641742518832366e-06
0.099955,120.10179204573738,11.288378916846883,1.163829809959957e-05
0.099955,94.24660883732442,12.742749857031322,1.482407402543759e-05
0.099955,58.044646765418,16.23776739188721,2.408605181113094e-05
0.099955,28.04900733236522,23.357214690901213,4.97792857676327e-05
0.099955,13.559544863480605,33.59818286283781,0.00010329773496311558
0.099955,6.553338311204296,48.32930238571752,0.0002136413902663051
0.099955,6.553338311204296,48.32930238571752,0.0002136413902663051
0.099955,3.166496023600197,69.51927961775606,0.0004409152504989191
0.099955,1.5304334174193461,100.0,0.0009124077835798014
0.099955,0.45556676299714016,183.29807108324374,0.0030669873681417503
0.099955,0.03167318884399597,695.192796177562,0.04409427280469091
0.099955,0.0022010781679456114,2636.6508987303664,0.6340673527303627
0.099955,0.0001530376131947703,10000.0,9.134652314330618
0.13488999999999998,6.240170889572556e+17,1e-07,2.7151634899554486e-21
0.13488999999999998,4.3381218493477496e+16,3.792690190732254e-07,3.905626618808825e-20
0.13488999999999998,3015831058607039.5,1.438449888287663e-06,5.618048173518517e-19
0.13488999999999998,209658402643216.7,5.455594781168514e-06,8.081280767590902e-18
0.13488999999999998,14575301117566.072,2.06913808111479e-05,1.1624517417370192e-16
0.13488999999999998,1013264433905.3374,7.847599703514623e-05,1.6721285780421183e-15
0.13488999999999998,70441413507.65776,0.00029763514416313193,2.405273166337759e-14
0.13488999999999998,4897036322.573662,0.0011288378916846883,3.4598649184257227e-13
0.13488999999999998,340438437.67158604,0.004281332398719396,4.976842326221318e-12
0.13488999999999998,23667035.203383178,0.01623776739188724,7.158938716710205e-11
0.13488999999999998,1645315.4931387203,0.06158482110660267,1.0297783296877717e-09
0.13488999999999998,624017.3580887285,0.1,2.7151699094657026e-09
0.13488999999999998,301583.36921618204,0.14384498882876628,5.6180752729599326e-09
0.13488999999999998,145753.26722178745,0.20691380811147897,1.1624631442915477e-08
0.13488999999999998,114381.38200576168,0.23357214690901212,1.4813015746660931e-08
0.13488999999999998,70441.66082592505,0.29763514416313175,2.40532105074195e-08
0.13488999999999998,34044.08154277224,0.42813323987193935,4.977043826665536e-08
0.13488999999999998,16453.38118182832,0.6158482110660264,1.0298631909109201e-07
0.13488999999999998,7951.917399113151,0.8858667904100825,2.1311278713194098e-07
0.13488999999999998,7951.917399113137,0.8858667904100832,2.131127871319258e-07
0.13488999999999998,3843.225128668399,1.2742749857031335,4.4105705429100194e-07
0.13488999999999998,1855.996424693683,1.8329807108324356,9.202345404882783e-07
0.13488999999999998,896.728295352587,2.636650898730358,1.898517495057456e-06
0.13488999999999998,552.1287547967146,3.359818286283788,3.0760150241466673e-06
0.13488999999999998,433.2426055975903,3.79269019073225,3.9154842882793e-06
0.13488999999999998,209.32992063553414,5.455594781168517,8.081112183623498e-06
0.13488999999999998,101.16729208109246,7.847599703514611,1.6722142352197816e-05
0.13488999999999998,48.877326119062886,11.288378916846883,3.449595172221648e-05
0.13488999999999998,38.35514653199681,12.742749857031322,4.393860146318582e-05
0.13488999999999998,23.622183705709602,16.23776739188721,7.139113239281651e-05
0.13488999999999998,11.414985242290603,23.357214690901213,0.00014754595765731053
0.13488999999999998,5.518272558938945,33.59818286283781,0.0003061748073306827
0.13488999999999998,2.666983773302816,48.32930238571752,0.0006332337444378775
0.13488999999999998,2.666983773302816,48.32930238571752,0.0006332337444378775
0.13488999999999998,1.288655049181821,69.51927961775606,0.0013068741722059008
0.13488999999999998,0.6228337496507835,100.0,0.0027043795049747255
0.13488999999999998,0.18539998531630536,183.29807108324374,0.009090560086934507
0.13488999999999998,0.01288989138461393,695.192796177562,0.1306955615743504
0.13488999999999998,0.0008957633382186823,2636.6508987303664,1.8793776032573666
0.13488999999999998,6.22810748367755e-05,10000.0,27.07513783696808
0.14989,4.5487142147810534e+17,1e-07,3.9733378342420136e-21
0.14989,3.1622333539862508e+16,3.792690190732254e-07,5.715447363794087e-20
0.14989,2198361847523652.5,1.438449888287663e-06,8.221384621963095e-19
0.14989,152828531979004.0,5.455594781168514e-06,1.1826049791030502e-17
0.14989,10624529448219.705,2.06913808111479e-05,1.701118000080361e-16
0.14989,738609633518.0651,7.847599703514623e-05,2.4469729971807585e-15
0.14989,51347609641.10403,0.00029763514416313193,3.5198480345114397e-14
0.14989,3569648832.536271,0.0011288378916846883,5.063125013504494e-13
0.14989,248159415.51886246,0.004281332398719396,7.283051640531847e-12
0.14989,17251863.98833841,0.01623776739188724,1.0476305445824688e-10
0.14989,1199337.3424219934,0.06158482110660267,1.5069653129057463e-09
0.14989,454871.61757936777,0.1,3.973347228476676e-09
0.14989,219836.37664071438,0.14384498882876628,8.221424278962115e-09
0.14989,106245.48103940535,0.20691380811147897,1.7011346864425198e-08
0.14989,83377.23868533535,0.23357214690901212,2.1677190387675833e-08
0.14989,51347.78983278004,0.29763514416313175,3.5199181079768293e-08
0.14989,24816.11478386079,0.42813323987193935,7.283346513876155e-08
0.14989,11993.538251724302,0.6158482110660264,1.5070894978065243e-07
0.14989,5796.475723371193,0.8858667904100825,3.118667082865054e-07
0.14989,5796.475723371186,0.8858667904100832,3.118667082864833e-07
0.14989,2801.482904347074,1.2742749857031335,6.454376273682612e-07
0.14989,1352.9024229349006,1.8329807108324356,1.3466602396595969e-06
0.14989,653.657553809838,2.636650898730358,2.7782678354318712e-06
0.14989,402.4666338633102,3.359818286283788,4.501403661088329e-06
0.14989,315.8062686299484,3.79269019073225,5.729872959604206e-06
0.14989,152.58827601880824,5.455594781168517,1.1825803087265367e-05
0.14989,73.74461499087785,7.847599703514611,2.4470983468718692e-05
0.14989,35.628507430075615,11.288378916846883,5.048096389522302e-05
0.14989,27.95850133015184,12.742749857031322,6.429922478819954e-05
0.14989,17.2190978008989,16.23776739188721,0.00010447293078856661
0.14989,8.320811433489272,23.357214690901213,0.00021591699285072573
0.14989,4.022474351670665,33.59818286283781,0.00044805255755656987
0.14989,1.94406562668461,48.32930238571752,0.0009266667012876791
0.14989,1.94406562668461,48.32930238571752,0.0009266667012876791
0.14989,0.9393494831827462,69.51927961775606,0.0019124640605360464
0.14989,0.4540071702524475,100.0,0.003957556679373692
0.14989,0.13514510735019936,183.29807108324374,0.01330301709694098
0.14989,0.009395938850118052,695.192796177562,0.19125832440366017
0.14989,0.000652955624472584,2636.6508987303664,2.7502587462871717
0.14989,4.539900941751108e-05,10000.0,39.621433454347155
0.18003,2.625897159944513e+17,1e-07,7.606610988972814e-21
0.18003,1.825504789096538e+16,3.792690190732254e-07,1.094172872733473e-19
0.18003,1269077778767552.5,1.438449888287663e-06,1.573912846550755e-18
0.18003,88225372958822.45,5.455594781168514e-06,2.263994758295025e-17
0.18003,6133364372105.28,2.06913808111479e-05,3.256643007155524e-16
0.18003,426387072782.0833,7.847599703514623e-05,4.6845177698376345e-15
0.18003,29642122138.24575,0.00029763514416313193,6.738444062845899e-14
0.18003,2060698977.5038047,0.0011288378916846883,9.692914112251295e-13
0.18003,143258308.5363016,0.004281332398719396,1.3942771280281645e-11
0.18003,9959214.519042289,0.01623776739188724,2.005597899108621e-10
0.18003,692357.5262531315,0.06158482110660267,2.884954511132442e-09
0.18003,262589.8292221538,0.1,7.606628973421053e-09
0.18003,126907.88867281913,0.14384498882876628,1.573920438539584e-08
0.18003,61333.751440074746,0.20691380811147897,3.2566749517499834e-08
0.18003,48132.294981375955,0.23357214690901212,4.1499102641597195e-08
0.18003,29642.226183267136,0.29763514416313175,6.738578212423434e-08
0.18003,14325.930881928725,0.42813323987193935,1.3943335789748183e-07
0.18003,6923.670440400479,0.6158482110660264,2.885192252364205e-07
0.18003,3346.2091815713334,0.8858667904100825,5.970417893749175e-07
0.18003,3346.2091815713266,0.8858667904100832,5.97041789374875e-07
0.18003,1617.2495806801671,1.2742749857031335,1.2356344096203814e-06
0.18003,781.0098609182216,1.8329807108324356,2.5780643390374057e-06
0.18003,377.3464295192599,2.636650898730358,5.318753030558079e-06
0.18003,232.33774578366112,3.359818286283788,8.617547256906965e-06
0.18003,182.31004493709983,3.79269019073225,1.0969345280517319e-05
0.18003,88.08681554602329,5.455594781168517,2.263947528996909e-05
0.18003,42.571602533520604,7.847599703514611,4.6847577409595594e-05
0.18003,20.56777211463558,11.288378916846883,9.664143113886418e-05
0.18003,16.13999859611096,12.742749857031322,0.0001230952942489111
0.18003,9.940311476189208,16.23776739188721,0.00020000437328483733
0.18003,4.80347197136269,23.357214690901213,0.0004133543733357403
0.18003,2.3221109562486566,33.59818286283781,0.0008577577971286068
0.18003,1.122278153496838,48.32930238571752,0.0017740231027887751
0.18003,1.122278153496838,48.32930238571752,0.0017740231027887751
0.18003,0.5422714363631745,69.51927961775606,0.0036612467264979585
0.18003,0.26209107058768016,100.0,0.00757639933543418
0.18003,0.07801710453519446,183.29807108324374,0.025467473509055004
0.18003,0.005424123828722377,695.192796177562,0.3661474892982372
0.18003,0.00037694087032125943,2636.6508987303664,5.2651320564130915
0.18003,2.6208127656365822e-05,10000.0,75.85180110167671
0.20008,1.9136766435579552e+17,1e-07,1.0915527953623507e-20
0.20008,1.3303742168147408e+16,3.792690190732254e-07,1.5701439965489272e-19
0.20008,924866571749973.8,1.438449888287663e-06,2.2585734564312044e-18
0.20008,64296057810602.02,5.455594781168514e-06,3.248844736092334e-17
0.20008,4469815621254.718,2.06913808111479e-05,4.673300347699126e-16
0.20008,310738362013.903,7.847599703514623e-05,6.722308363085334e-15
0.20008,21602307076.8894,0.00029763514416313193,9.669703714118201e-14
0.20008,1501776826.148115,0.0011288378916846883,1.3909384231391898e-12
0.20008,104402443.18150035,0.004281332398719396,2.000795227750239e-11
0.20008,7257982.720735324,0.01623776739188724,2.878043844122627e-10
0.20008,504569.80845399934,0.06158482110660267,4.1399253434742675e-09
0.20008,191367.74688466333,0.1,1.0915553761404103e-08
0.20008,92486.73793185446,0.14384498882876628,2.2585843509762795e-08
0.20008,44698.234727112875,0.20691380811147897,4.6733461883651337e-08
0.20008,35077.401409222606,0.23357214690901212,5.9551436979139596e-08
0.20008,21602.382914250746,0.29763514416313175,9.669896219488291e-08
0.20008,10440.317228795906,0.42813323987193935,2.000876235164329e-07
0.20008,5045.767461272122,0.6158482110660264,4.140266503429048e-07
0.20008,2438.6188823557973,0.8858667904100825,8.567582003142979e-07
0.20008,2438.618882355793,0.8858667904100832,8.567582003142372e-07
0.20008,1178.6039640580184,1.2742749857031335,1.7731420678963494e-06
0.20008,569.1777100885246,1.8329807108324356,3.6995362849234936e-06
0.20008,274.9992566644162,2.636650898730358,7.632439396156945e-06
0.20008,169.32106043770807,3.359818286283788,1.2366226971617746e-05
0.20008,132.86230262366132,3.79269019073225,1.5741069868830496e-05
0.20008,64.19512030353805,5.455594781168517,3.2487769617938256e-05
0.20008,31.024952350403137,7.847599703514611,6.722652722944573e-05
0.20008,14.989194319831276,11.288378916846883,0.00013868097692963581
0.20008,11.762361449453778,12.742749857031322,0.00017664241372161252
0.20008,7.244210262800996,16.23776739188721,0.0002870073585467268
0.20008,3.5006305698660283,23.357214690901213,0.0005931657637599384
0.20008,1.692287218018641,33.59818286283781,0.0012308870830346193
0.20008,0.8178837944761592,48.32930238571752,0.0025457327575890303
0.20008,0.8178837944761592,48.32930238571752,0.0025457327575890303
0.20008,0.3951916263501007,69.51927961775606,0.005253908875600034
0.20008,0.19100433507102346,100.0,0.010872174067220717
0.20008,0.05685659239917597,183.29807108324374,0.0365459623739475
0.20008,0.003952943079048939,695.192796177562,0.525423629574053
0.20008,0.0002747035297568347,2636.6508987303664,7.555493007939033
0.20008,1.90997223337424e-05,10000.0,108.84774526504998
0.21999000000000002,1.4039272242860894e+17,1e-07,1.4891429667768594e-20
0.21999000000000002,9760000926812462.0,3.792690190732254e-07,2.1420575342043518e-19
0.21999000000000002,678508233500635.5,1.438449888287663e-06,3.0812424207817997e-18
0.21999000000000002,47169403607680.484,5.455594781168514e-06,4.432212815959954e-17
0.21999000000000002,3279182958805.1772,2.06913808111479e-05,6.375516029989033e-16
0.21999000000000002,227966437031.0156,7.847599703514623e-05,9.17086032111779e-15
0.21999000000000002,15848062479.479969,0.00029763514416313193,1.3191823004690427e-13
0.21999000000000002,1101745886.9677424,0.0011288378916846883,1.897577633292425e-12
0.21999000000000002,76592580.44080955,0.004281332398719396,2.72957034604626e-11
0.21999000000000002,5324661.072853059,0.01623776739188724,3.9263503943736677e-10
0.21999000000000002,370166.6569652702,0.06158482110660267,5.6478630574799376e-09
0.21999000000000002,140392.78039804247,0.1,1.4891464875845686e-08
0.21999000000000002,67850.88004603102,0.14384498882876628,3.0812572835857276e-08
0.21999000000000002,32791.88466814935,0.20691380811147897,6.375578567784425e-08
0.21999000000000002,25733.769681527367,0.23357214690901212,8.124261503036398e-08
0.21999000000000002,15848.115620557792,0.29763514416313175,1.3192085628742286e-07
0.21999000000000002,7659.309043848075,0.42813323987193935,2.729680859822104e-07
0.21999000000000002,3701.7149573443867,0.6158482110660264,5.648328482468419e-07
0.21999000000000002,1789.036982825778,0.8858667904100825,1.1688261471612205e-06
0.21999000000000002,1789.0369828257758,0.8858667904100832,1.1688261471611377e-06
0.21999000000000002,864.654074382014,1.2742749857031335,2.41899617748448e-06
0.21999000000000002,417.51630933567657,1.8329807108324356,5.047065485459001e-06
0.21999000000000002,201.73068133455251,2.636650898730358,1.0412499967410884e-05
0.21999000000000002,124.21157067702829,3.359818286283788,1.687053525820327e-05
0.21999000000000002,97.46705858463059,3.79269019073225,2.147464014961431e-05
0.21999000000000002,47.09436987870004,5.455594781168517,4.432120355365849e-05
0.21999000000000002,22.760133342993974,7.847599703514611,9.171330111552667e-05
0.21999000000000002,10.996557270533176,11.288378916846883,0.0001891945147297766
0.21999000000000002,8.629280440090813,12.742749857031322,0.00024098312893853856
0.21999000000000002,5.31455410089696,16.23776739188721,0.00039154770269374375
0.21999000000000002,2.568194628709525,23.357214690901213,0.0008092220815968086
0.21999000000000002,1.2414871495434847,33.59818286283781,0.0016792287559384775
0.21999000000000002,0.6000118162545249,48.32930238571752,0.003472997410078292
0.21999000000000002,0.6000118162545249,48.32930238571752,0.003472997410078292
0.21999000000000002,0.28992785867545323,69.51927961775606,0.007167606993841395
0.21999000000000002,0.14012813267675064,100.0,0.014832284443375005
0.21999000000000002,0.04171203760364894,183.29807108324374,0.04985756352278841
0.21999000000000002,0.0029000380184945507,695.192796177562,0.7168053674388108
0.21999000000000002,0.00020153355643394444,2636.6508987303664,10.307526416593726
0.21999000000000002,1.4012091981447977e-05,10000.0,148.49474528363166
0.24016,1.0666004784334893e+17,1e-07,1.949465307564814e-20
0.24016,7414929690064997.0,3.792690190732254e-07,2.8042081538870446e-19
0.24016,515480570469631.3,1.438449888287663e-06,4.0337129056939146e-18
0.24016,35835837915998.78,5.455594781168514e-06,5.802293878578823e-17
0.24016,2491281636418.9375,2.06913808111479e-05,8.346308981459516e-16
0.24016,173192104688.83224,7.847599703514623e-05,1.2005747221999812e-14
0.24016,12040190353.49326,0.00029763514416313193,1.726966575065789e-13
0.24016,837025359.8780959,0.0011288378916846883,2.484154877702111e-12
0.24016,58189400.08301619,0.004281332398719396,3.573332321269474e-11
0.24016,4045285.2173252515,0.01623776739188724,5.140059786027145e-10
0.24016,281225.35513975815,0.06158482110660267,7.393724671221522e-09
0.24016,106660.09105319876,0.1,1.949469916720977e-08
0.24016,51548.099297653556,0.14384498882876628,4.033732362872493e-08
0.24016,24912.857396330342,0.20691380811147897,8.346390850873837e-08
0.24016,19550.62159997969,0.23357214690901212,1.0635624854767263e-07
0.24016,12040.229920117792,0.29763514416313175,1.727000955678628e-07
0.24016,5818.9779492961825,0.42813323987193935,3.5734769969499305e-07
0.24016,2812.2895005853206,0.6158482110660264,7.394333967903277e-07
0.24016,1359.1776294773383,0.8858667904100825,1.530132482442083e-06
0.24016,1359.177629477336,0.8858667904100832,1.5301324824419749e-06
0.24016,656.8994677130606,1.2742749857031335,3.1667537854641214e-06
0.24016,317.18198700369305,1.8329807108324356,6.607209172270445e-06
0.24016,153.25457296946837,2.636650898730358,1.3631201237462477e-05
0.24016,94.36438813333307,3.359818286283788,2.2085537748669673e-05
0.24016,74.04676591543542,3.79269019073225,2.8112858804096734e-05
0.24016,35.77848235559935,5.455594781168517,5.80217283666106e-05
0.24016,17.29124606050433,7.847599703514611,0.0001200636223357026
0.24016,8.354387110614372,11.288378916846883,0.0002476781283435539
0.24016,6.555912220819721,12.742749857031322,0.00031547558565912684
0.24016,4.037602189893317,16.23776739188721,0.0005125825254443374
0.24016,1.9511342719926448,23.357214690901213,0.0010593679783498914
0.24016,0.9431822734935738,33.59818286283781,0.0021983102201749956
0.24016,0.45584083432040373,48.32930238571752,0.004546566793962236
0.24016,0.45584083432040373,48.32930238571752,0.004546566793962236
0.24016,0.22026699653993434,69.51927961775606,0.00938325028858462
0.24016,0.10645958843702098,100.0,0.01941722494038118
0.24016,0.03168985196783603,183.29807108324374,0.06526948222960599
0.24016,0.0022032492105651482,695.192796177562,0.9383835046562069
0.24016,0.00015311129412793947,2636.6508987303664,13.493778370689062
0.24016,1.0645344689865601e-05,10000.0,194.39728806743344
0.24997,9.443692340425686e+16,1e-07,2.1865984929713847e-20
0.24997,6565186884381133.0,3.792690190732254e-07,3.145312357944395e-19
0.24997,456407062758117.75,1.438449888287663e-06,4.5243742099146296e-18
0.24997,31729090215400.4,5.455594781168514e-06,6.508085576822059e-17
0.24997,2205783494701.4585,2.06913808111479e-05,9.361554970952542e-16
0.24997,153344479544.41998,7.847599703514623e-05,1.3466127702171167e-14
0.24997,10660397751.325489,0.00029763514416313193,1.9370349889261932e-13
0.24997,741103172.1485138,0.0011288378916846883,2.7863277642402243e-12
0.24997,51520958.687737845,0.004281332398719396,4.007992877972259e-11
0.24997,3581699.970432249,0.01623776739188724,5.765297252685837e-10
0.24997,248997.23795101466,0.06158482110660267,8.293098195080764e-09
0.24997,94436.96156994754,0.1,2.1866036627858365e-08
0.24997,45640.74359314991,0.14384498882876628,4.524396033866661e-08
0.24997,22057.87118640262,0.20691380811147897,9.361646798971886e-08
0.24997,17310.141728343377,0.23357214690901212,1.1929343491776864e-07
0.24997,10660.432693912844,0.29763514416313175,1.9370735516007532e-07
0.24997,5152.129372045429,0.42813323987193935,4.0081551520192127e-07
0.24997,2490.0041182461905,0.6158482110660264,8.293781606681336e-07
0.24997,1203.4172669319826,0.8858667904100825,1.7162579745180646e-06
0.24997,1203.4172669319805,0.8858667904100832,1.7162579745179424e-06
0.24997,581.6193973071879,1.2742749857031335,3.5519580820635137e-06
0.24997,280.831406526291,1.8329807108324356,7.410910859901483e-06
0.24997,135.6911196425016,2.636650898730358,1.5289302132007376e-05
0.24997,83.55004743685963,3.359818286283788,2.477202511391609e-05
0.24997,65.560905706966,3.79269019073225,3.153251019939553e-05
0.24997,31.67826336007464,5.455594781168517,6.507949811351425e-05
0.24997,15.309660280053368,7.847599703514611,0.0001346681752382015
0.24997,7.396983912309923,11.288378916846883,0.00027780572451145425
0.24997,5.80461336590505,12.742749857031322,0.0003538500723735383
0.24997,3.57489635891802,16.23776739188721,0.0005749331231034438
0.24997,1.7275372087655119,23.357214690901213,0.0011882296217189806
0.24997,0.8350935610537167,33.59818286283781,0.00246571292952256
0.24997,0.4036014657828691,48.32930238571752,0.005099611704447345
0.24997,0.4036014657828691,48.32930238571752,0.005099611704447345
0.24997,0.19502474489896132,69.51927961775606,0.010524629938566012
0.24997,0.094259486380342,100.0,0.02177913842712088
0.24997,0.028058239449274946,183.29807108324374,0.07320886959437929
0.24997,0.0019507606150924416,695.192796177562,1.0525285826571447
0.24997,0.00013556499454764998,2636.6508987303664,15.13516313183101
0.24997,9.425397224684401e-06,10000.0,218.0437966638921
0.26004000000000005,8.384114536912906e+16,1e-07,2.4323162554840654e-20
0.26004000000000005,5828576028389404.0,3.792690190732254e-07,3.4987650459810254e-19
0.26004000000000005,405198406690953.94,1.438449888287663e-06,5.032798189535863e-18
0.26004000000000005,28169101335417.723,5.455594781168514e-06,7.239427993510855e-17
0.26004000000000005,1958295632317.8374,2.06913808111479e-05,1.0413554388539276e-15
0.26004000000000005,136139301637.36801,7.847599703514623e-05,1.497937614687813e-14
0.26004000000000005,9464306177.527655,0.00029763514416313193,2.154708194554781e-13
0.26004000000000005,657951747.5769804,0.0011288378916846883,3.0994397626509126e-12
0.26004000000000005,45740331.548103794,0.004281332398719396,4.458388798991944e-11
0.26004000000000005,3179834.931748323,0.01623776739188724,6.413169253743238e-10
0.26004000000000005,221059.86587791282,0.06158482110660267,9.225030389922842e-09
0.26004000000000005,83841.17923275687,0.1,2.4323220062534764e-08
0.26004000000000005,40519.873779714944,0.14384498882876628,5.0328224659420944e-08
0.26004000000000005,19582.988476953567,0.20691380811147897,1.0413656535680085e-07
0.26004000000000005,15367.952013321026,0.23357214690901212,1.3269896684540355e-07
0.26004000000000005,9464.337180102804,0.29763514416313175,2.1547510906879706e-07
0.26004000000000005,4574.062879468116,0.42813323987193935,4.458569308492668e-07
0.26004000000000005,2210.626816521625,0.6158482110660264,9.225790599513489e-07
0.26004000000000005,1068.3943984379341,0.8858667904100825,1.909121488669697e-06
0.26004000000000005,1068.3943984379325,0.8858667904100832,1.909121488669561e-06
0.26004000000000005,516.361951467328,1.2742749857031335,3.951107352159943e-06
0.26004000000000005,249.32178519360886,1.8329807108324356,8.243707754497968e-06
0.26004000000000005,120.46647339622383,2.636650898730358,1.700742876674771e-05
0.26004000000000005,74.17569547273246,3.359818286283788,2.7555767352587362e-05
0.26004000000000005,58.20495311696494,3.79269019073225,3.507595810604565e-05
0.26004000000000005,28.123963226728193,5.455594781168517,7.239276971472643e-05
0.26004000000000005,13.591915247626861,7.847599703514611,0.00014980143486842737
0.26004000000000005,6.567045010012566,11.288378916846883,0.0003090239848640476
0.26004000000000005,5.1533381293981755,12.742749857031322,0.00039361377308405273
0.26004000000000005,3.1737939832804765,16.23776739188721,0.000639540905948584
0.26004000000000005,1.533708317346835,23.357214690901213,0.0013217562499219103
0.26004000000000005,0.7413961050346944,33.59818286283781,0.0027427960181592636
0.26004000000000005,0.3583174019870979,48.32930238571752,0.005672677670480038
0.26004000000000005,0.3583174019870979,48.32930238571752,0.005672677670480038
0.26004000000000005,0.1731430616933798,69.51927961775606,0.011707329244401607
0.26004000000000005,0.08368361726304616,100.0,0.02422655672589318
0.26004000000000005,0.02491011742401578,183.29807108324374,0.08143567469400623
0.26004000000000005,0.0017318863121068796,695.192796177562,1.1708058837448765
0.26004000000000005,0.00012035466941105983,2636.6508987303664,16.835968484058334
0.26004000000000005,8.367870289818784e-06,10000.0,242.54634435074018
