#  m  [GeV] ,  tau  [ps] ,  c ,  c_eff(theo) ,  c_eff(exp)^upper ,    c_eff(exp)^lower ,                c_eff(exp)^upper  converted ,    c_eff(exp)^lower  converted ,  allowed/excluded  (1/0)
0.02172,4237564.303934299,0.001,0.0021432244979148383,0.0009291,7.308366852589642e-07,31.821675,0.025031156470119522,1
0.02172,1261248.453153556,0.0018329807108324356,0.003928488559135752,0.0009291,7.308366852589642e-07,31.821675,0.025031156470119522,1
0.02172,375391.9783272807,0.003359818286283781,0.0072008426759312015,0.0009291,7.308366852589642e-07,31.821675,0.025031156470119522,1
0.02172,111729.8719624493,0.006158482110660267,0.013199004186351525,0.0009291,7.308366852589642e-07,31.821675,0.025031156470119522,1
0.02172,33254.74184117955,0.011288378916846888,0.02419351817636595,0.0009291,7.308366852589642e-07,31.821675,0.025031156470119522,1
0.02172,9897.78085015868,0.02069138081114789,0.04434625000788077,0.0009291,7.308366852589642e-07,31.821675,0.025031156470119522,0
0.02172,2945.9275981450023,0.0379269019073225,0.08128581858241252,0.0009291,7.308366852589642e-07,31.821675,0.025031156470119522,0
0.02172,876.8116136363866,0.06951927961775606,0.14899533516357266,0.0009291,7.308366852589642e-07,31.821675,0.025031156470119522,0
0.02172,260.96995571027236,0.12742749857031335,0.27310557295036353,0.0009291,7.308366852589642e-07,31.821675,0.025031156470119522,0
0.02172,77.67383115851771,0.23357214690901212,0.5005972448047512,0.0009291,7.308366852589642e-07,31.821675,0.025031156470119522,0
0.02172,23.118462060082848,0.42813323987193913,0.9175850911747704,0.0009291,7.308366852589642e-07,31.821675,0.025031156470119522,0
0.02172,6.8808668085289835,0.7847599703514607,1.68191577021485,0.0009291,7.308366852589642e-07,31.821675,0.025031156470119522,0
0.02172,2.047987787849677,1.438449888287663,3.082919161588553,0.0009291,7.308366852589642e-07,31.821675,0.025031156470119522,0
0.02172,0.6095531410215324,2.636650898730358,5.650931353785063,0.0009291,7.308366852589642e-07,31.821675,0.025031156470119522,0
0.02172,0.18142443709085437,4.832930238571752,10.358048167262524,0.0009291,7.308366852589642e-07,31.821675,0.025031156470119522,0
0.02172,0.053998288502515666,8.858667904100823,18.98610249000107,0.0009291,7.308366852589642e-07,31.821675,0.025031156470119522,0
0.02172,0.01607178838532517,16.23776739188721,34.801159635594864,0.0009291,7.308366852589642e-07,31.821675,0.025031156470119522,1
0.02172,0.004783529053401785,29.763514416313193,63.789854324180816,0.0009291,7.308366852589642e-07,31.821675,0.025031156470119522,1
0.02172,0.0014237463594788595,54.555947811685144,116.92557252056928,0.0009291,7.308366852589642e-07,31.821675,0.025031156470119522,1
0.02172,0.00042375695296514317,100.0,214.32231903077763,0.0009291,7.308366852589642e-07,31.821675,0.025031156470119522,1
0.025028,3674082.1028750464,0.001,0.002134258561355079,0.00068716,6.699232872618603e-07,23.535230000000002,0.022944872588718714,1
0.025028,1093536.2979278401,0.0018329807108324356,0.003912054168637933,0.00068716,6.699232872618603e-07,23.535230000000002,0.022944872588718714,1
0.025028,325474.93268059514,0.003359818286283781,0.007170718752147867,0.00068716,6.699232872618603e-07,23.535230000000002,0.022944872588718714,1
0.025028,96872.8016033149,0.006158482110660267,0.013143787610921083,0.00068716,6.699232872618603e-07,23.535230000000002,0.022944872588718714,1
0.025028,28832.754907221257,0.011288378916846888,0.024092307253613165,0.00068716,6.699232872618603e-07,23.535230000000002,0.022944872588718714,0
0.025028,8581.642011982653,0.02069138081114789,0.04416073233313555,0.00068716,6.699232872618603e-07,23.535230000000002,0.022944872588718714,0
0.025028,2554.198404603867,0.0379269019073225,0.08094576825715837,0.00068716,6.699232872618603e-07,23.535230000000002,0.022944872588718714,0
0.025028,760.2192351628469,0.06951927961775606,0.14837202947056663,0.00068716,6.699232872618603e-07,23.535230000000002,0.022944872588718714,0
0.025028,226.26796575886473,0.12742749857031335,0.2719630656319321,0.00068716,6.699232872618603e-07,23.535230000000002,0.022944872588718714,0
0.025028,67.34529928205788,0.23357214690901212,0.49850305092182934,0.00068716,6.699232872618603e-07,23.535230000000002,0.022944872588718714,0
0.025028,20.04432797060322,0.42813323987193913,0.9137464741763506,0.00068716,6.699232872618603e-07,23.535230000000002,0.022944872588718714,0
0.025028,5.965896463115693,0.7847599703514607,1.6748796592941761,0.00068716,6.699232872618603e-07,23.535230000000002,0.022944872588718714,0
0.025028,1.7756604567786596,1.438449888287663,3.0700221059853754,0.00068716,6.699232872618603e-07,23.535230000000002,0.022944872588718714,0
0.025028,0.5284989565121849,2.636650898730358,5.627291299631595,0.00068716,6.699232872618603e-07,23.535230000000002,0.022944872588718714,0
0.025028,0.15729986318859193,4.832930238571752,10.314716403989868,0.00068716,6.699232872618603e-07,23.535230000000002,0.022944872588718714,0
0.025028,0.04681796746948785,8.858667904100823,18.906676203749623,0.00068716,6.699232872618603e-07,23.535230000000002,0.022944872588718714,0
0.025028,0.013934672499237553,16.23776739188721,34.65557278495658,0.00068716,6.699232872618603e-07,23.535230000000002,0.022944872588718714,1
0.025028,0.004147448258506528,29.763514416313193,63.522996435203694,0.00068716,6.699232872618603e-07,23.535230000000002,0.022944872588718714,1
0.025028,0.001234426360383299,54.555947811685144,116.43642715753444,0.00068716,6.699232872618603e-07,23.535230000000002,0.022944872588718714,1
0.025028,0.00036740866774015256,100.0,213.42572501553536,0.00068716,6.699232872618603e-07,23.535230000000002,0.022944872588718714,1
0.028769,3192975.048684548,0.001,0.00212727195789149,0.00049911,5.805482159624413e-07,17.0945175,0.019883776396713612,1
0.028769,950341.8890054518,0.0018329807108324356,0.0038992478556069293,0.00049911,5.805482159624413e-07,17.0945175,0.019883776396713612,1
0.028769,282855.2321874696,0.003359818286283781,0.00714724502098685,0.00049911,5.805482159624413e-07,17.0945175,0.019883776396713612,1
0.028769,84187.67813328668,0.006158482110660267,0.013100760705467066,0.00049911,5.805482159624413e-07,17.0945175,0.019883776396713612,1
0.028769,25057.215801506456,0.011288378916846888,0.024013439754885665,0.00049911,5.805482159624413e-07,17.0945175,0.019883776396713612,0
0.028769,7457.9087851625445,0.02069138081114789,0.04401616971702017,0.00049911,5.805482159624413e-07,17.0945175,0.019883776396713612,0
0.028769,2219.735886197395,0.0379269019073225,0.08068078775733728,0.00049911,5.805482159624413e-07,17.0945175,0.019883776396713612,0
0.028769,660.6714323477275,0.06951927961775606,0.14788632531225632,0.00049911,5.805482159624413e-07,17.0945175,0.019883776396713612,0
0.028769,196.6390406316678,0.12742749857031335,0.27107277926495477,0.00049911,5.805482159624413e-07,17.0945175,0.019883776396713612,0
0.028769,58.52668980082372,0.23357214690901212,0.4968711731702917,0.00049911,5.805482159624413e-07,17.0945175,0.019883776396713612,0
0.028769,17.419599853339168,0.42813323987193913,0.9107552737215243,0.00049911,5.805482159624413e-07,17.0945175,0.019883776396713612,0
0.028769,5.184685129427614,0.7847599703514607,1.6693968465443874,0.00049911,5.805482159624413e-07,17.0945175,0.019883776396713612,0
0.028769,1.54314450851018,1.438449888287663,3.0599722159600256,0.00049911,5.805482159624413e-07,17.0945175,0.019883776396713612,0
0.028769,0.4592940386731019,2.636650898730358,5.608870045055251,0.00049911,5.805482159624413e-07,17.0945175,0.019883776396713612,0
0.028769,0.1367020474816664,4.832930238571752,10.2809505996682,0.00049911,5.805482159624413e-07,17.0945175,0.019883776396713612,0
0.028769,0.040687333620634675,8.858667904100823,18.844784135728357,0.00049911,5.805482159624413e-07,17.0945175,0.019883776396713612,1
0.028769,0.012109980409582928,16.23776739188721,34.54212581810617,0.00049911,5.805482159624413e-07,17.0945175,0.019883776396713612,1
0.028769,0.0036043557653098993,29.763514416313193,63.31505033325055,0.00049911,5.805482159624413e-07,17.0945175,0.019883776396713612,1
0.028769,0.0010727829478704813,54.555947811685144,116.0552659637476,0.00049911,5.805482159624413e-07,17.0945175,0.019883776396713612,1
0.028769,0.00031929790735285265,100.0,212.7270638995923,0.00049911,5.805482159624413e-07,17.0945175,0.019883776396713612,1
0.033286,2756000.3676373656,0.001,0.0021217596247281576,0.00036697,5.093499648743582e-07,12.5687225,0.01744523629694677,1
0.033286,820282.8296394666,0.0018329807108324356,0.0038891438487972476,0.00036697,5.093499648743582e-07,12.5687225,0.01744523629694677,1
0.033286,244145.07460814476,0.003359818286283781,0.007128724560058592,0.00036697,5.093499648743582e-07,12.5687225,0.01744523629694677,1
0.033286,72666.17232588824,0.006158482110660267,0.013066813041781542,0.00036697,5.093499648743582e-07,12.5687225,0.01744523629694677,1
0.033286,21628.01026575207,0.011288378916846888,0.023951214322589395,0.00036697,5.093499648743582e-07,12.5687225,0.01744523629694677,0
0.033286,6437.256611224745,0.02069138081114789,0.043902111678038834,0.00036697,5.093499648743582e-07,12.5687225,0.01744523629694677,0
0.033286,1915.9539137127133,0.0379269019073225,0.08047172154876221,0.00036697,5.093499648743582e-07,12.5687225,0.01744523629694677,0
0.033286,570.2552385590127,0.06951927961775606,0.14750311096067886,0.00036697,5.093499648743582e-07,12.5687225,0.01744523629694677,0
0.033286,169.72800332618007,0.12742749857031335,0.2703703547260006,0.00036697,5.093499648743582e-07,12.5687225,0.01744523629694677,0
0.033286,50.51701926187534,0.23357214690901212,0.4955836425149398,0.00036697,5.093499648743582e-07,12.5687225,0.01744523629694677,0
0.033286,15.035640396194987,0.42813323987193913,0.9083952548408967,0.00036697,5.093499648743582e-07,12.5687225,0.01744523629694677,0
0.033286,4.475135010834561,0.7847599703514607,1.6650709774341634,0.00036697,5.093499648743582e-07,12.5687225,0.01744523629694677,0
0.033286,1.331957456364873,1.438449888287663,3.0520429812985284,0.00036697,5.093499648743582e-07,12.5687225,0.01744523629694677,0
0.033286,0.3964373499125684,2.636650898730358,5.59433591084417,0.00036697,5.093499648743582e-07,12.5687225,0.01744523629694677,0
0.033286,0.11799368785270482,4.832930238571752,10.254309811985735,0.00036697,5.093499648743582e-07,12.5687225,0.01744523629694677,0
0.033286,0.03511906830409685,8.858667904100823,18.795952085760103,0.00036697,5.093499648743582e-07,12.5687225,0.01744523629694677,1
0.033286,0.010452668959142892,16.23776739188721,34.45261761241905,0.00036697,5.093499648743582e-07,12.5687225,0.01744523629694677,1
0.033286,0.0031110816328002613,29.763514416313193,63.150983518739906,0.00036697,5.093499648743582e-07,12.5687225,0.01744523629694677,1
0.033286,0.000925967230323395,54.555947811685144,115.75453465743698,0.00036697,5.093499648743582e-07,12.5687225,0.01744523629694677,1
0.033286,0.0002756003900943967,100.0,212.17582921595655,0.00036697,5.093499648743582e-07,12.5687225,0.01744523629694677,1
0.037942,2414181.992086663,0.001,0.002118328616753213,0.00026625,4.6169611784675073e-07,9.1190625,0.01581309203625121,1
0.037942,718545.6395848019,0.0018329807108324356,0.0038828548685560156,0.00026625,4.6169611784675073e-07,9.1190625,0.01581309203625121,1
0.037942,213864.50317301363,0.003359818286283781,0.007117196965080676,0.00026625,4.6169611784675073e-07,9.1190625,0.01581309203625121,1
0.037942,63653.60818490712,0.006158482110660267,0.013045683160581351,0.00026625,4.6169611784675073e-07,9.1190625,0.01581309203625121,1
0.037942,18945.554060620125,0.011288378916846888,0.02391248363109608,0.00026625,4.6169611784675073e-07,9.1190625,0.01581309203625121,0
0.037942,5638.863303166269,0.02069138081114789,0.043831119037639324,0.00026625,4.6169611784675073e-07,9.1190625,0.01581309203625121,0
0.037942,1678.3239944909037,0.0379269019073225,0.08034159337645781,0.00026625,4.6169611784675073e-07,9.1190625,0.01581309203625121,0
0.037942,499.52822129837347,0.06951927961775606,0.14726458849800653,0.00026625,4.6169611784675073e-07,9.1190625,0.01581309203625121,0
0.037942,148.67715701748753,0.12742749857031335,0.26993314761932796,0.00026625,4.6169611784675073e-07,9.1190625,0.01581309203625121,0
0.037942,44.251547531888384,0.23357214690901212,0.49478225028794987,0.00026625,4.6169611784675073e-07,9.1190625,0.01581309203625121,0
0.037942,13.170815805750154,0.42813323987193913,0.906926318313014,0.00026625,4.6169611784675073e-07,9.1190625,0.01581309203625121,0
0.037942,3.9200976735788076,0.7847599703514607,1.66237844507902,0.00026625,4.6169611784675073e-07,9.1190625,0.01581309203625121,0
0.037942,1.166758838240671,1.438449888287663,3.0471076213941073,0.00026625,4.6169611784675073e-07,9.1190625,0.01581309203625121,0
0.037942,0.347268435353564,2.636650898730358,5.585289491304171,0.00026625,4.6169611784675073e-07,9.1190625,0.01581309203625121,0
0.037942,0.10335929087340817,4.832930238571752,10.237727899432622,0.00026625,4.6169611784675073e-07,9.1190625,0.01581309203625121,1
0.037942,0.030763357448419203,8.858667904100823,18.765557759867335,0.00026625,4.6169611784675073e-07,9.1190625,0.01581309203625121,1
0.037942,0.009156256330517273,16.23776739188721,34.396905399304636,0.00026625,4.6169611784675073e-07,9.1190625,0.01581309203625121,1
0.037942,0.002725223673157888,29.763514416313193,63.048864106709196,0.00026625,4.6169611784675073e-07,9.1190625,0.01581309203625121,1
0.037942,0.0008111223408744448,54.555947811685144,115.56735174494892,0.00026625,4.6169611784675073e-07,9.1190625,0.01581309203625121,1
0.037942,0.0002414185148661613,100.0,211.8327265479343,0.00026625,4.6169611784675073e-07,9.1190625,0.01581309203625121,1
0.043827,2085605.6894319353,0.001,0.002116248820786214,0.00019381,4.1404292555507185e-07,6.637992499999999,0.014180970200261211,1
0.043827,620749.7575579524,0.0018329807108324356,0.003879042628435013,0.00019381,4.1404292555507185e-07,6.637992499999999,0.014180970200261211,1
0.043827,184757.0040404433,0.003359818286283781,0.007110209177396318,0.00019381,4.1404292555507185e-07,6.637992499999999,0.014180970200261211,1
0.043827,54990.191711779575,0.006158482110660267,0.013032874644997012,0.00019381,4.1404292555507185e-07,6.637992499999999,0.014180970200261211,1
0.043827,16367.016497306373,0.011288378916846888,0.023889005825643864,0.00019381,4.1404292555507185e-07,6.637992499999999,0.014180970200261211,0
0.043827,4871.399839751068,0.02069138081114789,0.04378808462454839,0.00019381,4.1404292555507185e-07,6.637992499999999,0.014180970200261211,0
0.043827,1449.899884861665,0.0379269019073225,0.08026271207575772,0.00019381,4.1404292555507185e-07,6.637992499999999,0.014180970200261211,0
0.043827,431.5411766422903,0.06951927961775606,0.1471200005420459,0.00019381,4.1404292555507185e-07,6.637992499999999,0.014180970200261211,0
0.043827,128.44182287310187,0.12742749857031335,0.2696681206307372,0.00019381,4.1404292555507185e-07,6.637992499999999,0.014180970200261211,0
0.043827,38.22880088629753,0.23357214690901212,0.49429646087518486,0.00019381,4.1404292555507185e-07,6.637992499999999,0.014180970200261211,0
0.043827,11.378234731413793,0.42813323987193913,0.9060358756347686,0.00019381,4.1404292555507185e-07,6.637992499999999,0.014180970200261211,0
0.043827,3.386562545756266,0.7847599703514607,1.6607462807704148,0.00019381,4.1404292555507185e-07,6.637992499999999,0.014180970200261211,0
0.043827,1.0079600333374488,1.438449888287663,3.0441158956441576,0.00019381,4.1404292555507185e-07,6.637992499999999,0.014180970200261211,0
0.043827,0.3000043301278854,2.636650898730358,5.579805715656997,0.00019381,4.1404292555507185e-07,6.637992499999999,0.014180970200261211,0
0.043827,0.08929183209507507,4.832930238571752,10.22767624439338,0.00019381,4.1404292555507185e-07,6.637992499999999,0.014180970200261211,1
0.043827,0.02657638732598772,8.858667904100823,18.747133270013006,0.00019381,4.1404292555507185e-07,6.637992499999999,0.014180970200261211,1
0.043827,0.007910066874369067,16.23776739188721,34.363133664739266,0.00019381,4.1404292555507185e-07,6.637992499999999,0.014180970200261211,1
0.043827,0.0023543138946980273,29.763514416313193,62.98696116862404,0.00019381,4.1404292555507185e-07,6.637992499999999,0.014180970200261211,1
0.043827,0.0007007265554870313,54.555947811685144,115.45388485343952,0.00019381,4.1404292555507185e-07,6.637992499999999,0.014180970200261211,1
0.043827,0.00020856084936672723,100.0,211.62474392442397,0.00019381,4.1404292555507185e-07,6.637992499999999,0.014180970200261211,1
0.050502,1805034.1009923157,0.001,0.002116124758297014,0.00013714,3.7310907225534905e-07,4.697045,0.012778985724745704,1
0.050502,537241.770248912,0.0018329807108324356,0.003878815203676082,0.00013714,3.7310907225534905e-07,4.697045,0.012778985724745704,1
0.050502,159902.08587328094,0.003359818286283781,0.007109792275869469,0.00013714,3.7310907225534905e-07,4.697045,0.012778985724745704,1
0.050502,47592.49310593607,0.006158482110660267,0.013032110421021016,0.00013714,3.7310907225534905e-07,4.697045,0.012778985724745704,0
0.050502,14165.201118029501,0.011288378916846888,0.02388760495484119,0.00013714,3.7310907225534905e-07,4.697045,0.012778985724745704,0
0.050502,4216.062149652636,0.02069138081114789,0.04378551678496288,0.00013714,3.7310907225534905e-07,4.697045,0.012778985724745704,0
0.050502,1254.8483479810375,0.0379269019073225,0.08025800520048516,0.00013714,3.7310907225534905e-07,4.697045,0.012778985724745704,0
0.050502,373.4869828316138,0.06951927961775606,0.14711137285310275,0.00013714,3.7310907225534905e-07,4.697045,0.012778985724745704,0
0.050502,111.16285427908903,0.12742749857031335,0.26965230616456176,0.00013714,3.7310907225534905e-07,4.697045,0.012778985724745704,0
0.050502,33.08597253685764,0.23357214690901212,0.4942674731841954,0.00013714,3.7310907225534905e-07,4.697045,0.012778985724745704,0
0.050502,9.847548267534298,0.42813323987193913,0.9059827416763707,0.00013714,3.7310907225534905e-07,4.697045,0.012778985724745704,0
0.050502,2.9309764583218936,0.7847599703514607,1.6606488871693859,0.00013714,3.7310907225534905e-07,4.697045,0.012778985724745704,0
0.050502,0.8723616023480905,1.438449888287663,3.04393737497179,0.00013714,3.7310907225534905e-07,4.697045,0.012778985724745704,0
0.050502,0.2596454715432898,2.636650898730358,5.579478490627672,0.00013714,3.7310907225534905e-07,4.697045,0.012778985724745704,1
0.050502,0.0772796173973135,4.832930238571752,10.227076447146093,0.00013714,3.7310907225534905e-07,4.697045,0.012778985724745704,1
0.050502,0.02300113007194149,8.858667904100823,18.74603385314787,0.00013714,3.7310907225534905e-07,4.697045,0.012778985724745704,1
0.050502,0.006845944666017397,16.23776739188721,34.36111845475184,0.00013714,3.7310907225534905e-07,4.697045,0.012778985724745704,1
0.050502,0.0020375937277880593,29.763514416313193,62.983267327508344,0.00013714,3.7310907225534905e-07,4.697045,0.012778985724745704,1
0.050502,0.0006064595029461593,54.555947811685144,115.44711411384509,0.00013714,3.7310907225534905e-07,4.697045,0.012778985724745704,1
0.050502,0.00018050366159336325,100.0,211.61233328926886,0.00013714,3.7310907225534905e-07,4.697045,0.012778985724745704,1
0.055413,1641392.7134212225,0.001,0.002117267293510944,0.00010235,3.5833817607856894e-07,3.5054874999999996,0.012273082530690987,1
0.055413,488536.32983687957,0.0018329807108324356,0.00388090943012058,0.00010235,3.5833817607856894e-07,3.5054874999999996,0.012273082530690987,1
0.055413,145405.63155455858,0.003359818286283781,0.007113630919815275,0.00010235,3.5833817607856894e-07,3.5054874999999996,0.012273082530690987,1
0.055413,43277.838024185716,0.006158482110660267,0.013039146534906017,0.00010235,3.5833817607856894e-07,3.5054874999999996,0.012273082530690987,0
0.055413,12881.00797054641,0.011288378916846888,0.0239005019590971,0.00010235,3.5833817607856894e-07,3.5054874999999996,0.012273082530690987,0
0.055413,3833.8411080872643,0.02069138081114789,0.04380915668151316,0.00010235,3.5833817607856894e-07,3.5054874999999996,0.012273082530690987,0
0.055413,1141.0859281830767,0.0379269019073225,0.08030133660740203,0.00010235,3.5833817607856894e-07,3.5054874999999996,0.012273082530690987,0
0.055413,339.62728777846775,0.06951927961775606,0.147190798416417,0.00010235,3.5833817607856894e-07,3.5054874999999996,0.012273082530690987,0
0.055413,101.08501892249134,0.12742749857031335,0.2697978916190593,0.00010235,3.5833817607856894e-07,3.5054874999999996,0.012273082530690987,0
0.055413,30.0864545350044,0.23357214690901212,0.49453432844236334,0.00010235,3.5833817607856894e-07,3.5054874999999996,0.012273082530690987,0
0.055413,8.954786290937886,0.42813323987193913,0.9064718821450891,0.00010235,3.5833817607856894e-07,3.5054874999999996,0.012273082530690987,0
0.055413,2.665259118112626,0.7847599703514607,1.6615454721411367,0.00010235,3.5833817607856894e-07,3.5054874999999996,0.012273082530690987,0
0.055413,0.7932747833904226,1.438449888287663,3.0455807978582197,0.00010235,3.5833817607856894e-07,3.5054874999999996,0.012273082530690987,0
0.055413,0.23610645476552092,2.636650898730358,5.582490853005761,0.00010235,3.5833817607856894e-07,3.5054874999999996,0.012273082530690987,1
0.055413,0.07027357874262093,4.832930238571752,10.23259804920666,0.00010235,3.5833817607856894e-07,3.5054874999999996,0.012273082530690987,1
0.055413,0.020915886746520077,8.858667904100823,18.756154843145254,0.00010235,3.5833817607856894e-07,3.5054874999999996,0.012273082530690987,1
0.055413,0.0062253029681722605,16.23776739188721,34.37967003411904,0.00010235,3.5833817607856894e-07,3.5054874999999996,0.012273082530690987,1
0.055413,0.0018528689465652076,29.763514416313193,63.017272014571354,0.00010235,3.5833817607856894e-07,3.5054874999999996,0.012273082530690987,1
0.055413,0.0005514789160545963,54.555947811685144,115.50944404923693,0.00010235,3.5833817607856894e-07,3.5054874999999996,0.012273082530690987,1
0.055413,0.00016413950668742758,100.0,211.72658285847697,0.00010235,3.5833817607856894e-07,3.5054874999999996,0.012273082530690987,1
0.063103,1435730.2937580873,0.001,0.002120965288434671,8.2155e-05,3.3070888072357264e-07,2.81380875,0.011326779164782363,1
0.063103,427323.95102439716,0.0018329807108324356,0.0038876877475351903,8.2155e-05,3.3070888072357264e-07,2.81380875,0.011326779164782363,1
0.063103,127186.67214171198,0.003359818286283781,0.0071260553814975185,8.2155e-05,3.3070888072357264e-07,2.81380875,0.011326779164782363,1
0.063103,37855.23445096906,0.006158482110660267,0.013061920243592933,8.2155e-05,3.3070888072357264e-07,2.81380875,0.011326779164782363,0
0.063103,11267.050385023438,0.011288378916846888,0.02394224561785484,8.2155e-05,3.3070888072357264e-07,2.81380875,0.011326779164782363,0
0.063103,3353.4705753187964,0.02069138081114789,0.043885671879840916,8.2155e-05,3.3070888072357264e-07,2.81380875,0.011326779164782363,0
0.063103,998.1107695475836,0.0379269019073225,0.08044158735931631,8.2155e-05,3.3070888072357264e-07,2.81380875,0.011326779164782363,0
0.063103,297.07285484484146,0.06951927961775606,0.1474478752042445,8.2155e-05,3.3070888072357264e-07,2.81380875,0.011326779164782363,0
0.063103,88.41932397951796,0.12742749857031335,0.27026910827478157,8.2155e-05,3.3070888072357264e-07,2.81380875,0.011326779164782363,0
0.063103,26.316698568187263,0.23357214690901212,0.49539805934400105,8.2155e-05,3.3070888072357264e-07,2.81380875,0.011326779164782363,0
0.063103,7.832774425964226,0.42813323987193913,0.9080550840874724,8.2155e-05,3.3070888072357264e-07,2.81380875,0.011326779164782363,0
0.063103,2.331308954223464,0.7847599703514607,1.664447450622802,8.2155e-05,3.3070888072357264e-07,2.81380875,0.011326779164782363,0
0.063103,0.693879478103333,1.438449888287663,3.050900068298064,8.2155e-05,3.3070888072357264e-07,2.81380875,0.011326779164782363,1
0.063103,0.20652291872863027,2.636650898730358,5.592240972977278,8.2155e-05,3.3070888072357264e-07,2.81380875,0.011326779164782363,1
0.063103,0.06146847872639953,4.832930238571752,10.250469830902265,8.2155e-05,3.3070888072357264e-07,2.81380875,0.011326779164782363,1
0.063103,0.018295179533329726,8.858667904100823,18.788913474120985,8.2155e-05,3.3070888072357264e-07,2.81380875,0.011326779164782363,1
0.063103,0.0054452883988851675,16.23776739188721,34.439715972670285,8.2155e-05,3.3070888072357264e-07,2.81380875,0.011326779164782363,1
0.063103,0.0016207091977731396,29.763514416313193,63.127335061559066,8.2155e-05,3.3070888072357264e-07,2.81380875,0.011326779164782363,1
0.063103,0.00048238001575188767,54.555947811685144,115.71118749120029,8.2155e-05,3.3070888072357264e-07,2.81380875,0.011326779164782363,1
0.063103,0.00014357324553397523,100.0,212.0963746959922,8.2155e-05,3.3070888072357264e-07,2.81380875,0.011326779164782363,1
0.072835,1236770.5614687141,0.001,0.0021291212266670114,5.7545e-05,2.999530216922492e-07,1.97091625,0.010273390992959534,1
0.072835,368106.52919835004,0.0018329807108324356,0.0039026373640488705,5.7545e-05,2.999530216922492e-07,1.97091625,0.010273390992959534,1
0.072835,109561.48254166335,0.003359818286283781,0.007153457632726427,5.7545e-05,2.999530216922492e-07,1.97091625,0.010273390992959534,1
0.072835,32609.357763690346,0.006158482110660267,0.013112147889063312,5.7545e-05,2.999530216922492e-07,1.97091625,0.010273390992959534,0
0.072835,9705.692957019659,0.011288378916846888,0.024034311736658917,5.7545e-05,2.999530216922492e-07,1.97091625,0.010273390992959534,0
0.072835,2888.755702765316,0.02069138081114789,0.04405442709118858,5.7545e-05,2.999530216922492e-07,1.97091625,0.010273390992959534,0
0.072835,859.7952864333867,0.0379269019073225,0.08075091218490882,5.7545e-05,2.999530216922492e-07,1.97091625,0.010273390992959534,0
0.072835,255.90530524881532,0.06951927961775606,0.1480148614138013,5.7545e-05,2.999530216922492e-07,1.97091625,0.010273390992959534,0
0.072835,76.16641428231998,0.12742749857031335,0.2713083828269015,5.7545e-05,2.999530216922492e-07,1.97091625,0.010273390992959534,0
0.072835,22.669802001398356,0.23357214690901212,0.49730302931568876,5.7545e-05,2.999530216922492e-07,1.97091625,0.010273390992959534,0
0.072835,6.747329836866734,0.42813323987193913,0.9115468570634208,5.7545e-05,2.999530216922492e-07,1.97091625,0.010273390992959534,0
0.072835,2.008242496865212,0.7847599703514607,1.6708478028967593,5.7545e-05,2.999530216922492e-07,1.97091625,0.010273390992959534,0
0.072835,0.5977235463955015,1.438449888287663,3.06263179032082,5.7545e-05,2.999530216922492e-07,1.97091625,0.010273390992959534,1
0.072835,0.17790353411674828,2.636650898730358,5.613744992911692,5.7545e-05,2.999530216922492e-07,1.97091625,0.010273390992959534,1
0.072835,0.05295034405900215,4.832930238571752,10.289886284409146,5.7545e-05,2.999530216922492e-07,1.97091625,0.010273390992959534,1
0.072835,0.015759883293178942,8.858667904100823,18.861163072850196,5.7545e-05,2.999530216922492e-07,1.97091625,0.010273390992959534,1
0.072835,0.004690695136883603,16.23776739188721,34.57214809326796,5.7545e-05,2.999530216922492e-07,1.97091625,0.010273390992959534,1
0.072835,0.0013961157234417274,29.763514416313193,63.37008058387088,5.7545e-05,2.999530216922492e-07,1.97091625,0.010273390992959534,1
0.072835,0.0004155331046393647,54.555947811685144,116.1561353510004,5.7545e-05,2.999530216922492e-07,1.97091625,0.010273390992959534,1
0.072835,0.00012367725550784813,100.0,212.9119555400936,5.7545e-05,2.999530216922492e-07,1.97091625,0.010273390992959534,1
0.083555,1070090.1211775816,0.001,0.002143732028842969,4.656e-05,2.7909846293977e-07,1.59468,0.009559122355687124,1
0.083555,318496.5627422259,0.0018329807108324356,0.0039294185863446235,4.656e-05,2.7909846293977e-07,1.59468,0.009559122355687124,1
0.083555,94795.81037009181,0.003359818286283781,0.0072025469268421636,4.656e-05,2.7909846293977e-07,1.59468,0.009559122355687124,1
0.083555,28214.574208846254,0.006158482110660267,0.013202127377442861,4.656e-05,2.7909846293977e-07,1.59468,0.009559122355687124,0
0.083555,8397.650806806074,0.011288378916846888,0.02419924210862085,4.656e-05,2.7909846293977e-07,1.59468,0.009559122355687124,0
0.083555,2499.4363687471014,0.02069138081114789,0.044356740952176954,4.656e-05,2.7909846293977e-07,1.59468,0.009559122355687124,0
0.083555,743.9201669210731,0.0379269019073225,0.08130504731053738,4.656e-05,2.7909846293977e-07,1.59468,0.009559122355687124,0
0.083555,221.41679678193603,0.06951927961775606,0.14903058004827816,4.656e-05,2.7909846293977e-07,1.59468,0.009559122355687124,0
0.083555,65.90142199980687,0.12742749857031335,0.2731701751229451,4.656e-05,2.7909846293977e-07,1.59468,0.009559122355687124,0
0.083555,19.614579528360718,0.23357214690901212,0.5007156583096901,4.656e-05,2.7909846293977e-07,1.59468,0.009559122355687124,0
0.083555,5.837988253177346,0.42813323987193913,0.9178021398084332,4.656e-05,2.7909846293977e-07,1.59468,0.009559122355687124,0
0.083555,1.737590483107431,0.7847599703514607,1.6823136151338576,4.656e-05,2.7909846293977e-07,1.59468,0.009559122355687124,1
0.083555,0.5171679951971809,1.438449888287663,3.0836484026095383,4.656e-05,2.7909846293977e-07,1.59468,0.009559122355687124,1
0.083555,0.1539273710120569,2.636650898730358,5.652268037467721,4.656e-05,2.7909846293977e-07,1.59468,0.009559122355687124,1
0.083555,0.04581419529513056,4.832930238571752,10.360498281626468,4.656e-05,2.7909846293977e-07,1.59468,0.009559122355687124,1
0.083555,0.013635914626793836,8.858667904100823,18.990593501326394,4.656e-05,2.7909846293977e-07,1.59468,0.009559122355687124,1
0.083555,0.004058527416620525,16.23776739188721,34.80939157168305,4.656e-05,2.7909846293977e-07,1.59468,0.009559122355687124,1
0.083555,0.0012079603928785473,29.763514416313193,63.80494330319992,4.656e-05,2.7909846293977e-07,1.59468,0.009559122355687124,1
0.083555,0.00035953146570092917,54.555947811685144,116.95323032701407,4.656e-05,2.7909846293977e-07,1.59468,0.009559122355687124,1
0.083555,0.00010700919962884013,100.0,214.37301525545152,4.656e-05,2.7909846293977e-07,1.59468,0.009559122355687124,1
0.09622,919368.2516917721,0.001,0.0021730926381855883,3.1107e-05,2.6055602092318985e-07,1.06541475,0.008924043716619253,1
0.09622,273636.4310105431,0.0018329807108324356,0.00398323583512176,3.1107e-05,2.6055602092318985e-07,1.06541475,0.008924043716619253,1
0.09622,81443.85689381133,0.003359818286283781,0.00730119258512623,3.1107e-05,2.6055602092318985e-07,1.06541475,0.008924043716619253,1
0.09622,24240.563249639457,0.006158482110660267,0.013382942511393136,3.1107e-05,2.6055602092318985e-07,1.06541475,0.008924043716619253,0
0.09622,7214.845415510912,0.011288378916846888,0.024530672204924175,3.1107e-05,2.6055602092318985e-07,1.06541475,0.008924043716619253,0
0.09622,2147.3919042122793,0.02069138081114789,0.044964245303419983,3.1107e-05,2.6055602092318985e-07,1.06541475,0.008924043716619253,0
0.09622,639.1393600831456,0.0379269019073225,0.08241859040667547,3.1107e-05,2.6055602092318985e-07,1.06541475,0.008924043716619253,0
0.09622,190.23034592506852,0.06951927961775606,0.15107168238042185,3.1107e-05,2.6055602092318985e-07,1.06541475,0.008924043716619253,0
0.09622,56.61923815292492,0.12742749857031335,0.2769114756303902,3.1107e-05,2.6055602092318985e-07,1.06541475,0.008924043716619253,0
0.09622,16.851875392792298,0.23357214690901212,0.5075733892701831,3.1107e-05,2.6055602092318985e-07,1.06541475,0.008924043716619253,0
0.09622,5.015710408182974,0.42813323987193913,0.9303722276722416,3.1107e-05,2.6055602092318985e-07,1.06541475,0.008924043716619253,0
0.09622,1.492851697955294,0.7847599703514607,1.705354343012769,3.1107e-05,2.6055602092318985e-07,1.06541475,0.008924043716619253,1
0.09622,0.44432513156118664,1.438449888287663,3.1258816116650747,3.1107e-05,2.6055602092318985e-07,1.06541475,0.008924043716619253,1
0.09622,0.13224677478683058,2.636650898730358,5.7296806943124095,3.1107e-05,2.6055602092318985e-07,1.06541475,0.008924043716619253,1
0.09622,0.03936128791117168,4.832930238571752,10.502394187686075,3.1107e-05,2.6055602092318985e-07,1.06541475,0.008924043716619253,1
0.09622,0.01171530260714835,8.858667904100823,19.25068595936856,3.1107e-05,2.6055602092318985e-07,1.06541475,0.008924043716619253,1
0.09622,0.0034868857812476125,16.23776739188721,35.28613602959605,3.1107e-05,2.6055602092318985e-07,1.06541475,0.008924043716619253,1
0.09622,0.0010378197523207393,29.763514416313193,64.67880669783939,3.1107e-05,2.6055602092318985e-07,1.06541475,0.008924043716619253,1
0.09622,0.0003088916316198581,54.555947811685144,118.55500507257939,3.1107e-05,2.6055602092318985e-07,1.06541475,0.008924043716619253,1
0.09622,9.193700531161948e-05,100.0,217.3090374664599,3.1107e-05,2.6055602092318985e-07,1.06541475,0.008924043716619253,1
0.1105,796240.0442647617,0.001,0.0020166278274031495,2.2496e-05,2.3348415637860082e-07,0.770488,0.007996832355967078,1
0.1105,236989.13961370563,0.0018329807108324356,0.003696438511086871,2.2496e-05,2.3348415637860082e-07,0.770488,0.007996832355967078,1
0.1105,70536.33222357875,0.003359818286283781,0.006775498016654802,2.2496e-05,2.3348415637860082e-07,0.770488,0.007996832355967078,1
0.1105,20994.099910835557,0.006158482110660267,0.012419353649898695,2.2496e-05,2.3348415637860082e-07,0.770488,0.007996832355967078,0
0.1105,6248.583698038887,0.011288378916846888,0.022764431361007618,2.2496e-05,2.3348415637860082e-07,0.770488,0.007996832355967078,0
0.1105,1859.7984340653943,0.02069138081114789,0.04172675873559715,2.2496e-05,2.3348415637860082e-07,0.770488,0.007996832355967078,0
0.1105,553.5414318604212,0.0379269019073225,0.07648433873328578,2.2496e-05,2.3348415637860082e-07,0.770488,0.007996832355967078,0
0.1105,164.75339349725417,0.06951927961775606,0.1401943122455057,2.2496e-05,2.3348415637860082e-07,0.770488,0.007996832355967078,0
0.1105,49.03640162465783,0.12742749857031335,0.2569734646810844,2.2496e-05,2.3348415637860082e-07,0.770488,0.007996832355967078,0
0.1105,14.594956729896078,0.23357214690901212,0.47102739846760694,2.2496e-05,2.3348415637860082e-07,0.770488,0.007996832355967078,0
0.1105,4.343972093378317,0.42813323987193913,0.8633841301457514,2.2496e-05,2.3348415637860082e-07,0.770488,0.007996832355967078,1
0.1105,1.2929187672656481,0.7847599703514607,1.5825664510604247,2.2496e-05,2.3348415637860082e-07,0.770488,0.007996832355967078,1
0.1105,0.3848180648273572,1.438449888287663,2.9008137728596397,2.2496e-05,2.3348415637860082e-07,0.770488,0.007996832355967078,1
0.1105,0.11453538038695635,2.636650898730358,5.317135685819152,2.2496e-05,2.3348415637860082e-07,0.770488,0.007996832355967078,1
0.1105,0.034089754483388794,4.832930238571752,9.74620714343296,2.2496e-05,2.3348415637860082e-07,0.770488,0.007996832355967078,1
0.1105,0.010146308995044569,8.858667904100823,17.864609692136092,2.2496e-05,2.3348415637860082e-07,0.770488,0.007996832355967078,1
0.1105,0.0030198981412588163,16.23776739188721,32.74548496668101,2.2496e-05,2.3348415637860082e-07,0.770488,0.007996832355967078,1
0.1105,0.0008988278187606514,29.763514416313193,60.02184230522481,2.2496e-05,2.3348415637860082e-07,0.770488,0.007996832355967078,1
0.1105,0.0002675227474356262,54.555947811685144,110.01887916854793,2.2496e-05,2.3348415637860082e-07,0.770488,0.007996832355967078,1
0.1105,7.962417150332406e-05,100.0,201.66248333779762,2.2496e-05,2.3348415637860082e-07,0.770488,0.007996832355967078,1
0.1252,688404.2669270019,0.001,0.0021527111219163536,1.6787e-05,2.1826992603550297e-07,0.57495475,0.007475744966715977,1
0.1252,204893.4320254059,0.0018329807108324356,0.003945875306576161,1.6787e-05,2.1826992603550297e-07,0.57495475,0.007475744966715977,1
0.1252,60983.52465114191,0.003359818286283781,0.007232708632314613,1.6787e-05,2.1826992603550297e-07,0.57495475,0.007475744966715977,1
0.1252,18150.84939937884,0.006158482110660267,0.013257408741448672,1.6787e-05,2.1826992603550297e-07,0.57495475,0.007475744966715977,0
0.1252,5402.332581060706,0.011288378916846888,0.02430056632840097,1.6787e-05,2.1826992603550297e-07,0.57495475,0.007475744966715977,0
0.1252,1607.9243911137758,0.02069138081114789,0.04454246019506856,1.6787e-05,2.1826992603550297e-07,0.57495475,0.007475744966715977,0
0.1252,478.57487015479944,0.0379269019073225,0.0816454606202858,1.6787e-05,2.1826992603550297e-07,0.57495475,0.007475744966715977,0
0.1252,142.4407110157144,0.06951927961775606,0.14965454438072778,1.6787e-05,2.1826992603550297e-07,0.57495475,0.007475744966715977,0
0.1252,42.395363311115695,0.12742749857031335,0.27431388288901365,1.6787e-05,2.1826992603550297e-07,0.57495475,0.007475744966715977,0
0.1252,12.618350359369787,0.23357214690901212,0.5028120456971034,1.6787e-05,2.1826992603550297e-07,0.57495475,0.007475744966715977,0
0.1252,3.7556645754791145,0.42813323987193913,0.9216447705285662,1.6787e-05,2.1826992603550297e-07,0.57495475,0.007475744966715977,1
0.1252,1.1178177750398473,0.7847599703514607,1.6893570761791405,1.6787e-05,2.1826992603550297e-07,0.57495475,0.007475744966715977,1
0.1252,0.33270185587323253,1.438449888287663,3.096558923888459,1.6787e-05,2.1826992603550297e-07,0.57495475,0.007475744966715977,1
0.1252,0.0990237650395636,2.636650898730358,5.675932766978179,1.6787e-05,2.1826992603550297e-07,0.57495475,0.007475744966715977,1
0.1252,0.029472952616173925,4.832930238571752,10.403875267382327,1.6787e-05,2.1826992603550297e-07,0.57495475,0.007475744966715977,1
0.1252,0.008772186506196076,8.858667904100823,19.070102672545268,1.6787e-05,2.1826992603550297e-07,0.57495475,0.007475744966715977,1
0.1252,0.0026109109962693558,16.23776739188721,34.95513034189487,1.6787e-05,2.1826992603550297e-07,0.57495475,0.007475744966715977,1
0.1252,0.0007770988709133111,29.763514416313193,64.07207965085149,1.6787e-05,2.1826992603550297e-07,0.57495475,0.007475744966715977,1
0.1252,0.0002312919344962809,54.555947811685144,117.44288609245415,1.6787e-05,2.1826992603550297e-07,0.57495475,0.007475744966715977,1
0.1252,6.884060827130329e-05,100.0,215.27054482148347,1.6787e-05,2.1826992603550297e-07,0.57495475,0.007475744966715977,1
0.14185,634392.8437332746,0.001,0.0011161736183390157,1.0865e-05,2.0672285145888593e-07,0.37212625,0.007080257662466843,1
0.14185,188817.74740257184,0.0018329807108324356,0.00204590871182937,1.0865e-05,2.0672285145888593e-07,0.37212625,0.007080257662466843,1
0.14185,56198.838720247615,0.003359818286283781,0.003750082993129337,1.0865e-05,2.0672285145888593e-07,0.37212625,0.007080257662466843,1
0.14185,16726.759116593297,0.006158482110660267,0.006873789775939646,1.0865e-05,2.0672285145888593e-07,0.37212625,0.007080257662466843,1
0.14185,4978.473304001195,0.011288378916846888,0.012599475132069009,1.0865e-05,2.0672285145888593e-07,0.37212625,0.007080257662466843,0
0.14185,1481.7689758050703,0.02069138081114789,0.0230945401668936,1.0865e-05,2.0672285145888593e-07,0.37212625,0.007080257662466843,0
0.14185,441.02658461059815,0.0379269019073225,0.04233178849694531,1.0865e-05,2.0672285145888593e-07,0.37212625,0.007080257662466843,0
0.14185,131.26502151739368,0.06951927961775606,0.07759329165688585,1.0865e-05,2.0672285145888593e-07,0.37212625,0.007080257662466843,0
0.14185,39.069085330694165,0.12742749857031335,0.14222694569167374,1.0865e-05,2.0672285145888593e-07,0.37212625,0.007080257662466843,0
0.14185,11.628333128401774,0.23357214690901212,0.2606991862052474,1.0865e-05,2.0672285145888593e-07,0.37212625,0.007080257662466843,0
0.14185,3.4610006533913147,0.42813323987193913,0.47785651750484776,1.0865e-05,2.0672285145888593e-07,0.37212625,0.007080257662466843,1
0.14185,1.0301154359706888,0.7847599703514607,0.8759017168117672,1.0865e-05,2.0672285145888593e-07,0.37212625,0.007080257662466843,1
0.14185,0.3065985575179431,1.438449888287663,1.6055108890818273,1.0865e-05,2.0672285145888593e-07,0.37212625,0.007080257662466843,1
0.14185,0.09125450606668,2.636650898730358,2.9428704282452274,1.0865e-05,2.0672285145888593e-07,0.37212625,0.007080257662466843,1
0.14185,0.027160548101122707,4.832930238571752,5.394224666949963,1.0865e-05,2.0672285145888593e-07,0.37212625,0.007080257662466843,1
0.14185,0.008083933654894945,8.858667904100823,9.887509701896976,1.0865e-05,2.0672285145888593e-07,0.37212625,0.007080257662466843,1
0.14185,0.0024060627596353286,16.23776739188721,18.123614499218082,1.0865e-05,2.0672285145888593e-07,0.37212625,0.007080257662466843,1
0.14185,0.0007161288364685254,29.763514416313193,33.22023572509781,1.0865e-05,2.0672285145888593e-07,0.37212625,0.007080257662466843,1
0.14185,0.00021314510950424484,54.555947811685144,60.89205123087564,1.0865e-05,2.0672285145888593e-07,0.37212625,0.007080257662466843,1
0.14185,6.343947539862548e-05,100.0,111.61395528667983,1.0865e-05,2.0672285145888593e-07,0.37212625,0.007080257662466843,1
0.16217,550794.2778234121,0.001,0.0011220171028594307,7.7161e-06,1.9553616438356164e-07,0.26427642500000004,0.006697113630136986,1
0.16217,163935.79444660372,0.0018329807108324356,0.0020566373262936454,7.7161e-06,1.9553616438356164e-07,0.26427642500000004,0.006697113630136986,1
0.16217,48793.07171294227,0.003359818286283781,0.003769779398028195,7.7161e-06,1.9553616438356164e-07,0.26427642500000004,0.006697113630136986,1
0.16217,14522.537219589674,0.006158482110660267,0.006909936954046927,7.7161e-06,1.9553616438356164e-07,0.26427642500000004,0.006697113630136986,0
0.16217,4322.41833835545,0.011288378916846888,0.012665786073488654,7.7161e-06,1.9553616438356164e-07,0.26427642500000004,0.006697113630136986,0
0.16217,1286.5037687119777,0.02069138081114789,0.023216147057791174,7.7161e-06,1.9553616438356164e-07,0.26427642500000004,0.006697113630136986,0
0.16217,382.90876330335647,0.0379269019073225,0.04255475557445636,7.7161e-06,1.9553616438356164e-07,0.26427642500000004,0.006697113630136986,0
0.16217,113.96710981751727,0.06951927961775606,0.078002052153125,7.7161e-06,1.9553616438356164e-07,0.26427642500000004,0.006697113630136986,0
0.16217,33.92061796651354,0.12742749857031335,0.14297626314060918,7.7161e-06,1.9553616438356164e-07,0.26427642500000004,0.006697113630136986,0
0.16217,10.09596815114141,0.23357214690901212,0.2620727386415629,7.7161e-06,1.9553616438356164e-07,0.26427642500000004,0.006697113630136986,0
0.16217,3.0049149578093606,0.42813323987193913,0.4803742809954926,7.7161e-06,1.9553616438356164e-07,0.26427642500000004,0.006697113630136986,1
0.16217,0.894368300199005,0.7847599703514607,0.8805167972930273,7.7161e-06,1.9553616438356164e-07,0.26427642500000004,0.006697113630136986,1
0.16217,0.26619543853961647,1.438449888287663,1.6139703112600972,7.7161e-06,1.9553616438356164e-07,0.26427642500000004,0.006697113630136986,1
0.16217,0.07922911781877218,2.636650898730358,2.9583764546593145,7.7161e-06,1.9553616438356164e-07,0.26427642500000004,0.006697113630136986,1
0.16217,0.02358136991909411,4.832930238571752,5.422646983037611,7.7161e-06,1.9553616438356164e-07,0.26427642500000004,0.006697113630136986,1
0.16217,0.007018644437900431,8.858667904100823,9.939607327829465,7.7161e-06,1.9553616438356164e-07,0.26427642500000004,0.006697113630136986,1
0.16217,0.002088995249504871,16.23776739188721,18.219108511428836,7.7161e-06,1.9553616438356164e-07,0.26427642500000004,0.006697113630136986,1
0.16217,0.0006217584023075364,29.763514416313193,33.39527447628125,7.7161e-06,1.9553616438356164e-07,0.26427642500000004,0.006697113630136986,1
0.16217,0.00018505715171600684,54.555947811685144,61.212893954247676,7.7161e-06,1.9553616438356164e-07,0.26427642500000004,0.006697113630136986,1
0.16217,5.507951203112763e-05,100.0,112.20205387863699,7.7161e-06,1.9553616438356164e-07,0.26427642500000004,0.006697113630136986,1
0.18582,484164.3324056668,0.001,0.0008561747234361436,4.7006e-06,1.720499952015355e-07,0.16099555000000002,0.00589271233565259,1
0.18582,144104.37298413005,0.0018329807108324356,0.0015693526645460401,4.7006e-06,1.720499952015355e-07,0.16099555000000002,0.00589271233565259,1
0.18582,42890.54123031364,0.003359818286283781,0.0028765947652492027,4.7006e-06,1.720499952015355e-07,0.16099555000000002,0.00589271233565259,1
0.18582,12765.736087042214,0.006158482110660267,0.005272744984295582,4.7006e-06,1.720499952015355e-07,0.16099555000000002,0.00589271233565259,1
0.18582,3799.5324486002414,0.011288378916846888,0.009664842614725402,4.7006e-06,1.720499952015355e-07,0.16099555000000002,0.00589271233565259,0
0.18582,1130.8745266039675,0.02069138081114789,0.01771547317234692,4.7006e-06,1.720499952015355e-07,0.16099555000000002,0.00589271233565259,0
0.18582,336.58802696840155,0.0379269019073225,0.0324721238844806,4.7006e-06,1.720499952015355e-07,0.16099555000000002,0.00589271233565259,0
0.18582,100.18043002570546,0.06951927961775606,0.059520780104180035,4.7006e-06,1.720499952015355e-07,0.16099555000000002,0.00589271233565259,0
0.18582,29.8172174131271,0.12742749857031335,0.10910044526885991,4.7006e-06,1.720499952015355e-07,0.16099555000000002,0.00589271233565259,0
0.18582,8.87465191510023,0.23357214690901212,0.19997901519833644,4.7006e-06,1.720499952015355e-07,0.16099555000000002,0.00589271233565259,1
0.18582,2.6414083204249827,0.42813323987193913,0.36655768092525276,4.7006e-06,1.720499952015355e-07,0.16099555000000002,0.00589271233565259,1
0.18582,0.786175949222013,0.7847599703514607,0.6718931620488232,4.7006e-06,1.720499952015355e-07,0.16099555000000002,0.00589271233565259,1
0.18582,0.23399359246891457,1.438449888287663,1.231567209286496,4.7006e-06,1.720499952015355e-07,0.16099555000000002,0.00589271233565259,1
0.18582,0.06964471670651456,2.636650898730358,2.2574389422296326,4.7006e-06,1.720499952015355e-07,0.16099555000000002,0.00589271233565259,1
0.18582,0.020728715309943708,4.832930238571752,4.137842040504261,4.7006e-06,1.720499952015355e-07,0.16099555000000002,0.00589271233565259,1
0.18582,0.006169594171670689,8.858667904100823,7.584584648232092,4.7006e-06,1.720499952015355e-07,0.16099555000000002,0.00589271233565259,1
0.18582,0.0018362880510508777,16.23776739188721,13.902397363401978,4.7006e-06,1.720499952015355e-07,0.16099555000000002,0.00589271233565259,1
0.18582,0.0005465438588543967,29.763514416313193,25.482826204960528,4.7006e-06,1.720499952015355e-07,0.16099555000000002,0.00589271233565259,1
0.18582,0.00016267066023050716,54.555947811685144,46.70952889470508,4.7006e-06,1.720499952015355e-07,0.16099555000000002,0.00589271233565259,1
0.18582,4.841650541026461e-05,100.0,85.61766547958197,4.7006e-06,1.720499952015355e-07,0.16099555000000002,0.00589271233565259,1
0.20424,450577.3119103185,0.001,0.00016771920526472434,3.4083e-06,1.6032932787591555e-07,0.116734275,0.005491279479750108,1
0.20424,134107.68330310888,0.0018329807108324356,0.0003074269603829619,3.4083e-06,1.6032932787591555e-07,0.116734275,0.005491279479750108,1
0.20424,39915.17126351868,0.003359818286283781,0.0005635092605765647,3.4083e-06,1.6032932787591555e-07,0.116734275,0.005491279479750108,1
0.20424,11880.160457587366,0.006158482110660267,0.0010329038333626109,3.4083e-06,1.6032932787591555e-07,0.116734275,0.005491279479750108,1
0.20424,3535.953812734257,0.011288378916846888,0.001893295526259654,3.4083e-06,1.6032932787591555e-07,0.116734275,0.005491279479750108,1
0.20424,1052.4242219575472,0.02069138081114789,0.003470377223331734,3.4083e-06,1.6032932787591555e-07,0.116734275,0.005491279479750108,1
0.20424,313.23845221394873,0.0379269019073225,0.006361137743722553,3.4083e-06,1.6032932787591555e-07,0.116734275,0.005491279479750108,0
0.20424,93.23077477568167,0.06951927961775606,0.01165984612553318,3.4083e-06,1.6032932787591555e-07,0.116734275,0.005491279479750108,0
0.20424,27.748755569965944,0.12742749857031335,0.021372276442087765,3.4083e-06,1.6032932787591555e-07,0.116734275,0.005491279479750108,0
0.20424,8.2590049430587,0.23357214690901212,0.03917497390094106,3.4083e-06,1.6032932787591555e-07,0.116734275,0.005491279479750108,0
0.20424,2.4581701397163087,0.42813323987193913,0.07180697496208238,3.4083e-06,1.6032932787591555e-07,0.116734275,0.005491279479750108,0
0.20424,0.7316378260043812,0.7847599703514607,0.13162080347302083,3.4083e-06,1.6032932787591555e-07,0.116734275,0.005491279479750108,1
0.20424,0.217761130158367,1.438449888287663,0.24125839738007704,3.4083e-06,1.6032932787591555e-07,0.116734275,0.005491279479750108,1
0.20424,0.06481336542313039,2.636650898730358,0.44222199219677394,3.4083e-06,1.6032932787591555e-07,0.116734275,0.005491279479750108,1
0.20424,0.01929073537039828,4.832930238571752,0.8105843850769558,3.4083e-06,1.6032932787591555e-07,0.116734275,0.005491279479750108,1
0.20424,0.005741600804441039,8.858667904100823,1.4857855458232996,3.4083e-06,1.6032932787591555e-07,0.116734275,0.005491279479750108,1
0.20424,0.0017089021833940241,16.23776739188721,2.7234162494035052,3.4083e-06,1.6032932787591555e-07,0.116734275,0.005491279479750108,1
0.20424,0.0005086293477536671,29.763514416313193,4.991969456200246,3.4083e-06,1.6032932787591555e-07,0.116734275,0.005491279479750108,1
0.20424,0.00015138596925051408,54.555947811685144,9.150183725755893,3.4083e-06,1.6032932787591555e-07,0.116734275,0.005491279479750108,1
0.20424,4.5057784783167216e-05,100.0,16.772110273359665,3.4083e-06,1.6032932787591555e-07,0.116734275,0.005491279479750108,1
0.21412,62.38833133094415,0.001,0.001401986716078294,3.2874e-06,1.5903100818612667e-07,0.11259345,0.005446812030374839,1
0.21412,18.568965588344362,0.0018329807108324356,0.0025698136365711346,3.2874e-06,1.5903100818612667e-07,0.11259345,0.005446812030374839,1
0.21412,5.526778367801055,0.003359818286283781,0.004710417108272927,3.2874e-06,1.5903100818612667e-07,0.11259345,0.005446812030374839,1
0.21412,1.6449638525491488,0.006158482110660267,0.008634101253396378,3.2874e-06,1.5903100818612667e-07,0.11259345,0.005446812030374839,0
0.21412,0.48959912875378225,0.011288378916846888,0.01582613805147641,3.2874e-06,1.5903100818612667e-07,0.11259345,0.005446812030374839,0
0.21412,0.14572192103476064,0.02069138081114789,0.029009002411349138,3.2874e-06,1.5903100818612667e-07,0.11259345,0.005446812030374839,0
0.21412,0.04337196736023693,0.0379269019073225,0.05317293827946466,3.2874e-06,1.5903100818612667e-07,0.11259345,0.005446812030374839,0
0.21412,0.012909022159252053,0.06951927961775606,0.09746496649932228,3.2874e-06,1.5903100818612667e-07,0.11259345,0.005446812030374839,0
0.21412,0.0038421787378226185,0.12742749857031335,0.17865139980051714,3.2874e-06,1.5903100818612667e-07,0.11259345,0.005446812030374839,1
0.21412,0.0011435674334371133,0.23357214690901212,0.3274645659845046,3.2874e-06,1.5903100818612667e-07,0.11259345,0.005446812030374839,1
0.21412,0.000340365859692278,0.42813323987193913,0.6002362290965665,3.2874e-06,1.5903100818612667e-07,0.11259345,0.005446812030374839,1
0.21412,0.00010130484200782157,0.7847599703514607,1.1002214260311107,3.2874e-06,1.5903100818612667e-07,0.11259345,0.005446812030374839,1
0.21412,3.0151881302608477e-05,1.438449888287663,2.0166846477075753,3.2874e-06,1.5903100818612667e-07,0.11259345,0.005446812030374839,1
0.21412,8.974259545960876e-06,2.636650898730358,3.696544055224436,3.2874e-06,1.5903100818612667e-07,0.11259345,0.005446812030374839,1
0.21412,2.6710550349654e-06,4.832930238571752,6.775693946111361,3.2874e-06,1.5903100818612667e-07,0.11259345,0.005446812030374839,1
0.21412,7.949998506019602e-07,8.858667904100823,12.419716301867869,3.2874e-06,1.5903100818612667e-07,0.11259345,0.005446812030374839,1
0.21412,2.3661989517644874e-07,16.23776739188721,22.76510041147603,3.2874e-06,1.5903100818612667e-07,0.11259345,0.005446812030374839,1
0.21412,7.04263966180445e-08,29.763514416313193,41.72798993053994,3.2874e-06,1.5903100818612667e-07,0.11259345,0.005446812030374839,1
0.21412,2.096137071116829e-08,54.555947811685144,76.48660064063034,3.2874e-06,1.5903100818612667e-07,0.11259345,0.005446812030374839,1
0.21412,6.238840593616145e-09,100.0,140.1984636075599,3.2874e-06,1.5903100818612667e-07,0.11259345,0.005446812030374839,1
0.23062,23.328810245416484,0.001,0.0023360907174724923,2.6289e-06,1.569911517275914e-07,0.090039825,0.005376946946670005,1
0.23062,6.94347589407724,0.0018329807108324356,0.004282008587669029,2.6289e-06,1.569911517275914e-07,0.090039825,0.005376946946670005,1
0.23062,2.066623053747865,0.003359818286283781,0.00784883801236627,2.6289e-06,1.569911517275914e-07,0.090039825,0.005376946946670005,0
0.23062,0.6150997912447388,0.006158482110660267,0.01438676705691187,2.6289e-06,1.569911517275914e-07,0.090039825,0.005376946946670005,0
0.23062,0.1830753432212863,0.011288378916846888,0.0263706645056522,2.6289e-06,1.569911517275914e-07,0.090039825,0.005376946946670005,0
0.23062,0.0544896613201191,0.02069138081114789,0.04833691711947668,2.6289e-06,1.569911517275914e-07,0.090039825,0.005376946946670005,0
0.23062,0.016218039094399436,0.0379269019073225,0.08860063429865829,2.6289e-06,1.569911517275914e-07,0.090039825,0.005376946946670005,0
0.23062,0.004827058553988331,0.06951927961775606,0.1624032511474386,2.6289e-06,1.569911517275914e-07,0.090039825,0.005376946946670005,1
0.23062,0.0014367022934484678,0.12742749857031335,0.2976820241913288,2.6289e-06,1.569911517275914e-07,0.090039825,0.005376946946670005,1
0.23062,0.00042761309830784486,0.23357214690901212,0.5456454057387788,2.6289e-06,1.569911517275914e-07,0.090039825,0.005376946946670005,1
0.23062,0.00012727268682688464,0.42813323987193913,1.0001575010931432,2.6289e-06,1.569911517275914e-07,0.090039825,0.005376946946670005,1
0.23062,3.7880824600231965e-05,0.7847599703514607,1.8332694047095621,2.6289e-06,1.569911517275914e-07,0.090039825,0.005376946946670005,1
0.23062,1.12746647085539e-05,1.438449888287663,3.3603474539988887,2.6289e-06,1.569911517275914e-07,0.090039825,0.005376946946670005,1
0.23062,3.355736458789356e-06,2.636650898730358,6.159452062279406,2.6289e-06,1.569911517275914e-07,0.090039825,0.005376946946670005,1
0.23062,9.987851051511754e-07,4.832930238571752,11.290156816858438,2.6289e-06,1.569911517275914e-07,0.090039825,0.005376946946670005,1
0.23062,2.9727354883533645e-07,8.858667904100823,20.694639664977352,2.6289e-06,1.569911517275914e-07,0.090039825,0.005376946946670005,1
0.23062,8.847905557578135e-08,16.23776739188721,37.93287532093342,2.6289e-06,1.569911517275914e-07,0.090039825,0.005376946946670005,1
0.23062,2.6334476463711217e-08,29.763514416313193,69.53022876708464,2.6289e-06,1.569911517275914e-07,0.090039825,0.005376946946670005,1
0.23062,7.838065699061396e-09,54.555947811685144,127.44756814723434,2.6289e-06,1.569911517275914e-07,0.090039825,0.005376946946670005,1
0.23062,2.33288381435286e-09,100.0,233.60893405378485,2.6289e-06,1.569911517275914e-07,0.090039825,0.005376946946670005,1
0.2484,16.502789358247224,0.001,0.002894669209902211,2.245e-06,1.5573121687929344e-07,0.07689125000000001,0.0053337941781158,1
0.2484,4.911811570802191,0.0018329807108324356,0.0053058722369234345,2.245e-06,1.5573121687929344e-07,0.07689125000000001,0.0053337941781158,1
0.2484,1.461928173002654,0.003359818286283781,0.009725560412474986,2.245e-06,1.5573121687929344e-07,0.07689125000000001,0.0053337941781158,0
0.2484,0.43512130207554156,0.006158482110660267,0.017826763126162135,2.245e-06,1.5573121687929344e-07,0.07689125000000001,0.0053337941781158,0
0.2484,0.12950741140762723,0.011288378916846888,0.032676111076621606,2.245e-06,1.5573121687929344e-07,0.07689125000000001,0.0053337941781158,0
0.2484,0.03854596070635309,0.02069138081114789,0.05989467919994058,2.245e-06,1.5573121687929344e-07,0.07689125000000001,0.0053337941781158,0
0.2484,0.011472633202793195,0.0379269019073225,0.10978578940179554,2.245e-06,1.5573121687929344e-07,0.07689125000000001,0.0053337941781158,1
0.2484,0.003414658943423516,0.06951927961775606,0.2012352319602547,2.245e-06,1.5573121687929344e-07,0.07689125000000001,0.0053337941781158,1
0.2484,0.0010163225244731924,0.12742749857031335,0.3688602961392911,2.245e-06,1.5573121687929344e-07,0.07689125000000001,0.0053337941781158,1
0.2484,0.00030249330397274507,0.23357214690901212,0.6761138054054479,2.245e-06,1.5573121687929344e-07,0.07689125000000001,0.0053337941781158,1
0.2484,9.003263860747537e-05,0.42813323987193913,1.2393035612115417,2.245e-06,1.5573121687929344e-07,0.07689125000000001,0.0053337941781158,1
0.2484,2.6796877448071645e-05,0.7847599703514607,2.271619520134675,2.245e-06,1.5573121687929344e-07,0.07689125000000001,0.0053337941781158,1
0.2484,7.97569249486229e-06,1.438449888287663,4.163834760320971,2.245e-06,1.5573121687929344e-07,0.07689125000000001,0.0053337941781158,1
0.2484,2.3738463875381305e-06,2.636650898730358,7.6322287963232585,2.245e-06,1.5573121687929344e-07,0.07689125000000001,0.0053337941781158,1
0.2484,7.065401121056719e-07,4.832930238571752,13.989728161880429,2.245e-06,1.5573121687929344e-07,0.07689125000000001,0.0053337941781158,1
0.2484,2.102911681771466e-07,8.858667904100823,25.642901868075473,2.245e-06,1.5573121687929344e-07,0.07689125000000001,0.0053337941781158,1
0.2484,6.259004216533337e-08,16.23776739188721,47.00294449151034,2.245e-06,1.5573121687929344e-07,0.07689125000000001,0.0053337941781158,1
0.2484,1.862899622446745e-08,29.763514416313193,86.15549060282495,2.245e-06,1.5573121687929344e-07,0.07689125000000001,0.0053337941781158,1
0.2484,5.544643977113104e-09,54.555947811685144,157.92135240484183,2.245e-06,1.5573121687929344e-07,0.07689125000000001,0.0053337941781158,1
0.2484,1.650280909498528e-09,100.0,289.46679278420544,2.245e-06,1.5573121687929344e-07,0.07689125000000001,0.0053337941781158,1
0.26754,13.131995660753448,0.001,0.0032862439749290037,1.8158e-06,1.5290970721857646e-07,0.06219115,0.005237157472236244,1
0.26754,3.9085446002798174,0.0018329807108324356,0.006023621223936556,1.8158e-06,1.5290970721857646e-07,0.06219115,0.005237157472236244,0
0.26754,1.163320576199449,0.003359818286283781,0.011041180451782205,1.8158e-06,1.5290970721857646e-07,0.06219115,0.005237157472236244,0
0.26754,0.3462451666268899,0.006158482110660267,0.020238269265350637,1.8158e-06,1.5290970721857646e-07,0.06219115,0.005237157472236244,0
0.26754,0.10305474595023276,0.011288378916846888,0.03709635529177726,1.8158e-06,1.5290970721857646e-07,0.06219115,0.005237157472236244,0
0.26754,0.030672717065870346,0.02069138081114789,0.06799690155646404,1.8158e-06,1.5290970721857646e-07,0.06219115,0.005237157472236244,1
0.26754,0.009129279067983649,0.0379269019073225,0.1246370066657828,1.8158e-06,1.5290970721857646e-07,0.06219115,0.005237157472236244,1
0.26754,0.0027171943760054902,0.06951927961775606,0.22845722670505367,1.8158e-06,1.5290970721857646e-07,0.06219115,0.005237157472236244,1
0.26754,0.0008087325538118684,0.12742749857031335,0.41875768738320607,1.8158e-06,1.5290970721857646e-07,0.06219115,0.005237157472236244,1
0.26754,0.00024070723253912763,0.23357214690901212,0.7675747610420329,1.8158e-06,1.5290970721857646e-07,0.06219115,0.005237157472236244,1
0.26754,7.16429322328597e-05,0.42813323987193913,1.4069497286529509,1.8158e-06,1.5290970721857646e-07,0.06219115,0.005237157472236244,1
0.26754,2.1323454524475575e-05,0.7847599703514607,2.5789117112647997,1.8158e-06,1.5290970721857646e-07,0.06219115,0.005237157472236244,1
0.26754,6.3466094713831965e-06,1.438449888287663,4.727095419216845,1.8158e-06,1.5290970721857646e-07,0.06219115,0.005237157472236244,1
0.26754,1.8889740265769644e-06,2.636650898730358,8.664674719215022,1.8158e-06,1.5290970721857646e-07,0.06219115,0.005237157472236244,1
0.26754,5.622250569829767e-07,4.832930238571752,15.882181623483444,1.8158e-06,1.5290970721857646e-07,0.06219115,0.005237157472236244,1
0.26754,1.673379359298618e-07,8.858667904100823,29.111732559306674,1.8158e-06,1.5290970721857646e-07,0.06219115,0.005237157472236244,1
0.26754,4.980565069136505e-08,16.23776739188721,53.361244237645465,1.8158e-06,1.5290970721857646e-07,0.06219115,0.005237157472236244,1
0.26754,1.48239120247867e-08,29.763514416313193,97.81013139114623,1.8158e-06,1.5290970721857646e-07,0.06219115,0.005237157472236244,1
0.26754,4.412117192741455e-09,54.555947811685144,179.2840841614804,1.8158e-06,1.5290970721857646e-07,0.06219115,0.005237157472236244,1
0.26754,1.3132011367558629e-09,100.0,328.62426802477626,1.8158e-06,1.5290970721857646e-07,0.06219115,0.005237157472236244,1
0.28816,10.998405443518978,0.001,0.0035761294833439334,1.4508e-06,1.4373421940928268e-07,0.049689899999999995,0.0049228970147679315,1
0.28816,3.2735129769758986,0.0018329807108324356,0.006554975751067744,1.4508e-06,1.4373421940928268e-07,0.049689899999999995,0.0049228970147679315,0
0.28816,0.9743127921332921,0.003359818286283781,0.012015143017290604,1.4508e-06,1.4373421940928268e-07,0.049689899999999995,0.0049228970147679315,0
0.28816,0.28998979470373815,0.006158482110660267,0.022023523811704384,1.4508e-06,1.4373421940928268e-07,0.049689899999999995,0.0049228970147679315,0
0.28816,0.08631116764166552,0.011288378916846888,0.040368692376744925,1.4508e-06,1.4373421940928268e-07,0.049689899999999995,0.0049228970147679315,0
0.28816,0.025689239251575766,0.02069138081114789,0.07399503224098972,1.4508e-06,1.4373421940928268e-07,0.049689899999999995,0.0049228970147679315,1
0.28816,0.0076460208487458825,0.0379269019073225,0.1356314644342794,1.4508e-06,1.4373421940928268e-07,0.049689899999999995,0.0049228970147679315,1
0.28816,0.00227572458837078,0.06951927961775606,0.24860985564009946,1.4508e-06,1.4373421940928268e-07,0.049689899999999995,0.0049228970147679315,1
0.28816,0.0006773356276539071,0.12742749857031335,0.45569706741111377,1.4508e-06,1.4373421940928268e-07,0.049689899999999995,0.0049228970147679315,1
0.28816,0.00020159888910671673,0.23357214690901212,0.8352839320196267,1.4508e-06,1.4373421940928268e-07,0.049689899999999995,0.0049228970147679315,1
0.28816,6.0002914736488364e-05,0.42813323987193913,1.531059332917071,1.4508e-06,1.4373421940928268e-07,0.049689899999999995,0.0049228970147679315,1
0.28816,1.7858976228964197e-05,0.7847599703514607,2.806402221825388,1.4508e-06,1.4373421940928268e-07,0.049689899999999995,0.0049228970147679315,1
0.28816,5.3154589728354735e-06,1.438449888287663,5.144081136887056,1.4508e-06,1.4373421940928268e-07,0.049689899999999995,0.0049228970147679315,1
0.28816,1.5820673990256408e-06,2.636650898730358,9.42900149631227,1.4508e-06,1.4373421940928268e-07,0.049689899999999995,0.0049228970147679315,1
0.28816,4.70878858604523e-07,4.832930238571752,17.283177862590502,1.4508e-06,1.4373421940928268e-07,0.049689899999999995,0.0049228970147679315,1
0.28816,1.4015009699981818e-07,8.858667904100823,31.679731641453753,1.4508e-06,1.4373421940928268e-07,0.049689899999999995,0.0049228970147679315,1
0.28816,4.171359433081394e-08,16.23776739188721,58.0683370205715,1.4508e-06,1.4373421940928268e-07,0.049689899999999995,0.0049228970147679315,1
0.28816,1.2415431663155431e-08,29.763514416313193,106.43814166626323,1.4508e-06,1.4373421940928268e-07,0.049689899999999995,0.0049228970147679315,1
0.28816,3.6952687930636292e-09,54.555947811685144,195.09906056854896,1.4508e-06,1.4373421940928268e-07,0.049689899999999995,0.0049228970147679315,1
0.28816,1.0998418599698325e-09,100.0,357.612814721118,1.4508e-06,1.4373421940928268e-07,0.049689899999999995,0.0049228970147679315,1
0.31037,9.478700898276818,0.001,0.0037958980278226208,1.1838e-06,1.4008393121462779e-07,0.04054515,0.004797874644101001,1
0.31037,2.821195359238011,0.0018329807108324356,0.00695780723293026,1.1838e-06,1.4008393121462779e-07,0.04054515,0.004797874644101001,0
0.31037,0.8396871333729513,0.003359818286283781,0.012753525315189413,1.1838e-06,1.4008393121462779e-07,0.04054515,0.004797874644101001,0
0.31037,0.24992045818806183,0.006158482110660267,0.02337696426545191,1.1838e-06,1.4008393121462779e-07,0.04054515,0.004797874644101001,0
0.31037,0.07438512305643712,0.011288378916846888,0.042849522552206906,1.1838e-06,1.4008393121462779e-07,0.04054515,0.004797874644101001,1
0.31037,0.022139628916974536,0.02069138081114789,0.07854234602040035,1.1838e-06,1.4008393121462779e-07,0.04054515,0.004797874644101001,1
0.31037,0.0065895320070054495,0.0379269019073225,0.14396660279307924,1.1838e-06,1.4008393121462779e-07,0.04054515,0.004797874644101001,1
0.31037,0.001961276369880555,0.06951927961775606,0.2638880033854884,1.1838e-06,1.4008393121462779e-07,0.04054515,0.004797874644101001,1
0.31037,0.0005837447851938425,0.12742749857031335,0.4837016174352954,1.1838e-06,1.4008393121462779e-07,0.04054515,0.004797874644101001,1
0.31037,0.0001737429649532585,0.23357214690901212,0.8866157319380411,1.1838e-06,1.4008393121462779e-07,0.04054515,0.004797874644101001,1
0.31037,5.1712012691914e-05,0.42813323987193913,1.6251495319277824,1.1838e-06,1.4008393121462779e-07,0.04054515,0.004797874644101001,1
0.31037,1.5391312396621533e-05,0.7847599703514607,2.978867741598025,1.1838e-06,1.4008393121462779e-07,0.04054515,0.004797874644101001,1
0.31037,4.5809954912011116e-06,1.438449888287663,5.460207107821428,1.1838e-06,1.4008393121462779e-07,0.04054515,0.004797874644101001,1
0.31037,1.363465254600109e-06,2.636650898730358,10.008454303135487,1.1838e-06,1.4008393121462779e-07,0.04054515,0.004797874644101001,1
0.31037,4.0581517780372346e-07,4.832930238571752,18.345303680242456,1.1838e-06,1.4008393121462779e-07,0.04054515,0.004797874644101001,1
0.31037,1.2078485897996084e-07,8.858667904100823,33.626587777594175,1.1838e-06,1.4008393121462779e-07,0.04054515,0.004797874644101001,1
0.31037,3.594981892022013e-08,16.23776739188721,61.63688676478989,1.1838e-06,1.4008393121462779e-07,0.04054515,0.004797874644101001,1
0.31037,1.0699929537769483e-08,29.763514416313193,112.97922451296881,1.1838e-06,1.4008393121462779e-07,0.04054515,0.004797874644101001,1
0.31037,3.18467507064112e-09,54.555947811685144,207.0887392544244,1.1838e-06,1.4008393121462779e-07,0.04054515,0.004797874644101001,1
0.31037,9.478712237843927e-10,100.0,379.5896644813137,1.1838e-06,1.4008393121462779e-07,0.04054515,0.004797874644101001,1
0.3343,8.31799080882896,0.001,0.003964292050132549,9.8218e-07,1.4141419563459983e-07,0.033639665,0.004843436200485044,1
0.3343,2.475727140316497,0.0018329807108324356,0.007266470207756486,9.8218e-07,1.4141419563459983e-07,0.033639665,0.004843436200485044,0
0.3343,0.7368636201421774,0.003359818286283781,0.013319298558349776,9.8218e-07,1.4141419563459983e-07,0.033639665,0.004843436200485044,0
0.3343,0.21931656000680114,0.006158482110660267,0.024414015654865204,9.8218e-07,1.4141419563459983e-07,0.033639665,0.004843436200485044,0
0.3343,0.06527632600801188,0.011288378916846888,0.04475041768030599,9.8218e-07,1.4141419563459983e-07,0.033639665,0.004843436200485044,1
0.3343,0.019428530538336097,0.02069138081114789,0.08202665005000558,9.8218e-07,1.4141419563459983e-07,0.033639665,0.004843436200485044,1
0.3343,0.005782613805884546,0.0379269019073225,0.15035326479117314,9.8218e-07,1.4141419563459983e-07,0.033639665,0.004843436200485044,1
0.3343,0.001721109147299177,0.06951927961775606,0.2755946315526483,9.8218e-07,1.4141419563459983e-07,0.033639665,0.004843436200485044,1
0.3343,0.000512262578042001,0.12742749857031335,0.5051596409708797,9.8218e-07,1.4141419563459983e-07,0.033639665,0.004843436200485044,1
0.3343,0.00015246734771975389,0.23357214690901212,0.9259478750866724,9.8218e-07,1.4141419563459983e-07,0.033639665,0.004843436200485044,1
0.3343,4.537964125634442e-05,0.42813323987193913,1.697244591549702,9.8218e-07,1.4141419563459983e-07,0.033639665,0.004843436200485044,1
0.3343,1.3506576106107026e-05,0.7847599703514607,3.111016595145802,9.8218e-07,1.4141419563459983e-07,0.033639665,0.004843436200485044,1
0.3343,4.020031732786925e-06,1.438449888287663,5.702433407247446,9.8218e-07,1.4141419563459983e-07,0.033639665,0.004843436200485044,1
0.3343,1.1965027253516033e-06,2.636650898730358,10.452450437553933,9.8218e-07,1.4141419563459983e-07,0.033639665,0.004843436200485044,1
0.3343,3.5612126131783525e-07,4.832930238571752,19.159140030229818,9.8218e-07,1.4141419563459983e-07,0.033639665,0.004843436200485044,1
0.3343,1.0599420297888991e-07,8.858667904100823,35.11833410880944,9.8218e-07,1.4141419563459983e-07,0.033639665,0.004843436200485044,1
0.3343,3.154759988846296e-08,16.23776739188721,64.37122901527668,9.8218e-07,1.4141419563459983e-07,0.033639665,0.004843436200485044,1
0.3343,9.389674441515514e-09,29.763514416313193,117.99122111483939,9.8218e-07,1.4141419563459983e-07,0.033639665,0.004843436200485044,1
0.3343,2.7946971061609766e-09,54.555947811685144,216.27563234832502,9.8218e-07,1.4141419563459983e-07,0.033639665,0.004843436200485044,1
0.3343,8.318000761032838e-10,100.0,396.4290623148274,9.8218e-07,1.4141419563459983e-07,0.033639665,0.004843436200485044,1
0.36006,7.390977830576598,0.001,0.004093474121178466,7.7572e-07,1.4011267917448405e-07,0.026568409999999997,0.004798859261726079,1
0.36006,2.199815415746002,0.0018329807108324356,0.0075032584348716375,7.7572e-07,1.4011267917448405e-07,0.026568409999999997,0.004798859261726079,0
0.36006,0.6547425701951942,0.003359818286283781,0.013753326780108483,7.7572e-07,1.4011267917448405e-07,0.026568409999999997,0.004798859261726079,0
0.36006,0.1948744438789571,0.006158482110660267,0.025209580968308602,7.7572e-07,1.4011267917448405e-07,0.026568409999999997,0.004798859261726079,0
0.36006,0.05800149213160944,0.011288378916846888,0.04620867349807666,7.7572e-07,1.4011267917448405e-07,0.026568409999999997,0.004798859261726079,1
0.36006,0.017263284104353238,0.02069138081114789,0.08469960477206662,7.7572e-07,1.4011267917448405e-07,0.026568409999999997,0.004798859261726079,1
0.36006,0.005138160335937198,0.0379269019073225,0.15525273916973933,7.7572e-07,1.4011267917448405e-07,0.026568409999999997,0.004798859261726079,1
0.36006,0.0015292971399053208,0.06951927961775606,0.28457527351124684,7.7572e-07,1.4011267917448405e-07,0.026568409999999997,0.004798859261726079,1
0.36006,0.00045517258258241986,0.12742749857031335,0.5216209843798671,7.7572e-07,1.4011267917448405e-07,0.026568409999999997,0.004798859261726079,1
0.36006,0.00013547535852894536,0.23357214690901212,0.9561211999568936,7.7572e-07,1.4011267917448405e-07,0.026568409999999997,0.004798859261726079,1
0.36006,4.03222280774745e-05,0.42813323987193913,1.752551713945202,7.7572e-07,1.4011267917448405e-07,0.026568409999999997,0.004798859261726079,1
0.36006,1.2001312201213872e-05,0.7847599703514607,3.2123934835948553,7.7572e-07,1.4011267917448405e-07,0.026568409999999997,0.004798859261726079,1
0.36006,3.572012292749816e-06,1.438449888287663,5.888255288225089,7.7572e-07,1.4011267917448405e-07,0.026568409999999997,0.004798859261726079,1
0.36006,1.0631563946143924e-06,2.636650898730358,10.7930583609628,7.7572e-07,1.4011267917448405e-07,0.026568409999999997,0.004798859261726079,1
0.36006,3.164327069267396e-07,4.832930238571752,19.783467783721164,7.7572e-07,1.4011267917448405e-07,0.026568409999999997,0.004798859261726079,1
0.36006,9.41814943680648e-08,8.858667904100823,36.262714838122605,7.7572e-07,1.4011267917448405e-07,0.026568409999999997,0.004798859261726079,1
0.36006,2.803172265763493e-08,16.23776739188721,66.46885681788223,7.7572e-07,1.4011267917448405e-07,0.026568409999999997,0.004798859261726079,1
0.36006,8.343225814978896e-09,29.763514416313193,121.83613241544735,7.7572e-07,1.4011267917448405e-07,0.026568409999999997,0.004798859261726079,1
0.36006,2.4832372183295685e-09,54.555947811685144,223.32328059712722,7.7572e-07,1.4011267917448405e-07,0.026568409999999997,0.004798859261726079,1
0.36006,7.390986674854602e-10,100.0,409.34726561154,7.7572e-07,1.4011267917448405e-07,0.026568409999999997,0.004798859261726079,1
0.38782,6.625801017099687,0.001,0.004192244535614799,6.5333e-07,1.3871191570881225e-07,0.0223765525,0.00475088311302682,1
0.38782,1.9720718359314546,0.0018329807108324356,0.00768430268501066,6.5333e-07,1.3871191570881225e-07,0.0223765525,0.00475088311302682,0
0.38782,0.5869580571535483,0.003359818286283781,0.01408517737270896,6.5333e-07,1.3871191570881225e-07,0.0223765525,0.00475088311302682,0
0.38782,0.17469938595579745,0.006158482110660267,0.025817856666273623,6.5333e-07,1.3871191570881225e-07,0.0223765525,0.00475088311302682,1
0.38782,0.051996684934580074,0.011288378916846888,0.04732363107315691,6.5333e-07,1.3871191570881225e-07,0.0223765525,0.00475088311302682,1
0.38782,0.015476042279884236,0.02069138081114789,0.08674330044837857,6.5333e-07,1.3871191570881225e-07,0.0223765525,0.00475088311302682,1
0.38782,0.004606214328624137,0.0379269019073225,0.15899879386732627,6.5333e-07,1.3871191570881225e-07,0.0223765525,0.00475088311302682,1
0.38782,0.001370971308413109,0.06951927961775606,0.2914417194555968,6.5333e-07,1.3871191570881225e-07,0.0223765525,0.00475088311302682,1
0.38782,0.0004080492500871577,0.12742749857031335,0.5342070472885738,6.5333e-07,1.3871191570881225e-07,0.0223765525,0.00475088311302682,1
0.38782,0.00012144979853463308,0.23357214690901212,0.9791912104339435,6.5333e-07,1.3871191570881225e-07,0.0223765525,0.00475088311302682,1
0.38782,3.61477284847731e-05,0.42813323987193913,1.7948385980880335,6.5333e-07,1.3871191570881225e-07,0.0223765525,0.00475088311302682,1
0.38782,1.0758834409576067e-05,0.7847599703514607,3.289904526489366,6.5333e-07,1.3871191570881225e-07,0.0223765525,0.00475088311302682,1
0.38782,3.202207235537933e-06,1.438449888287663,6.030331534666615,6.5333e-07,1.3871191570881225e-07,0.0223765525,0.00475088311302682,1
0.38782,9.530894130048905e-07,2.636650898730358,11.053481380096912,6.5333e-07,1.3871191570881225e-07,0.0223765525,0.00475088311302682,1
0.38782,2.836729049725253e-07,4.832930238571752,20.26081815439003,6.5333e-07,1.3871191570881225e-07,0.0223765525,0.00475088311302682,1
0.38782,8.443102598818652e-08,8.858667904100823,37.137688859806616,6.5333e-07,1.3871191570881225e-07,0.0223765525,0.00475088311302682,1
0.38782,2.5129640595329035e-08,16.23776739188721,68.07266732204776,6.5333e-07,1.3871191570881225e-07,0.0223765525,0.00475088311302682,1
0.38782,7.479464201925835e-09,29.763514416313193,124.77588613335249,6.5333e-07,1.3871191570881225e-07,0.0223765525,0.00475088311302682,1
0.38782,2.22615140609532e-09,54.555947811685144,228.71179245658453,6.5333e-07,1.3871191570881225e-07,0.0223765525,0.00475088311302682,1
0.38782,6.625808946970991e-10,100.0,419.2243039099563,6.5333e-07,1.3871191570881225e-07,0.0223765525,0.00475088311302682,1
0.41771,5.979854907680283,0.001,0.00426689033948209,5.0141e-07,1.4061779430789133e-07,0.017173292500000003,0.004816159455045278,1
0.41771,1.779815514607241,0.0018329807108324356,0.007821126992260813,5.0141e-07,1.4061779430789133e-07,0.017173292500000003,0.004816159455045278,0
0.41771,0.5297358025007342,0.003359818286283781,0.014335973668256324,5.0141e-07,1.4061779430789133e-07,0.017173292500000003,0.004816159455045278,0
0.41771,0.1576680280500258,0.006158482110660267,0.026277561408889066,5.0141e-07,1.4061779430789133e-07,0.017173292500000003,0.004816159455045278,1
0.41771,0.04692755348944906,0.011288378916846888,0.04816626096245966,5.0141e-07,1.4061779430789133e-07,0.017173292500000003,0.004816159455045278,1
0.41771,0.013967290469030084,0.02069138081114789,0.08828782474047915,5.0141e-07,1.4061779430789133e-07,0.017173292500000003,0.004816159455045278,1
0.41771,0.004157156741220012,0.0379269019073225,0.1618298770578823,5.0141e-07,1.4061779430789133e-07,0.017173292500000003,0.004816159455045278,1
0.41771,0.0012373159844969804,0.06951927961775606,0.2966310402886817,5.0141e-07,1.4061779430789133e-07,0.017173292500000003,0.004816159455045278,1
0.41771,0.000368268727797873,0.12742749857031335,0.5437189722310205,5.0141e-07,1.4061779430789133e-07,0.017173292500000003,0.004816159455045278,1
0.41771,0.0001096097169353799,0.23357214690901212,0.9966263853288863,5.0141e-07,1.4061779430789133e-07,0.017173292500000003,0.004816159455045278,1
0.41771,3.2623704072654205e-05,0.42813323987193913,1.8267969373127142,5.0141e-07,1.4061779430789133e-07,0.017173292500000003,0.004816159455045278,1
0.41771,9.7099608926399e-06,0.7847599703514607,3.348483545790546,5.0141e-07,1.4061779430789133e-07,0.017173292500000003,0.004816159455045278,1
0.41771,2.89002561462765e-06,1.438449888287663,6.137705747057172,5.0141e-07,1.4061779430789133e-07,0.017173292500000003,0.004816159455045278,1
0.41771,8.601731911808479e-07,2.636650898730358,11.250296240201596,5.0141e-07,1.4061779430789133e-07,0.017173292500000003,0.004816159455045278,1
0.41771,2.560177718819449e-07,4.832930238571752,20.621575996519034,5.0141e-07,1.4061779430789133e-07,0.017173292500000003,0.004816159455045278,1
0.41771,7.619988646182765e-08,8.858667904100823,37.79895102566255,5.0141e-07,1.4061779430789133e-07,0.017173292500000003,0.004816159455045278,1
0.41771,2.267976419543441e-08,16.23776739188721,69.28474811681689,5.0141e-07,1.4061779430789133e-07,0.017173292500000003,0.004816159455045278,1
0.41771,6.750294886406134e-09,29.763514416313193,126.99760685008663,5.0141e-07,1.4061779430789133e-07,0.017173292500000003,0.004816159455045278,1
0.41771,2.0091249917423177e-09,54.555947811685144,232.78416367516692,5.0141e-07,1.4061779430789133e-07,0.017173292500000003,0.004816159455045278,1
0.41771,5.979862065724802e-10,100.0,426.688881800919,5.0141e-07,1.4061779430789133e-07,0.017173292500000003,0.004816159455045278,1
0.4499,5.424697446993322,0.001,0.004322303123766752,3.8013e-07,1.4775405405405407e-07,0.0130194525,0.0050605763513513514,1
0.4499,1.6145810939847716,0.0018329807108324356,0.007922697548304469,3.8013e-07,1.4775405405405407e-07,0.0130194525,0.0050605763513513514,0
0.4499,0.48055621751355954,0.003359818286283781,0.014522150522706308,3.8013e-07,1.4775405405405407e-07,0.0130194525,0.0050605763513513514,1
0.4499,0.1430304518372886,0.006158482110660267,0.02661881996943813,3.8013e-07,1.4775405405405407e-07,0.0130194525,0.0050605763513513514,1
0.4499,0.04257089571329326,0.011288378916846888,0.04879178129347699,3.8013e-07,1.4775405405405407e-07,0.0130194525,0.0050605763513513514,1
0.4499,0.012670595881388752,0.02069138081114789,0.08943439140996479,3.8013e-07,1.4775405405405407e-07,0.0130194525,0.0050605763513513514,1
0.4499,0.003771214839489271,0.0379269019073225,0.16393151161301675,3.8013e-07,1.4775405405405407e-07,0.0130194525,0.0050605763513513514,1
0.4499,0.001122446107369329,0.06951927961775606,0.30048329585446315,3.8013e-07,1.4775405405405407e-07,0.0130194525,0.0050605763513513514,1
0.4499,0.00033407941476835517,0.12742749857031335,0.5507800823405725,3.8013e-07,1.4775405405405407e-07,0.0130194525,0.0050605763513513514,1
0.4499,9.943377572607452e-05,0.23357214690901212,1.0095692639206355,3.8013e-07,1.4775405405405407e-07,0.0130194525,0.0050605763513513514,1
0.4499,2.959498632799712e-05,0.42813323987193913,1.850520984077692,3.8013e-07,1.4775405405405407e-07,0.0130194525,0.0050605763513513514,1
0.4499,8.808508047500909e-06,0.7847599703514607,3.3919692658571705,3.8013e-07,1.4775405405405407e-07,0.0130194525,0.0050605763513513514,1
0.4499,2.6217215666890227e-06,1.438449888287663,6.217414233099421,3.8013e-07,1.4775405405405407e-07,0.0130194525,0.0050605763513513514,1
0.4499,7.803164771249144e-07,2.636650898730358,11.396400357570126,3.8013e-07,1.4775405405405407e-07,0.0130194525,0.0050605763513513514,1
0.4499,2.3224960727043836e-07,4.832930238571752,20.889382025392162,3.8013e-07,1.4775405405405407e-07,0.0130194525,0.0050605763513513514,1
0.4499,6.912564535939009e-08,8.858667904100823,38.28983431079502,3.8013e-07,1.4775405405405407e-07,0.0130194525,0.0050605763513513514,1
0.4499,2.0574221424773514e-08,16.23776739188721,70.18452770969817,3.8013e-07,1.4775405405405407e-07,0.0130194525,0.0050605763513513514,1
0.4499,6.123611360271405e-09,29.763514416313193,128.64688548780208,3.8013e-07,1.4775405405405407e-07,0.0130194525,0.0050605763513513514,1
0.4499,1.8226019500888436e-09,54.555947811685144,235.80725960485074,3.8013e-07,1.4775405405405407e-07,0.0130194525,0.0050605763513513514,1
0.4499,5.42470394178952e-10,100.0,432.2301583269888,3.8013e-07,1.4775405405405407e-07,0.0130194525,0.0050605763513513514,1
0.48458,4.940808501375683,0.001,0.004362292394089026,3.0801e-07,1.5388396121883657e-07,0.010549342500000001,0.005270525671745152,1
0.48458,1.4705586945159246,0.0018329807108324356,0.007995997103151032,3.0801e-07,1.5388396121883657e-07,0.010549342500000001,0.005270525671745152,0
0.48458,0.4376900773490662,0.003359818286283781,0.014656507181569902,3.0801e-07,1.5388396121883657e-07,0.010549342500000001,0.005270525671745152,1
0.48458,0.1302719791144629,0.006158482110660267,0.026865093117228154,3.0801e-07,1.5388396121883657e-07,0.010549342500000001,0.005270525671745152,1
0.48458,0.038773525261358334,0.011288378916846888,0.04924319520277046,3.0801e-07,1.5388396121883657e-07,0.010549342500000001,0.005270525671745152,1
0.48458,0.01154036487284976,0.02069138081114789,0.09026182437547198,3.0801e-07,1.5388396121883657e-07,0.010549342500000001,0.005270525671745152,1
0.48458,0.003434818351848099,0.0379269019073225,0.16544818025386585,3.0801e-07,1.5388396121883657e-07,0.010549342500000001,0.005270525671745152,1
0.48458,0.001022322687165442,0.06951927961775606,0.30326332019250224,3.0801e-07,1.5388396121883657e-07,0.010549342500000001,0.005270525671745152,1
0.48458,0.0003042791656471637,0.12742749857031335,0.5558758133019576,3.0801e-07,1.5388396121883657e-07,0.010549342500000001,0.005270525671745152,1
0.48458,9.056417419832515e-05,0.23357214690901212,1.01890964045427,3.0801e-07,1.5388396121883657e-07,0.010549342500000001,0.005270525671745152,1
0.48458,2.695508118482097e-05,0.42813323987193913,1.8676417140694188,3.0801e-07,1.5388396121883657e-07,0.010549342500000001,0.005270525671745152,1
0.48458,8.022779497387614e-06,0.7847599703514607,3.423351233660952,3.0801e-07,1.5388396121883657e-07,0.010549342500000001,0.005270525671745152,1
0.48458,2.3878611360374622e-06,1.438449888287663,6.274936774725246,3.0801e-07,1.5388396121883657e-07,0.010549342500000001,0.005270525671745152,1
0.48458,7.107113940744802e-07,2.636650898730358,11.501838066781819,3.0801e-07,1.5388396121883657e-07,0.010549342500000001,0.005270525671745152,1
0.48458,2.115326883325846e-07,4.832930238571752,21.082647312545042,3.0801e-07,1.5388396121883657e-07,0.010549342500000001,0.005270525671745152,1
0.48458,6.295956220313857e-08,8.858667904100823,38.64408585419322,3.0801e-07,1.5388396121883657e-07,0.010549342500000001,0.005270525671745152,1
0.48458,1.873897837538616e-08,16.23776739188721,70.83386395550315,3.0801e-07,1.5388396121883657e-07,0.010549342500000001,0.005270525671745152,1
0.48458,5.577378530651273e-09,29.763514416313193,129.83710630118046,3.0801e-07,1.5388396121883657e-07,0.010549342500000001,0.005270525671745152,1
0.48458,1.6600238630915071e-09,54.555947811685144,237.98891139737805,3.0801e-07,1.5388396121883657e-07,0.010549342500000001,0.005270525671745152,1
0.48458,4.940814418166433e-10,100.0,436.2290839804179,3.0801e-07,1.5388396121883657e-07,0.010549342500000001,0.005270525671745152,1
0.51667,4.56974283072165,0.001,0.004386732286473284,2.1871e-07,1.5479e-07,0.0074908175,0.0053015575,1
0.51667,1.3601164768756835,0.0018329807108324356,0.008040794950707673,2.1871e-07,1.5479e-07,0.0074908175,0.0053015575,1
0.51667,0.4048185823686287,0.003359818286283781,0.014738620765288264,2.1871e-07,1.5479e-07,0.0074908175,0.0053015575,1
0.51667,0.12048826473197806,0.006158482110660267,0.027015605722553196,2.1871e-07,1.5479e-07,0.0074908175,0.0053015575,1
0.51667,0.035861547573100706,0.011288378916846888,0.04951908189299214,2.1871e-07,1.5479e-07,0.0074908175,0.0053015575,1
0.51667,0.010673657892048697,0.02069138081114789,0.09076751934337346,2.1871e-07,1.5479e-07,0.0074908175,0.0053015575,1
0.51667,0.003176855880504192,0.0379269019073225,0.16637510936098304,2.1871e-07,1.5479e-07,0.0074908175,0.0053015575,1
0.51667,0.0009455439874348423,0.06951927961775606,0.3049623633509889,2.1871e-07,1.5479e-07,0.0074908175,0.0053015575,1
0.51667,0.00028142712588957855,0.12742749857031335,0.5589901266228534,2.1871e-07,1.5479e-07,0.0074908175,0.0053015575,1
0.51667,8.376260398589641e-05,0.23357214690901212,1.0246181166833033,2.1871e-07,1.5479e-07,0.0074908175,0.0053015575,1
0.51667,2.4930694843532826e-05,0.42813323987193913,1.8781052408697299,2.1871e-07,1.5479e-07,0.0074908175,0.0053015575,1
0.51667,7.420250975133674e-06,0.7847599703514607,3.4425306764373946,2.1871e-07,1.5479e-07,0.0074908175,0.0053015575,1
0.51667,2.2085274721737902e-06,1.438449888287663,6.310092323363146,2.1871e-07,1.5479e-07,0.0074908175,0.0053015575,1
0.51667,6.573353931315694e-07,2.636650898730358,11.56627750929797,2.1871e-07,1.5479e-07,0.0074908175,0.0053015575,1
0.51667,1.9564611458969073e-07,4.832930238571752,21.20076356767808,2.1871e-07,1.5479e-07,0.0074908175,0.0053015575,1
0.51667,5.8231159535712295e-08,8.858667904100823,38.86059067147199,2.1871e-07,1.5479e-07,0.0074908175,0.0053015575,1
0.51667,1.7331639565610234e-08,16.23776739188721,71.23071310936157,2.1871e-07,1.5479e-07,0.0074908175,0.0053015575,1
0.51667,5.15850504108555e-09,29.763514416313193,130.56452314529722,2.1871e-07,1.5479e-07,0.0074908175,0.0053015575,1
0.51667,1.5353523916333518e-09,54.555947811685144,239.32225244136282,2.1871e-07,1.5479e-07,0.0074908175,0.0053015575,1
0.51667,4.569748304353301e-10,100.0,438.67307239498734,2.1871e-07,1.5479e-07,0.0074908175,0.0053015575,1
0.516671,4.569732207304601,0.001,0.00438673290111965,1.6644e-07,1.5479e-07,0.00570057,0.0053015575,1
0.516671,1.360113314972466,0.0018329807108324356,0.00804079607734251,1.6644e-07,1.5479e-07,0.00570057,0.0053015575,1
0.516671,0.40481764127483355,0.003359818286283781,0.014738622830388024,1.6644e-07,1.5479e-07,0.00570057,0.0053015575,1
0.516671,0.12048798462932676,0.006158482110660267,0.027015609507840984,1.6644e-07,1.5479e-07,0.00570057,0.0053015575,1
0.516671,0.03586146420469486,0.011288378916846888,0.04951908883135135,1.6644e-07,1.5479e-07,0.00570057,0.0053015575,1
0.516671,0.010673633078678866,0.02069138081114789,0.09076753206125172,1.6644e-07,1.5479e-07,0.00570057,0.0053015575,1
0.516671,0.0031768484951728805,0.0379269019073225,0.16637513267260826,1.6644e-07,1.5479e-07,0.00570057,0.0053015575,1
0.516671,0.0009455417893006248,0.06951927961775606,0.30496240608074787,1.6644e-07,1.5479e-07,0.00570057,0.0053015575,1
0.516671,0.00028142647164757244,0.12742749857031335,0.5589902049456767,1.6644e-07,1.5479e-07,0.00570057,0.0053015575,1
0.516671,8.376240926048075e-05,0.23357214690901212,1.0246182602475276,1.6644e-07,1.5479e-07,0.00570057,0.0053015575,1
0.516671,2.4930636886405353e-05,0.42813323987193913,1.8781055040201835,1.6644e-07,1.5479e-07,0.00570057,0.0053015575,1
0.516671,7.420233725055636e-06,0.7847599703514607,3.4425311587870997,1.6644e-07,1.5479e-07,0.00570057,0.0053015575,1
0.516671,2.2085223379443186e-06,1.438449888287663,6.31009320750085,1.6644e-07,1.5479e-07,0.00570057,0.0053015575,1
0.516671,6.573338650044389e-07,2.636650898730358,11.566279129905329,1.6644e-07,1.5479e-07,0.00570057,0.0053015575,1
0.516671,1.9564565976535177e-07,4.832930238571752,21.200766538220112,1.6644e-07,1.5479e-07,0.00570057,0.0053015575,1
0.516671,5.823102416400458e-08,8.858667904100823,38.860596116418215,1.6644e-07,1.5479e-07,0.00570057,0.0053015575,1
0.516671,1.733159927423249e-08,16.23776739188721,71.23072308984298,1.6644e-07,1.5479e-07,0.00570057,0.0053015575,1
0.516671,5.158493048955524e-09,29.763514416313193,130.56454143932717,1.6644e-07,1.5479e-07,0.00570057,0.0053015575,1
0.516671,1.5353488223540028e-09,54.555947811685144,239.32228597396684,1.6644e-07,1.5479e-07,0.00570057,0.0053015575,1
0.516671,4.5697376809235645e-10,100.0,438.67313385960364,1.6644e-07,1.5479e-07,0.00570057,0.0053015575,1
