#  m  [GeV] ,  tau  [ps] ,  c ,  BR_theo(B0->K0  mu  mu) 

0.20000000000000004,25775204086.640297,0.0001,0.0
0.20000000000000004,9775735022.508602,0.0001623776739188721,0.0
0.20000000000000004,3707631338.533652,0.00026366508987303583,0.0
0.20000000000000004,1406186414.5266368,0.00042813323987193956,0.0
0.20000000000000004,533318405.05522597,0.0006951927961775605,0.0
0.20000000000000004,202266190.52373677,0.0011288378916846883,0.0
0.20000000000000004,76709254.40369417,0.0018329807108324356,0.0
0.20000000000000004,29090995.08935638,0.002976351441631319,0.0
0.20000000000000004,11032175.234166484,0.004832930238571752,0.0
0.20000000000000004,4183734.000349912,0.007847599703514606,0.0
0.20000000000000004,1586622.8864992645,0.012742749857031334,0.0
0.20000000000000004,601717.2100235198,0.0206913808111479,0.0
0.20000000000000004,228202.08818234308,0.03359818286283781,0.0
0.20000000000000004,86547.2840665388,0.05455594781168514,0.0
0.20000000000000004,32824.03876113544,0.08858667904100823,0.0
0.20000000000000004,12448.980458804912,0.14384498882876628,0.0
0.20000000000000004,4721.474331461571,0.23357214690901212,0.0
0.20000000000000004,1790.699883324865,0.3792690190732246,0.0
0.20000000000000004,679.1548564846518,0.615848211066026,0.0
0.20000000000000004,257.5818958809754,1.0,0.0
0.21357941055617136,3891149.4318803544,0.0001,1.0377375056905305e-09
0.21357941055617136,1475792.2211508502,0.0001623776739188721,2.7361555143238243e-09
0.21357941055617136,559721.9465532835,0.00026366508987303583,7.214329324413727e-09
0.21357941055617136,212284.6890914771,0.00042813323987193956,1.9022126454333826e-08
0.21357941055617136,80512.30926618581,0.0006951927961775605,5.015908721816491e-08
0.21357941055617136,30535.063436519664,0.0011288378916846883,1.3228520882782109e-07
0.21357941055617136,11580.382535993935,0.0018329807108324356,3.4897812622390514e-07
0.21357941055617136,4391.704429565873,0.002976351441631319,9.209254490337812e-07
0.21357941055617136,1665.4627434012607,0.004832930238571752,2.430718548577252e-06
0.21357941055617136,631.5926761449929,0.007847599703514606,6.415657203869949e-06
0.21357941055617136,239.52238094073365,0.012742749857031334,1.6930845991492062e-05
0.21357941055617136,90.83732499625157,0.0206913808111479,4.46707784684711e-05
0.21357941055617136,34.45015481908923,0.03359818286283781,0.00011783709002254681
0.21357941055617136,13.065462267963655,0.05455594781168514,0.0003107940334307786
0.21357941055617136,4.955223015499912,0.08858667904100823,0.0008196245653003506
0.21357941055617136,1.8793379319091368,0.14384498882876628,0.002161347909851805
0.21357941055617136,0.7127687786454127,0.23357214690901212,0.005699190811726685
0.21357941055617136,0.270329725572379,0.3792690190732246,0.015027551070959662
0.21357941055617136,0.1025273626265903,0.615848211066026,0.03962367362855218
0.21357941055617136,0.03888537545017921,1.0,0.1044758630349791
0.228080823067608,1405897.2553245989,0.0001,1.0383449773048328e-09
0.228080823067608,533213.1981750571,0.0001623776739188721,2.7377572072821344e-09
0.228080823067608,202231.13046390226,0.00026366508987303583,7.218552454916263e-09
0.228080823067608,76699.82018953457,0.00042813323987193956,1.903326164788074e-08
0.228080823067608,29089.613909705375,0.0006951927961775605,5.018844942926236e-08
0.228080823067608,11032.514338812842,0.0011288378916846883,1.323626463100827e-07
0.228080823067608,4184.06651593459,0.0018329807108324356,3.491824125432558e-07
0.228080823067608,1586.7509920011835,0.002976351441631319,9.2146454591502e-07
0.228080823067608,601.7423774851703,0.004832930238571752,2.432141461057438e-06
0.228080823067608,228.1984875874688,0.007847599703514606,6.419412858132091e-06
0.228080823067608,86.54097366157826,0.012742749857031334,1.6940757135868816e-05
0.228080823067608,32.82010861588254,0.0206913808111479,4.469692831464179e-05
0.228080823067608,12.447062084848218,0.03359818286283781,0.00011790607077696108
0.228080823067608,4.72063539200097,0.05455594781168514,0.000310975969498899
0.228080823067608,1.7903538864656423,0.08858667904100823,0.0008201043663855447
0.228080823067608,0.6790168596964445,0.14384498882876628,0.0021626131443349427
0.228080823067608,0.2575279355626739,0.23357214690901212,0.0057025270694077805
0.228080823067608,0.09767186532201934,0.3792690190732246,0.015036348071779448
0.228080823067608,0.03704379432781002,0.615848211066026,0.03964686899172389
0.228080823067608,0.01404953578907297,1.0,0.10453702232258245
0.24356683874973065,996235.3630011706,0.0001,1.038933565453997e-09
0.24356683874973065,377841.1559091506,0.0001623776739188721,2.7393091110308917e-09
0.24356683874973065,143303.3622517995,0.00026366508987303583,7.222644307545078e-09
0.24356683874973065,54350.396460647535,0.00042813323987193956,1.904405069617575e-08
0.24356683874973065,20613.24322585178,0.0006951927961775605,5.0216898876311726e-08
0.24356683874973065,7817.769675175741,0.0011288378916846883,1.324376764474295e-07
0.24356683874973065,2964.8788418522845,0.0018329807108324356,3.493803477336803e-07
0.24356683874973065,1124.3904530383923,0.002976351441631319,9.219868815714133e-07
0.24356683874973065,426.40174052658824,0.004832930238571752,2.4335201307714522e-06
0.24356683874973065,161.70413782030693,0.007847599703514606,6.423051732002282e-06
0.24356683874973065,61.323953922412095,0.012742749857031334,1.6950360087117085e-05
0.24356683874973065,23.25671579574154,0.0206913808111479,4.4722264996172795e-05
0.24356683874973065,8.820134901216802,0.03359818286283781,0.00011797290644877557
0.24356683874973065,3.345097879274035,0.05455594781168514,0.00031115224787612314
0.24356683874973065,1.268665866358623,0.08858667904100823,0.0008205692469363439
0.24356683874973065,0.48115935019613115,0.14384498882876628,0.0021638390332438186
0.24356683874973065,0.1824873305693299,0.23357214690901212,0.005705759577705734
0.24356683874973065,0.06921143500738028,0.3792690190732246,0.015044871507159486
0.24356683874973065,0.02624966928943386,0.615848211066026,0.03966934303454608
0.24356683874973065,0.009955666659660946,1.0,0.10459627970142721
0.2601043092559875,795646.4955103839,0.0001,1.0395946670600934e-09
0.2601043092559875,301764.0235669243,0.0001623776739188721,2.7410522077261097e-09
0.2601043092559875,114449.67946865718,0.00026366508987303583,7.227240272154932e-09
0.2601043092559875,43407.114503290926,0.00042813323987193956,1.9056168943486464e-08
0.2601043092559875,16462.83131834094,0.0006951927961775605,5.024885326096855e-08
0.2601043092559875,6243.686257872536,0.0011288378916846883,1.3252195019074677e-07
0.2601043092559875,2367.909781661709,0.0018329807108324356,3.4960266819549483e-07
0.2601043092559875,897.9979604475143,0.002976351441631319,9.22573567891051e-07
0.2601043092559875,340.5470870287836,0.004832930238571752,2.4350686492762143e-06
0.2601043092559875,129.14551673110392,0.007847599703514606,6.427138905436535e-06
0.2601043092559875,48.97656811085885,0.012742749857031334,1.6961146094553663e-05
0.2601043092559875,18.5740490072614,0.0206913808111479,4.475072308126486e-05
0.2601043092559875,7.044228401463416,0.03359818286283781,0.00011804797607018086
0.2601043092559875,2.671572912817676,0.05455594781168514,0.00031135024319852724
0.2601043092559875,1.0132239732732709,0.08858667904100823,0.0008210913993019298
0.2601043092559875,0.3842794241837257,0.14384498882876628,0.002165215947765478
0.2601043092559875,0.14574407893239527,0.23357214690901212,0.005709390320696066
0.2601043092559875,0.05527592965195218,0.3792690190732246,0.015054445002468522
0.2601043092559875,0.020964380710952735,0.615848211066026,0.0396945858073178
0.2601043092559875,0.007951124404067722,1.0,0.1046628373989793
0.27776462527006957,669342.432018466,0.0001,1.0403454861138581e-09
0.27776462527006957,253860.81201867136,0.0001623776739188721,2.7430318583541614e-09
0.27776462527006957,96281.48585050556,0.00026366508987303583,7.232459950562431e-09
0.27776462527006957,36516.49790804351,0.00042813323987193956,1.9069931745895925e-08
0.27776462527006957,13849.45653017391,0.0006951927961775605,5.0285144141393525e-08
0.27776462527006957,5252.5388708203045,0.0011288378916846883,1.3261766062729144e-07
0.27776462527006957,1992.0184421835024,0.0018329807108324356,3.498551594849966e-07
0.27776462527006957,755.4462220615297,0.002976351441631319,9.232398725852982e-07
0.27776462527006957,286.4872992440284,0.004832930238571752,2.4368273148500173e-06
0.27776462527006957,108.64444806372174,0.007847599703514606,6.431780742483322e-06
0.27776462527006957,41.201834540074785,0.012742749857031334,1.6973395852581818e-05
0.27776462527006957,15.625531220702994,0.0206913808111479,4.478304316285944e-05
0.27776462527006957,5.925999806843283,0.03359818286283781,0.00011813323325485083
0.27776462527006957,2.2474768937970118,0.05455594781168514,0.00031157510810557
0.27776462527006957,0.8523808043554375,0.08858667904100823,0.0008216844120068998
0.27776462527006957,0.323277393090522,0.14384498882876628,0.002166779720818232
0.27776462527006957,0.12260808914492133,0.23357214690901212,0.00571351378510386
0.27776462527006957,0.04650121061583103,0.3792690190732246,0.01506531769909101
0.27776462527006957,0.017636412250660913,0.615848211066026,0.03972325422996758
0.27776462527006957,0.0066889315635279625,1.0,0.10473842751814401
0.29662402469268634,579668.1468404157,0.0001,1.0412007845020283e-09
0.29662402469268634,219850.13861229413,0.0001623776739188721,2.7452869849146067e-09
0.29662402469268634,83382.29851923147,0.00026366508987303583,7.238405967105709e-09
0.29662402469268634,31624.247409282132,0.00042813323987193956,1.9085609694563305e-08
0.29662402469268634,11993.993534359528,0.0006951927961775605,5.032648503487762e-08
0.29662402469268634,4548.836780944684,0.0011288378916846883,1.3272668952820342e-07
0.29662402469268634,1725.140352598663,0.0018329807108324356,3.501427858634263e-07
0.29662402469268634,654.2362935234269,0.002976351441631319,9.23998895974086e-07
0.29662402469268634,248.10553469808718,0.004832930238571752,2.4388307049482778e-06
0.29662402469268634,94.08894899951343,0.007847599703514606,6.437068507300931e-06
0.29662402469268634,35.681872188469065,0.012742749857031334,1.6987350206575028e-05
0.29662402469268634,13.532120941572607,0.0206913808111479,4.481986069412029e-05
0.29662402469268634,5.13207166944485,0.03359818286283781,0.00011823035426626435
0.29662402469268634,1.9463740923873023,0.05455594781168514,0.00031183126372543325
0.29662402469268634,0.738184191851582,0.08858667904100823,0.00082235994443245
0.29662402469268634,0.27996672373760095,0.14384498882876628,0.0021685610981653494
0.29662402469268634,0.10618182946342275,0.23357214690901212,0.005718211043479553
0.29662402469268634,0.040271271251085594,0.3792690190732246,0.015077703368069365
0.29662402469268634,0.015273596799814056,0.615848211066026,0.039755911960157944
0.29662402469268634,0.005792790635163319,1.0,0.10482453625685871
0.31676392175331586,511340.7918506583,0.0001,1.0421763185609398e-09
0.31676392175331586,193935.69334335622,0.0001623776739188721,2.7478591314268193e-09
0.31676392175331586,73553.75792799602,0.00026366508987303583,7.245187859509867e-09
0.31676392175331586,27896.595319691532,0.00042813323987193956,1.9103491609234737e-08
0.31676392175331586,10580.222813665972,0.0006951927961775605,5.037363752505724e-08
0.31676392175331586,4012.6507114954848,0.0011288378916846883,1.3285104542925923e-07
0.31676392175331586,1521.792492860186,0.0018329807108324356,3.504708460014016e-07
0.31676392175331586,577.1193507914363,0.002976351441631319,9.248646208421455e-07
0.31676392175331586,218.86053491477537,0.004832930238571752,2.4411157261945587e-06
0.31676392175331586,82.99838107031498,0.007847599703514606,6.443099611595022e-06
0.31676392175331586,31.475934820591068,0.012742749857031334,1.700326622506524e-05
0.31676392175331586,11.937046200491528,0.0206913808111479,4.486185393153878e-05
0.31676392175331586,4.527137829782009,0.03359818286283781,0.00011834112827837014
0.31676392175331586,1.7169487008377835,0.05455594781168514,0.0003121234289856277
0.31676392175331586,0.6511720404727909,0.08858667904100823,0.0008231304413134344
0.31676392175331586,0.24696614311283552,0.14384498882876628,0.0021705928965435185
0.31676392175331586,0.09366583478872867,0.23357214690901212,0.005723568629255117
0.31676392175331586,0.03552436663467533,0.3792690190732246,0.015091830179620428
0.31676392175331586,0.013473248688115157,0.615848211066026,0.039793160622352636
0.31676392175331586,0.005109975721448299,1.0,0.10492274992022736
0.3382712584676719,456808.30008627905,0.0001,1.0432897419688827e-09
0.3382712584676719,173253.21158450274,0.0001623776739188721,2.750794844545677e-09
0.3382712584676719,65709.53786522594,0.00026366508987303583,7.252928355779358e-09
0.3382712584676719,24921.532741819658,0.00042813323987193956,1.912390108864243e-08
0.3382712584676719,9451.883509545738,0.0006951927961775605,5.042745490352659e-08
0.3382712584676719,3584.7172371324223,0.0011288378916846883,1.32992978728339e-07
0.3382712584676719,1359.4992870616013,0.0018329807108324356,3.5084527661779906e-07
0.3382712584676719,515.5718337832775,0.002976351441631319,9.258527137274422e-07
0.3382712584676719,195.51991665981637,0.004832930238571752,2.4437237293489835e-06
0.3382712584676719,74.14692905644846,0.007847599703514606,6.449983196932303e-06
0.3382712584676719,28.119149756196933,0.012742749857031334,1.7021431931501174e-05
0.3382712584676719,10.664007018351185,0.0206913808111479,4.490978280375774e-05
0.3382712584676719,4.04433632800471,0.03359818286283781,0.00011846755990799872
0.3382712584676719,1.5338428530270092,0.05455594781168514,0.00031245689104162256
0.3382712584676719,0.5817270952556407,0.08858667904100823,0.0008240098459123413
0.3382712584676719,0.22062817218276348,0.14384498882876628,0.002172911884302239
0.3382712584676719,0.08367674072861624,0.23357214690901212,0.005729683495745678
0.3382712584676719,0.03173583220814476,0.3792690190732246,0.015107953778969247
0.3382712584676719,0.012036379538206441,0.615848211066026,0.03983567428533464
0.3382712584676719,0.0045650168447530235,1.0,0.10503484582750956
0.3612388799580982,411844.45865974517,0.0001,1.044561123748045e-09
0.3612388799580982,156199.82194424866,0.0001623776739188721,2.7541470393539427e-09
0.3612388799580982,59241.71921977406,0.00026366508987303583,7.2617669753378575e-09
0.3612388799580982,22468.49533867824,0.00042813323987193956,1.9147206005690892e-08
0.3612388799580982,8521.530468577797,0.0006951927961775605,5.048890720757393e-08
0.3612388799580982,3231.871946950308,0.0011288378916846883,1.331550477180623e-07
0.3612388799580982,1225.6831761021097,0.0018329807108324356,3.5127282667979855e-07
0.3612388799580982,464.8238722567156,0.002976351441631319,9.269809846243903e-07
0.3612388799580982,176.2748056537452,0.004832930238571752,2.4467017226706014e-06
0.3612388799580982,66.84861438984922,0.007847599703514606,6.457843337314958e-06
0.3612388799580982,25.351369551825925,0.012742749857031334,1.7042174755837423e-05
0.3612388799580982,9.614344147578,0.0206913808111479,4.496451121051887e-05
0.3612388799580982,3.646250536591095,0.03359818286283781,0.0001186119280373787
0.3612388799580982,1.3828660311542258,0.05455594781168514,0.00031283766042075785
0.3612388799580982,0.5244674432622645,0.08858667904100823,0.0008250140091643762
0.3612388799580982,0.19891164486873733,0.14384498882876628,0.002175559860318851
0.3612388799580982,0.07544040260783633,0.23357214690901212,0.005736665861107638
0.3612388799580982,0.028612060389496076,0.3792690190732246,0.015126364787898357
0.3612388799580982,0.010851633445862456,0.615848211066026,0.039884219241807635
0.3612388799580982,0.0041156802439279265,1.0,0.1051628444650602
0.3857659352571108,373870.45840669575,0.0001,1.0460134079925835e-09
0.3857659352571108,141797.46213759965,0.0001623776739188721,2.7579762115064964e-09
0.3857659352571108,53779.35348129878,0.00026366508987303583,7.27186322504868e-09
0.3857659352571108,20396.79416699254,0.00042813323987193956,1.9173826934453902e-08
0.3857659352571108,7735.805194864303,0.0006951927961775605,5.055910344119588e-08
0.3857659352571108,2933.8781209705203,0.0011288378916846883,1.3334017718968036e-07
0.3857659352571108,1112.669410616359,0.0018329807108324356,3.5176121200472917e-07
0.3857659352571108,421.9649206660538,0.002976351441631319,9.282697949671498e-07
0.3857659352571108,160.02143791351114,0.004832930238571752,2.450103448764161e-06
0.3857659352571108,60.6848571585662,0.007847599703514606,6.466821881425289e-06
0.3857659352571108,23.013853834157086,0.012742749857031334,1.7065869035199088e-05
0.3857659352571108,8.727856320829941,0.0206913808111479,4.502702681263336e-05
0.3857659352571108,3.310049059073507,0.03359818286283781,0.00011877683801816222
0.3857659352571108,1.2553592683521424,0.05455594781168514,0.00031327260870986264
0.3857659352571108,0.47610907424958204,0.08858667904100823,0.0008261610527867212
0.3857659352571108,0.18057105415725544,0.14384498882876628,0.0021785846115169242
0.3857659352571108,0.06848444209687445,0.23357214690901212,0.005744641733189346
0.3857659352571108,0.025973893634213804,0.3792690190732246,0.015147395462241262
0.3857659352571108,0.00985106172177267,0.615848211066026,0.03993967156244467
0.3857659352571108,0.0037361951371295984,1.0,0.10530905577114529
0.41195830532431943,341208.7085529475,0.0001,1.0476729006869396e-09
0.41195830532431943,129409.874046445,0.0001623776739188721,2.762351720802177e-09
0.41195830532431943,49081.127796082015,0.00026366508987303583,7.283399983565734e-09
0.41195830532431943,18614.90695496,0.00042813323987193956,1.920424607374348e-08
0.41195830532431943,7059.996426447625,0.0006951927961775605,5.063931510550158e-08
0.41195830532431943,2677.5711810592898,0.0011288378916846883,1.3355172049017815e-07
0.41195830532431943,1015.4653417073919,0.0018329807108324356,3.5231927897151476e-07
0.41195830532431943,385.1015840198742,0.002976351441631319,9.297424896517761e-07
0.41195830532431943,146.0417826904152,0.004832930238571752,2.453990524874165e-06
0.41195830532431943,55.38335888919766,0.007847599703514606,6.47708146233021e-06
0.41195830532431943,21.00333734824189,0.012742749857031334,1.7092943956464554e-05
0.41195830532431943,7.965380853212187,0.0206913808111479,4.509846198790867e-05
0.41195830532431943,3.0208794043821463,0.03359818286283781,0.00011896527695110647
0.41195830532431943,1.145689653455916,0.05455594781168514,0.0003137696143548465
0.41195830532431943,0.434515643518813,0.08858667904100823,0.0008274717537805977
0.41195830532431943,0.1647961613131592,0.14384498882876628,0.0021820409267973434
0.41195830532431943,0.06250156327842596,0.23357214690901212,0.005753755583134485
0.41195830532431943,0.02370478472041196,0.3792690190732246,0.015171426741604752
0.41195830532431943,0.008990461756488748,0.615848211066026,0.04000303568413984
0.41195830532431943,0.0034097968771431633,1.0,0.10547612814764379
0.439929060124437,312712.5464889614,0.0001,1.0495697627700441e-09
0.439929060124437,118602.16412863189,0.0001623776739188721,2.7673530912224157e-09
0.439929060124437,44982.10061172345,0.00026366508987303583,7.296586929086586e-09
0.439929060124437,17060.27663045389,0.00042813323987193956,1.9239016284983192e-08
0.439929060124437,6470.378409173529,0.0006951927961775605,5.073100002961656e-08
0.439929060124437,2453.9529079707427,0.0011288378916846883,1.3379352236737198e-07
0.439929060124437,930.6584065675814,0.0018329807108324356,3.5295717029402383e-07
0.439929060124437,352.93969372434617,0.002976351441631319,9.3142583445002e-07
0.439929060124437,133.84505340176443,0.004832930238571752,2.4584335972891913e-06
0.439929060124437,50.757998807175355,0.007847599703514606,6.4888085441720986e-06
0.439929060124437,19.249236483286637,0.012742749857031334,1.7123891595958893e-05
0.439929060124437,7.300149363291042,0.0206913808111479,4.518011504239418e-05
0.439929060124437,2.7685896345228627,0.03359818286283781,0.00011918066963769347
0.439929060124437,1.050006992929098,0.05455594781168514,0.00031433771022985847
0.439929060124437,0.39822692201022936,0.08858667904100823,0.0008289699335955776
0.439929060124437,0.1510331539534711,0.14384498882876628,0.0021859916232563744
0.439929060124437,0.05728172400436016,0.23357214690901212,0.0057641730513725686
0.439929060124437,0.02172507157813747,0.3792690190732246,0.015198895384469545
0.439929060124437,0.008239620291294424,0.615848211066026,0.0400754632233482
0.439929060124437,0.003125026533601245,1.0,0.10566709806518755
0.4697989467395386,287566.6449296237,0.0001,1.051738659600104e-09
0.4697989467395386,109065.10404786243,0.0001623776739188721,2.7730717233460126e-09
0.4697989467395386,41364.99126779681,0.00026366508987303583,7.3116650544228085e-09
0.4697989467395386,15688.42237812639,0.00042813323987193956,1.9278772997193036e-08
0.4697989467395386,5950.081093745095,0.0006951927961775605,5.08358337629398e-08
0.4697989467395386,2256.625174094583,0.0011288378916846883,1.3407000176224234e-07
0.4697989467395386,855.8221237043881,0.0018329807108324356,3.5368654343755837e-07
0.4697989467395386,324.55903926573444,0.002976351441631319,9.33350592405397e-07
0.4697989467395386,123.08227930186075,0.004832930238571752,2.4635138627292597e-06
0.4697989467395386,46.67643689217816,0.007847599703514606,6.5022174377943134e-06
0.4697989467395386,17.70136320084973,0.012742749857031334,1.7159277516767416e-05
0.4697989467395386,6.713128359403831,0.0206913808111479,4.527347817083017e-05
0.4697989467395386,2.54596127688159,0.03359818286283781,0.00011942695233741614
0.4697989467395386,0.9655736305008589,0.05455594781168514,0.00031498727817198693
0.4697989467395386,0.36620462289108896,0.08858667904100823,0.0008306829711566901
0.4697989467395386,0.13888824721124998,0.14384498882876628,0.0021905088990386823
0.4697989467395386,0.05267557510521025,0.23357214690901212,0.00577608451491784
0.4697989467395386,0.019978110985546763,0.3792690190732246,0.015230303374401823
0.4697989467395386,0.007577054375548732,0.615848211066026,0.040158277777783205
0.4697989467395386,0.002873736304975624,1.0,0.10588545545788683
0.5016969106227039,265172.2520708154,0.0001,1.05421969446733e-09
0.5016969106227039,100571.60582657433,0.0001623776739188721,2.779613355704786e-09
0.5016969106227039,38143.67237929879,0.00026366508987303583,7.328913156825104e-09
0.5016969106227039,14466.678826812293,0.00042813323987193956,1.932425131925603e-08
0.5016969106227039,5486.715624096638,0.0006951927961775605,5.095575470119145e-08
0.5016969106227039,2080.8893872995523,0.0011288378916846883,1.3438627083555758e-07
0.5016969106227039,789.1745582802006,0.0018329807108324356,3.54520884676355e-07
0.5016969106227039,299.2838458260586,0.002976351441631319,9.355523527716909e-07
0.5016969106227039,113.49718682728702,0.004832930238571752,2.4693252566748946e-06
0.5016969106227039,43.04148664101457,0.007847599703514606,6.51755607749162e-06
0.5016969106227039,16.32286092731109,0.012742749857031334,1.719975601517338e-05
0.5016969106227039,6.1903402229688345,0.0206913808111479,4.538027768625265e-05
0.5016969106227039,2.347693304411336,0.03359818286283781,0.00011970867889474198
0.5016969106227039,0.8903791145924533,0.05455594781168514,0.00031573032889886725
0.5016969106227039,0.3376862598702103,0.08858667904100823,0.000832642541076687
0.5016969106227039,0.1280722574515849,0.14384498882876628,0.002195676280025756
0.5016969106227039,0.04857343909179095,0.23357214690901212,0.005789710220571462
0.5016969106227039,0.018422305882848204,0.3792690190732246,0.015266231455278837
0.5016969106227039,0.006986987583555382,0.615848211066026,0.04025301061533038
0.5016969106227039,0.0026499426935896924,1.0,0.10613523782457455
0.5357606522432464,245077.55679366886,0.0001,1.05705912643093e-09
0.5357606522432464,92950.31152894364,0.0001623776739188721,2.7870999574677733e-09
0.5357606522432464,35253.15322734099,0.00026366508987303583,7.34865282831692e-09
0.5357606522432464,13370.397068907543,0.00042813323987193956,1.9376299197623464e-08
0.5357606522432464,5070.933514116671,0.0006951927961775605,5.10929987791638e-08
0.5357606522432464,1923.2000448269612,0.0011288378916846883,1.3474822645078867e-07
0.5357606522432464,729.3710830685253,0.0018329807108324356,3.554757503846853e-07
0.5357606522432464,276.60418161353186,0.002976351441631319,9.380721676213375e-07
0.5357606522432464,104.89639493624041,0.004832930238571752,2.4759761333107554e-06
0.5357606522432464,39.77981225142486,0.007847599703514606,6.535110454344035e-06
0.5357606522432464,15.085918121739912,0.012742749857031334,1.72460818187782e-05
0.5357606522432464,5.72123760584929,0.0206913808111479,4.5502504882077585e-05
0.5357606522432464,2.1697856238485493,0.03359818286283781,0.00012003110214581515
0.5357606522432464,0.8229063818568838,0.05455594781168514,0.0003165807167104702
0.5357606522432464,0.3120964696715948,0.08858667904100823,0.0008348851798540736
0.5357606522432464,0.11836697007098405,0.14384498882876628,0.00220159011287803
0.5357606522432464,0.04489255460786049,0.23357214690901212,0.005805304221843747
0.5357606522432464,0.017026267613072885,0.3792690190732246,0.015307349512057979
0.5357606522432464,0.006457515208179637,0.615848211066026,0.04036142804529699
0.5357606522432464,0.0024491306217660136,1.0,0.1064211023985176
0.5721372215265124,226933.6666756062,0.0001,1.060310413227323e-09
0.5721372215265124,86068.89708665595,0.0001623776739188721,2.7956724782301586e-09
0.5721372215265124,32643.24742116776,0.00026366508987303583,7.371255705971082e-09
0.5721372215265124,12380.543006465636,0.00042813323987193956,1.943589653322911e-08
0.5721372215265124,4695.515782612586,0.0006951927961775605,5.12501498797856e-08
0.5721372215265124,1780.819279018294,0.0011288378916846883,1.3516268311875086e-07
0.5721372215265124,675.3733653810499,0.0018329807108324356,3.565691177552292e-07
0.5721372215265124,256.1262729181175,0.002976351441631319,9.409574773650529e-07
0.5721372215265124,97.13057312589241,0.004832930238571752,2.483591708374597e-06
0.5721372215265124,36.83478318605347,0.007847599703514606,6.555211063900462e-06
0.5721372215265124,13.969058472847241,0.012742749857031334,1.7299127101883006e-05
0.5721372215265124,5.297675754989139,0.0206913808111479,4.564246092595305e-05
0.5721372215265124,2.0091493287188076,0.03359818286283781,0.00012040029234405052
0.5721372215265124,0.7619839429070379,0.05455594781168514,0.0003175544518354033
0.5721372215265124,0.2889909518156779,0.08858667904100823,0.0008374531095914732
0.5721372215265124,0.10960387787213667,0.14384498882876628,0.0022083617371783893
0.5721372215265124,0.04156901262088229,0.23357214690901212,0.0058231601066119736
0.5721372215265124,0.01576575758478914,0.3792690190732246,0.015354431673390052
0.5721372215265124,0.005979444331970229,0.615848211066026,0.0404855712400057
0.5721372215265124,0.0022678135076079423,1.0,0.10674843114513835
0.6109836526543906,210465.73210698427,0.0001,1.064035457568949e-09
0.6109836526543906,79823.12057248881,0.0001623776739188721,2.8054941340730816e-09
0.6109836526543906,30274.41925000842,0.00026366508987303583,7.397152136154679e-09
0.6109836526543906,11482.122004886209,0.00042813323987193956,1.9504178026640964e-08
0.6109836526543906,4354.775478433597,0.0006951927961775605,5.143020007415327e-08
0.6109836526543906,1651.5902592575458,0.0011288378916846883,1.3563753186981663e-07
0.6109836526543906,626.3634300569299,0.0018329807108324356,3.5782180391717663e-07
0.6109836526543906,237.53991365756204,0.002976351441631319,9.442632167754783e-07
0.6109836526543906,90.08208218029336,0.004832930238571752,2.4923169784403087e-06
0.6109836526543906,34.16178717932025,0.007847599703514606,6.578240611379514e-06
0.6109836526543906,12.955363424809695,0.012742749857031334,1.7359901819469437e-05
0.6109836526543906,4.913238416782207,0.0206913808111479,4.580281050953558e-05
0.6109836526543906,1.8633510478418223,0.03359818286283781,0.00012082327868306995
0.6109836526543906,0.7066889246999173,0.05455594781168514,0.00031867007369634185
0.6109836526543906,0.26801969635737843,0.08858667904100823,0.0008403952223698595
0.6109836526543906,0.1016502346671995,0.14384498882876628,0.0022161200812251896
0.6109836526543906,0.03855246702945994,0.23357214690901212,0.005843617841887039
0.6109836526543906,0.014621681179696028,0.3792690190732246,0.015408374359811254
0.6109836526543906,0.005545532980890447,0.615848211066026,0.04062780382310158
0.6109836526543906,0.0021032447001519496,1.0,0.10712345623825612
0.6524676419669064,195453.41443169207,0.0001,1.0683060984133017e-09
0.6524676419669064,74129.41437219462,0.0001623776739188721,2.816754339525277e-09
0.6524676419669064,28114.97412498881,0.00026366508987303583,7.42684154180103e-09
0.6524676419669064,10663.113317108968,0.00042813323987193956,1.958246051360419e-08
0.6524676419669064,4044.153544078482,0.0006951927961775605,5.163662170215689e-08
0.6524676419669064,1533.7839193810778,0.0011288378916846883,1.3618193035331825e-07
0.6524676419669064,581.685531037104,0.0018329807108324356,3.5925796743333447e-07
0.6524676419669064,220.59642095442916,0.002976351441631319,9.480531384006435e-07
0.6524676419669064,83.65661428110903,0.004832930238571752,2.5023202139818244e-06
0.6524676419669064,31.72505992063908,0.007847599703514606,6.604643231302611e-06
0.6524676419669064,12.031269880583745,0.012742749857031334,1.742957803773183e-05
0.6524676419669064,4.562781873793523,0.0206913808111479,4.598664604283767e-05
0.6524676419669064,1.7304400207646764,0.03359818286283781,0.00012130821863511595
0.6524676419669064,0.6562814876860349,0.05455594781168514,0.00031994909753837677
0.6524676419669064,0.24890211085521727,0.08858667904100823,0.0008437682580949729
0.6524676419669064,0.09439962183153602,0.14384498882876628,0.002225014768010669
0.6524676419669064,0.035802556878937616,0.23357214690901212,0.005867071963871532
0.6524676419669064,0.013578730816824855,0.3792690190732246,0.015470217879181267
0.6524676419669064,0.0051499754822524075,0.615848211066026,0.040790868811006624
0.6524676419669064,0.001953222291961948,1.0,0.10755341019779865
0.6967682718913346,181717.32117656758,0.0001,1.073205907555199e-09
0.6967682718913346,68919.74048798931,0.0001623776739188721,2.82967344455665e-09
0.6967682718913346,26139.10735625344,0.00026366508987303583,7.46090491228203e-09
0.6967682718913346,9913.73004698648,0.00042813323987193956,1.9672275897272828e-08
0.6967682718913346,3759.9381451592667,0.0006951927961775605,5.187345421089307e-08
0.6967682718913346,1425.9925106932592,0.0011288378916846883,1.3680653185776968e-07
0.6967682718913346,540.8057814869364,0.0018329807108324356,3.609057124729193e-07
0.6967682718913346,205.0933254033586,0.002976351441631319,9.524014069294825e-07
0.6967682718913346,77.77738710957512,0.004832930238571752,2.513797167593902e-06
0.6967682718913346,29.49548328646555,0.007847599703514606,6.634935594712938e-06
0.6967682718913346,11.185735213314201,0.012742749857031334,1.750951924591789e-05
0.6967682718913346,4.242118280708014,0.0206913808111479,4.6197564991370995e-05
0.6967682718913346,1.6088280025769688,0.03359818286283781,0.0001218646019588305
0.6967682718913346,0.6101592788709537,0.05455594781168514,0.0003214165524973871
0.6967682718913346,0.23140974618454827,0.08858667904100823,0.0008476382234888537
0.6967682718913346,0.08776539682578596,0.14384498882876628,0.0022352198570982865
0.6967682718913346,0.03328642160928356,0.23357214690901212,0.005893981444799685
0.6967682718913346,0.012624443567889136,0.3792690190732246,0.015541172443437149
0.6967682718913346,0.004788045048556532,0.615848211066026,0.04097795721221278
0.6967682718913346,0.0018159535625205403,1.0,0.10804670676577348
0.7440767840239668,169109.36682032293,0.0001,1.0788323682594105e-09
0.7440767840239668,64137.934677351295,0.0001623776739188721,2.8445084788803705e-09
0.7440767840239668,24325.517598870527,0.00026366508987303583,7.500019949216934e-09
0.7440767840239668,9225.893273523036,0.00042813323987193956,1.977541108338626e-08
0.7440767840239668,3499.0652237432887,0.0006951927961775605,5.21454094590036e-08
0.7440767840239668,1327.0539599143726,0.0011288378916846883,1.375237630314757e-07
0.7440767840239668,503.283466648342,0.0018329807108324356,3.6279782145941805e-07
0.7440767840239668,190.8634918561782,0.002976351441631319,9.573945325923884e-07
0.7440767840239668,72.38101813025104,0.004832930238571752,2.526976177071264e-06
0.7440767840239668,27.44902074687289,0.007847599703514606,6.669720378288309e-06
0.7440767840239668,10.409643916944544,0.012742749857031334,1.7601315901176365e-05
0.7440767840239668,3.9477906403904193,0.0206913808111479,4.643976365860745e-05
0.7440767840239668,1.4972039233371324,0.03359818286283781,0.00012250349808814074
0.7440767840239668,0.5678250658059878,0.05455594781168514,0.00032310163408558163
0.7440767840239668,0.21535402136584295,0.08858667904100823,0.0008520821128217657
0.7440767840239668,0.08167603766459441,0.14384498882876628,0.002246938382188655
0.7440767840239668,0.030976935370872,0.23357214690901212,0.005924881657903566
0.7440767840239668,0.011748531491407739,0.3792690190732246,0.015622649717658737
0.7440767840239668,0.0044558397947822345,0.615848211066026,0.0411927912138158
0.7440767840239668,0.0016899586506463394,1.0,0.10861316024445979
0.7945974047018524,157505.7839188941,0.0001,1.0852995348943418e-09
0.7945974047018524,59737.055789759615,0.0001623776739188721,2.8615601644886634e-09
0.7945974047018524,22656.40153895462,0.00026366508987303583,7.544979556190226e-09
0.7945974047018524,8592.850767372993,0.00042813323987193956,1.9893956732378864e-08
0.7945974047018524,3258.9738905849863,0.0006951927961775605,5.245800027021664e-08
0.7945974047018524,1235.9970253017154,0.0011288378916846883,1.3834816291855026e-07
0.7945974047018524,468.7502443714177,0.0018329807108324356,3.6497264947296514e-07
0.7945974047018524,177.76723150330722,0.002976351441631319,9.631337314189006e-07
0.7945974047018524,67.41453326173145,0.004832930238571752,2.542124395147034e-06
0.7945974047018524,25.565582965150256,0.007847599703514606,6.709702707166495e-06
0.7945974047018524,9.695377401296236,0.012742749857031334,1.77068288209962e-05
0.7945974047018524,3.676909651435116,0.0206913808111479,4.671815167372482e-05
0.7945974047018524,1.3944720123283025,0.03359818286283781,0.00012323785813963056
0.7945974047018524,0.5288632697795348,0.05455594781168514,0.00032503850073269407
0.7945974047018524,0.20057732351452634,0.08858667904100823,0.0008571900085469929
0.7945974047018524,0.07607176744758742,0.14384498882876628,0.002260407890488355
0.7945974047018524,0.028851426824213516,0.23357214690901212,0.0059603989840020365
0.7945974047018524,0.010942396094901661,0.3792690190732246,0.015716301334529937
0.7945974047018524,0.00415009858952947,0.615848211066026,0.04143972573395359
0.7945974047018524,0.001574000712675043,1.0,0.1092642532600392
0.8485482266284258,146801.96496243033,0.0001,1.09274130263444e-09
0.8485482266284258,55677.42944312888,0.0001623776739188721,2.881181536729202e-09
0.8485482266284258,21116.71192117333,0.00026366508987303583,7.596714569654509e-09
0.8485482266284258,8008.895584330099,0.00042813323987193956,2.0030367194283563e-08
0.8485482266284258,3037.499697278216,0.0006951927961775605,5.281769847458686e-08
0.8485482266284258,1152.0008190927451,0.0011288378916846883,1.392967997632264e-07
0.8485482266284258,436.8947940546239,0.0018329807108324356,3.674752238112099e-07
0.8485482266284258,165.68648019079018,0.002976351441631319,9.69737826892311e-07
0.8485482266284258,62.83315912429197,0.004832930238571752,2.559555448210679e-06
0.8485482266284258,23.828190552909927,0.007847599703514606,6.7557103694301295e-06
0.8485482266284258,9.036496479069191,0.012742749857031334,1.7828242529012694e-05
0.8485482266284258,3.427033293402125,0.0206913808111479,4.7038492740571075e-05
0.8485482266284258,1.2997061306280386,0.03359818286283781,0.00012408288619440708
0.8485482266284258,0.492922646124758,0.05455594781168514,0.000327267253037897
0.8485482266284258,0.1869464391535678,0.08858667904100823,0.0008630676637794941
0.8485482266284258,0.07090206309241495,0.14384498882876628,0.0022759072526998105
0.8485482266284258,0.026890734287370446,0.23357214690901212,0.006001268768550664
0.8485482266284258,0.010198769983424172,0.3792690190732246,0.015824066243251243
0.8485482266284258,0.0038680651438421833,0.615848211066026,0.04172387326835367
0.8485482266284258,0.0014670343756626586,1.0,0.11001346594587527
0.9061621503589182,136908.5946474709,0.0001,1.1013154572159155e-09
0.9061621503589182,51925.18111467748,0.0001623776739188721,2.903788622112771e-09
0.9061621503589182,19693.601195879524,0.00026366508987303583,7.656321912747686e-09
0.9061621503589182,7469.155058422647,0.00042813323987193956,2.018753474231227e-08
0.9061621503589182,2832.7946085669587,0.0006951927961775605,5.3232130653650486e-08
0.9061621503589182,1074.364456238588,0.0011288378916846883,1.4038978725120098e-07
0.9061621503589182,407.45130596715643,0.0018329807108324356,3.7035860587245554e-07
0.9061621503589182,154.52043315061087,0.002976351441631319,9.77346843851969e-07
0.9061621503589182,58.59866760201768,0.004832930238571752,2.5796389221658467e-06
0.9061621503589182,22.222346279155254,0.007847599703514606,6.808718853159426e-06
0.9061621503589182,8.427503285222576,0.012742749857031334,1.7968131327516178e-05
0.9061621503589182,3.1960765362725216,0.0206913808111479,4.740757896509035e-05
0.9061621503589182,1.2121155283209812,0.03359818286283781,0.0001250564991566285
0.9061621503589182,0.4597032974029906,0.05455594781168514,0.00032983514664169895
0.9061621503589182,0.1743476288177442,0.08858667904100823,0.0008698397008760887
0.9061621503589182,0.06612378730923936,0.14384498882876628,0.002293765097669352
0.9061621503589182,0.025078497257595072,0.23357214690901212,0.006048357562702117
0.9061621503589182,0.00951144815704939,0.3792690190732246,0.015948229354474677
0.9061621503589182,0.0036073861009956847,0.615848211066026,0.04205125852150117
0.9061621503589182,0.0013681670860754905,1.0,0.11087668365899463
0.9676878897098523,127748.70825656534,0.0001,1.1112087307543896e-09
0.9676878897098523,48451.12047560792,0.0001623776739188721,2.92987376875889e-09
0.9676878897098523,18375.99838206306,0.00026366508987303583,7.725099743231594e-09
0.9676878897098523,6969.43031952179,0.00042813323987193956,2.0368882247938287e-08
0.9676878897098523,2643.2661368727127,0.0006951927961775605,5.3710322513634174e-08
0.9676878897098523,1002.4839705914777,0.0011288378916846883,1.4165092899839668e-07
0.9676878897098523,380.1907267435817,0.0018329807108324356,3.736855913650178e-07
0.9676878897098523,144.18222497226336,0.002976351441631319,9.861264952117513e-07
0.9676878897098523,54.67811679096727,0.004832930238571752,2.602812204814862e-06
0.9676878897098523,20.735557600638884,0.007847599703514606,6.869882603320737e-06
0.9676878897098523,7.863660203527566,0.012742749857031334,1.8129541784038984e-05
0.9676878897098523,2.982242669507294,0.0206913808111479,4.7833448490078274e-05
0.9676878897098523,1.1310188009696287,0.03359818286283781,0.0001261799008524859
0.9676878897098523,0.4289467962131158,0.05455594781168514,0.0003327981064058005
0.9676878897098523,0.1626828810184019,0.08858667904100823,0.0008776536046235995
0.9676878897098523,0.061699767864257356,0.14384498882876628,0.002314370342414501
0.9676878897098523,0.02340061757444174,0.23357214690901212,0.006102690889606692
0.9676878897098523,0.008875083647785357,0.3792690190732246,0.016091494754118873
0.9676878897098523,0.0033660335281565906,0.615848211066026,0.04242901145208683
0.9676878897098523,0.0012766297133361057,1.0,0.1118727059836194
1.0333910454328779,7826.144620162373,0.0001,7.367429388578229e-11
1.0333910454328779,2968.229053880057,0.0001623776739188721,1.942551840670653e-10
1.0333910454328779,1125.7659176371449,0.00026366508987303583,5.121792465460561e-10
1.0333910454328779,426.9675832499529,0.00042813323987193956,1.3503146687601991e-09
1.0333910454328779,161.9250929785964,0.0006951927961775605,3.5592733553588727e-09
1.0333910454328779,61.39676031241574,0.0011288378916846883,9.379515928195995e-09
1.0333910454328779,23.270614340692077,0.0018329807108324356,2.471493848797788e-08
1.0333910454328779,8.81603334101007,0.002976351441631319,6.513411241527222e-08
1.0333910454328779,3.338975396029934,0.004832930238571752,1.7170387760476807e-07
1.0333910454328779,1.2645881096265987,0.007847599703514606,4.527413532547574e-07
1.0333910454328779,0.47904198019381855,0.012742749857031334,1.19389654422197e-06
1.0333910454328779,0.18151896299533543,0.0206913808111479,3.1484023100127495e-06
1.0333910454328779,0.06879985612198249,0.03359818286283781,8.302375021713768e-06
1.0333910454328779,0.02608228194004327,0.05455594781168514,2.1892672216627e-05
1.0333910454328779,0.009889397831920974,0.08858667904100823,5.7727321620008943e-05
1.0333910454328779,0.0037500649591153657,0.14384498882876628,0.0001522137011937865
1.0333910454328779,0.0014221219370290207,0.23357214690901212,0.0004013460573589055
1.0333910454328779,0.0005393285754484715,0.3792690190732246,0.0010582288469346546
1.0333910454328779,0.00020454162206898398,0.615848211066026,0.0027902120180528472
1.0333910454328779,7.757418840152749e-05,1.0,0.0073568674242465056
1.103555251787899,7330.8571907866535,0.0001,7.476974268566425e-11
1.103555251787899,2780.3800541142978,0.0001623776739188721,1.971434381072506e-10
1.103555251787899,1054.5195466597995,0.00026366508987303583,5.197950166277705e-10
1.103555251787899,399.9460816968517,0.00042813323987193956,1.3704034954826182e-09
1.103555251787899,151.677914020445,0.0006951927961775605,3.612314958252501e-09
1.103555251787899,57.51228098433227,0.0011288378916846883,9.519784514875273e-09
1.103555251787899,21.799179016348166,0.0018329807108324356,2.508646291013159e-08
1.103555251787899,8.259135813300917,0.002976351441631319,6.611898075355547e-08
1.103555251787899,3.128321204591203,0.004832930238571752,1.7431429176419032e-07
1.103555251787899,1.184906979015372,0.007847599703514606,4.5965462262030166e-07
1.103555251787899,0.4488905410001187,0.012742749857031334,1.2121857960439214e-06
1.103555251787899,0.170103442924255,0.0206913808111479,3.1967393317136637e-06
1.103555251787899,0.06447565400670097,0.03359818286283781,8.430026590843174e-06
1.103555251787899,0.024443608479661132,0.05455594781168514,2.2229595073443372e-05
1.103555251787899,0.009268235645997434,0.08858667904100823,5.8616259020855175e-05
1.103555251787899,0.003514558523587506,0.14384498882876628,0.00015455849753846887
1.103555251787899,0.0013328209929097808,0.23357214690901212,0.00040753007819331155
1.103555251787899,0.0005054640723955599,0.3792690190732246,0.0010745365901845038
1.103555251787899,0.00019169894315418062,0.615848211066026,0.002833214152109221
1.103555251787899,7.270361118321437e-05,1.0,0.007470256058038364
1.1784834009651335,6826.920361366621,0.0001,7.554338245163501e-11
1.1784834009651335,2589.2508221359585,0.0001623776739188721,1.991831968339466e-10
1.1784834009651335,982.0292141408562,0.00026366508987303583,5.251735598750077e-10
1.1784834009651335,372.45278422960547,0.00042813323987193956,1.3845928571034573e-09
1.1784834009651335,141.25165776537477,0.0006951927961775605,3.6497958470682224e-09
1.1784834009651335,53.55965918571455,0.0011288378916846883,9.618989965316468e-09
1.1784834009651335,20.301689499800275,0.0018329807108324356,2.5349563862201853e-08
1.1784834009651335,7.692221917312874,0.002976351441631319,6.681744183416746e-08
1.1784834009651335,2.9138037120667897,0.004832930238571752,1.7616805147512213e-07
1.1784834009651335,1.1037360583870939,0.007847599703514606,4.6456927476733895e-07
1.1784834009651335,0.4181661172285579,0.012742749857031334,1.2251978197293212e-06
1.1784834009651335,0.1584683090449405,0.0206913808111479,3.2311475114384784e-06
1.1784834009651335,0.06006754390437541,0.03359818286283781,8.520926074978282e-06
1.1784834009651335,0.02277295468097054,0.05455594781168514,2.2469569132466325e-05
1.1784834009651335,0.008634905694581937,0.08858667904100823,5.924949751278689e-05
1.1784834009651335,0.003274427904509595,0.14384498882876628,0.00015622897357439716
1.1784834009651335,0.0012417640148715185,0.23357214690901212,0.0004119359344171364
1.1784834009651335,0.0004709330338019384,0.3792690190732246,0.0010861555773415351
1.1784834009651335,0.00017860334405384875,0.615848211066026,0.0028638530900060126
1.1784834009651335,6.77370800913031e-05,1.0,0.007551046308688533
1.2584989506418267,6324.418532019141,0.0001,7.605417304596614e-11
1.2584989506418267,2398.6660334848434,0.0001623776739188721,2.0052991718767785e-10
1.2584989506418267,909.7454858901502,0.00026366508987303583,5.287247645818283e-10
1.2584989506418267,345.03784475031705,0.00042813323987193956,1.3939635084303523e-09
1.2584989506418267,130.85499538655293,0.0006951927961775605,3.6745658025377955e-09
1.2584989506418267,49.61806174858708,0.0011288378916846883,9.684647791960874e-09
1.2584989506418267,18.808194231627553,0.0018329807108324356,2.5524066768956784e-08
1.2584989506418267,7.126702838610907,0.002976351441631319,6.728181002862609e-08
1.2584989506418267,2.6997578695919584,0.004832930238571752,1.774032282114463e-07
1.2584989506418267,1.0227221437188494,0.007847599703514606,4.678497173078846e-07
1.2584989506418267,0.38749415571402446,0.012742749857031334,1.2338942442149747e-06
1.2584989506418267,0.146851024643059,0.0206913808111479,3.254163963992569e-06
1.2584989506418267,0.05566565534102572,0.03359818286283781,8.581766005029052e-06
1.2584989506418267,0.021104520945002432,0.05455594781168514,2.263024565356048e-05
1.2584989506418267,0.008002383335504229,0.08858667904100823,5.9673586550993786e-05
1.2584989506418267,0.0030345952686835487,0.14384498882876628,0.00015734787949327203
1.2584989506418267,0.0011508180704543564,0.23357214690901212,0.0004148873011841432
1.2584989506418267,0.00043644363783328896,0.3792690190732246,0.0010939392691505549
1.2584989506418267,0.00016552342829393,0.615848211066026,0.00288437917911974
1.2584989506418267,6.277647128733267e-05,1.0,0.007605171669775448
1.3439473203182075,6283.521920735209,0.0001,8.228411719577684e-11
1.3439473203182075,2383.1544596852227,0.0001623776739188721,2.1695613806813657e-10
1.3439473203182075,903.861963707921,0.00026366508987303583,5.720351325972049e-10
1.3439473203182075,342.8063706467171,0.00042813323987193956,1.508158924123308e-09
1.3439473203182075,130.0090937120296,0.0006951927961775605,3.9756718549582115e-09
1.3439473203182075,49.297947796209925,0.0011288378916846883,1.047868445453708e-08
1.3439473203182075,18.68745699316124,0.0018329807108324356,2.761850518378098e-08
1.3439473203182075,7.081344329481378,0.002976351441631319,7.280800038049585e-08
1.3439473203182075,2.682762163185667,0.004832930238571752,1.9198708942253173e-07
1.3439473203182075,1.0163553397097838,0.007847599703514606,5.063379051500451e-07
1.3439473203182075,0.3851050628114459,0.012742749857031334,1.3354552568877058e-06
1.3439473203182075,0.14595232662406749,0.0206913808111479,3.5221089852838462e-06
1.3439473203182075,0.05532679099930059,0.03359818286283781,9.288550230808612e-06
1.3439473203182075,0.020976505312808605,0.05455594781168514,2.449433338456035e-05
1.3439473203182075,0.007953955495132442,0.08858667904100823,6.45894699354943e-05
1.3439473203182075,0.0030162581677840037,0.14384498882876628,0.0001703109193459693
1.3439473203182075,0.001143870549539964,0.23357214690901212,0.0004490689191543713
1.3439473203182075,0.00043381035560270166,0.3792690190732246,0.001184068553277377
1.3439473203182075,0.00016452510551119521,0.615848211066026,0.0031220256612310457
1.3439473203182075,6.239793217577213e-05,1.0,0.008231773943975545
1.435197382460544,5764.960328203144,0.0001,8.240771547895077e-11
1.435197382460544,2186.4790133838346,0.0001623776739188721,2.1728197811123342e-10
1.435197382460544,829.2684227160393,0.00026366508987303583,5.728945166832667e-10
1.435197382460544,314.51538921411384,0.00042813323987193956,1.5104301821206015e-09
1.435197382460544,119.27997156527113,0.0006951927961775605,3.981706254409689e-09
1.435197382460544,45.229932554857974,0.0011288378916846883,1.049484760402094e-08
1.435197382460544,17.145710149694004,0.0018329807108324356,2.7662114382877474e-08
1.435197382460544,6.497328917366398,0.002976351441631319,7.292598528843642e-08
1.435197382460544,2.4616076145150347,0.004832930238571752,1.9230564226984042e-07
1.435197382460544,0.9326096120427642,0.007847599703514606,5.071939483477657e-07
1.435197382460544,0.35338544751309964,0.012742749857031334,1.337743924093077e-06
1.435197382460544,0.1339343581518089,0.0206913808111479,3.528201246676506e-06
1.435197382460544,0.050772040901095106,0.03359818286283781,9.304714794712695e-06
1.435197382460544,0.019249868206968675,0.05455594781168514,2.4537126457690476e-05
1.435197382460544,0.007299302261990271,0.08858667904100823,6.470258940621399e-05
1.435197382460544,0.002768018416708146,0.14384498882876628,0.0001706096541304968
1.435197382460544,0.0010497328128130261,0.23357214690901212,0.00044985736404973324
1.435197382460544,0.00039810964654515526,0.3792690190732246,0.0011861486919217798
1.435197382460544,0.00015098559607998435,0.615848211066026,0.00312751235593193
1.435197382460544,5.7262971447394954e-05,1.0,0.00824624385399714
1.532643054888415,5282.99157284818,0.0001,8.267064495718111e-11
1.532643054888415,2003.6822336080634,0.0001623776739188721,2.1797519218197503e-10
1.532643054888415,759.9387096876102,0.00026366508987303583,5.747225063482644e-10
1.532643054888415,288.2208106781612,0.00042813323987193956,1.5152546390725698e-09
1.532643054888415,109.30792833750415,0.0006951927961775605,3.994466891198642e-09
1.532643054888415,41.4489046941368,0.0011288378916846883,1.0528715836122198e-08
1.532643054888415,15.712669663901039,0.0018329807108324356,2.7752298014374257e-08
1.532643054888415,5.954453276839469,0.002976351441631319,7.316647877048921e-08
1.532643054888415,2.2560135233072836,0.004832930238571752,1.9294657063684907e-07
1.532643054888415,0.8547492429983917,0.007847599703514606,5.088987847685284e-07
1.532643054888415,0.32389270537116005,0.012742749857031334,1.3422684999108857e-06
1.532643054888415,0.12275945277022512,0.0206913808111479,3.5401854289621833e-06
1.532643054888415,0.04653663128812314,0.03359818286283781,9.336408833691746e-06
1.532643054888415,0.01764424336146244,0.05455594781168514,2.4620856572716946e-05
1.532643054888415,0.006690519665038295,0.08858667904100823,6.492363149723156e-05
1.532643054888415,0.002537169801156788,0.14384498882876628,0.00017119292054175377
1.532643054888415,0.0009621895221190484,0.23357214690901212,0.0004513959829607251
1.532643054888415,0.0003649096580745176,0.3792690190732246,0.0011902067184391344
1.532643054888415,0.00013839445044373178,0.615848211066026,0.0031382139547189306
1.532643054888415,5.248767646647102e-05,1.0,0.008274463490336318
1.636705001280387,4839.645622426999,0.0001,8.318577075132076e-11
1.636705001280387,1835.534008922226,0.0001623776739188721,2.1933336713753645e-10
1.636705001280387,696.1648103083803,0.00026366508987303583,5.78303735248007e-10
1.636705001280387,264.03337588021196,0.00042813323987193956,1.5247010808583765e-09
1.636705001280387,100.13497400157357,0.0006951927961775605,4.019408326850935e-09
1.636705001280387,37.97081256166393,0.0011288378916846883,1.0594671368833872e-08
1.636705001280387,14.394398604653606,0.0018329807108324356,2.792698509484256e-08
1.636705001280387,5.455026178731982,0.002976351441631319,7.362953556258734e-08
1.636705001280387,2.0668599514368213,0.004832930238571752,1.941738712634277e-07
1.636705001280387,0.7831096982280187,0.007847599703514606,5.12149015519167e-07
1.636705001280387,0.2967546142228968,0.012742749857031334,1.3508669305709048e-06
1.636705001280387,0.11247623054094406,0.0206913808111479,3.5629101326299373e-06
1.636705001280387,0.04263904451885369,0.03359818286283781,9.396421282879119e-06
1.636705001280387,0.016166651326875173,0.05455594781168514,2.4779252380693693e-05
1.636705001280387,0.006130273035590363,0.08858667904100823,6.534154186782052e-05
1.636705001280387,0.002324723839832524,0.14384498882876628,0.00017229526247388254
1.636705001280387,0.0008816244680662913,0.23357214690901212,0.000454303228192493
1.636705001280387,0.0003343559862557445,0.3792690190732246,0.0011978733447204322
1.636705001280387,0.00012680689719679614,0.615848211066026,0.003158430188694551
1.636705001280387,4.809299572708628e-05,1.0,0.008327769927557967
1.7478324471390134,4436.99628343873,0.0001,8.410317574709968e-11
1.7478324471390134,1682.8208572314923,0.0001623776739188721,2.2175222053413063e-10
1.7478324471390134,638.2450187935812,0.00026366508987303583,5.846815722939459e-10
1.7478324471390134,242.0662181789176,0.00042813323987193956,1.541520456426153e-09
1.7478324471390134,91.80402403630772,0.0006951927961775605,4.06378350674554e-09
1.7478324471390134,34.811944967300605,0.0011288378916846883,1.0711837153953024e-08
1.7478324471390134,13.197086407612883,0.0018329807108324356,2.823660262544001e-08
1.7478324471390134,5.001402552968454,0.002976351441631319,7.444816642156451e-08
1.7478324471390134,1.8950436240163584,0.004832930238571752,1.9633846420996672e-07
1.7478324471390134,0.7180324417516144,0.007847599703514606,5.178705358674433e-07
1.7478324471390134,0.2721011228159043,0.012742749857031334,1.3659820112635261e-06
1.7478324471390134,0.10313410480702237,0.0206913808111479,3.6028193423778484e-06
1.7478324471390134,0.039098055767832526,0.03359818286283781,9.501748732639397e-06
1.7478324471390134,0.014824221660237738,0.05455594781168514,2.5057138801707633e-05
1.7478324471390134,0.0056212685424651115,0.08858667904100823,6.607452690980571e-05
1.7478324471390134,0.0021317074177940277,0.14384498882876628,0.00017422838050640765
1.7478324471390134,0.0008084272401401704,0.23357214690901212,0.0004594009978809594
1.7478324471390134,0.0003065964196019087,0.3792690190732246,0.0012113157157648568
1.7478324471390134,0.00011627899483989446,0.615848211066026,0.0031938752044636935
1.7478324471390134,4.4100192100548625e-05,1.0,0.008421229606970733
1.8665051190545048,4077.713540791405,0.0001,8.563596938431874e-11
1.8665051190545048,1546.5554113833714,0.0001623776739188721,2.257936495916429e-10
1.8665051190545048,586.5633892675002,0.00026366508987303583,5.953375401877378e-10
1.8665051190545048,222.46499643572176,0.00042813323987193956,1.5696188985374362e-09
1.8665051190545048,84.37032700213375,0.0006951927961775605,4.1378906270704156e-09
1.8665051190545048,31.993264139705172,0.0011288378916846883,1.090736294772525e-08
1.8665051190545048,12.128691219063706,0.0018329807108324356,2.8752735576327025e-08
1.8665051190545048,4.596605747326905,0.002976351441631319,7.581116453413265e-08
1.8665051190545048,1.7417136343050175,0.004832930238571752,1.99938376199624e-07
1.8665051190545048,0.6599542178682121,0.007847599703514606,5.27377243883127e-07
1.8665051190545048,0.2500981758052949,0.012742749857031334,1.391079945215795e-06
1.8665051190545048,0.09479610028669132,0.0206913808111479,3.669056270613474e-06
1.8665051190545048,0.03593759166641403,0.03359818286283781,9.676506397412749e-06
1.8665051190545048,0.013626034926288196,0.05455594781168514,2.5518113211022102e-05
1.8665051190545048,0.005166951625668796,0.08858667904100823,6.729029490796323e-05
1.8665051190545048,0.0019594276371216685,0.14384498882876628,0.0001774345037592429
1.8665051190545048,0.0007430936659540644,0.23357214690901212,0.00046785536395012583
1.8665051190545048,0.00028181903010860457,0.3792690190732246,0.001233608468477728
1.8665051190545048,0.00010688207794965968,0.615848211066026,0.0032526559303026033
1.8665051190545048,4.053632168386208e-05,1.0,0.008576217969015382
1.9932353156386882,3767.2509361452826,0.0001,8.813879860242019e-11
1.9932353156386882,1428.8060240456568,0.0001623776739188721,2.3239273805968649e-10
1.9932353156386882,541.9043794472299,0.00026366508987303583,6.127371246566421e-10
1.9932353156386882,205.527230187702,0.00042813323987193956,1.6154968551878149e-09
1.9932353156386882,77.94672557127953,0.0006951927961775605,4.258867806160462e-09
1.9932353156386882,29.557572865253313,0.0011288378916846883,1.122643215922663e-08
1.9932353156386882,11.205451726759026,0.0018329807108324356,2.959452213106708e-08
1.9932353156386882,4.246797799688169,0.002976351441631319,7.803274977913456e-08
1.9932353156386882,1.6092085960572278,0.004832930238571752,2.058025357259461e-07
1.9932353156386882,0.6097625817374206,0.007847599703514606,5.428560955375399e-07
1.9932353156386882,0.23108258747709673,0.012742749857031334,1.4319302926719809e-06
1.9932353156386882,0.08759001583920255,0.0206913808111479,3.776840216596898e-06
1.9932353156386882,0.03320613727616197,0.03359818286283781,9.960835604313603e-06
1.9932353156386882,0.012590483807028686,0.05455594781168514,2.626803828200274e-05
1.9932353156386882,0.004774298997050826,0.08858667904100823,6.926801032138443e-05
1.9932353156386882,0.0018105307749840438,0.14384498882876628,0.00018264976163632324
1.9932353156386882,0.000686627450485712,0.23357214690901212,0.0004816073594365429
1.9932353156386882,0.00026040450476389685,0.3792690190732246,0.0012698696218747495
1.9932353156386882,9.876053231712329e-05,0.615848211066026,0.0033482671111792913
1.9932353156386882,3.7456146241022644e-05,1.0,0.008828316460445147
2.1285701190692756,3516.94039441082,0.0001,9.22620698112016e-11
2.1285701190692756,1333.8705426808435,0.0001623776739188721,2.4326438699705955e-10
2.1285701190692756,505.8980281966554,0.00026366508987303583,6.414019060635e-10
2.1285701190692756,191.87113967541745,0.00042813323987193956,1.691075729261168e-09
2.1285701190692756,72.76768696740014,0.0006951927961775605,4.458144479978213e-09
2.1285701190692756,27.593792101067958,0.0011288378916846883,1.1751902179620617e-08
2.1285701190692756,10.461088573548214,0.0018329807108324356,3.0980422519764654e-08
2.1285701190692756,3.9647652660836163,0.002976351441631319,8.168905182877122e-08
2.1285701190692756,1.5023768220167502,0.004832930238571752,2.1545068956947902e-07
2.1285701190692756,0.5692958835505878,0.007847599703514606,5.683163851271186e-07
2.1285701190692756,0.21575143743572076,0.012742749857031334,1.4991097802798723e-06
2.1285701190692756,0.0817801890221469,0.0206913808111479,3.95407026073699e-06
2.1285701190692756,0.031003936111036343,0.03359818286283781,1.0428319462682979e-05
2.1285701190692756,0.011755584627905687,0.05455594781168514,2.7500968454427636e-05
2.1285701190692756,0.004457728348146464,0.08858667904100823,7.251939888049614e-05
2.1285701190692756,0.0016904848405278597,0.14384498882876628,0.0001912235178872353
2.1285701190692756,0.000641102398571821,0.23357214690901212,0.0005042149880531608
2.1285701190692756,0.00024313936364551977,0.3792690190732246,0.0013294807237392238
2.1285701190692756,9.221265832209178e-05,0.615848211066026,0.0035054451612271122
2.1285701190692756,3.4972801320273784e-05,1.0,0.009242747264510477
2.2730937567914773,3356.894658355687,0.0001,9.950201642771852e-11
2.2730937567914773,1273.1698106307667,0.0001623776739188721,2.623536554518323e-10
2.2730937567914773,482.8759119494335,0.00026366508987303583,6.91733584432474e-10
2.2730937567914773,183.13954930351815,0.00042813323987193956,1.823780117150615e-09
2.2730937567914773,69.45626154149797,0.0006951927961775605,4.808022008469193e-09
2.2730937567914773,26.338196078090643,0.0011288378916846883,1.2674378537760161e-08
2.2730937567914773,9.985187170179245,0.0018329807108324356,3.341297442979256e-08
2.2730937567914773,3.784468736337708,0.002976351441631319,8.810535052138771e-08
2.2730937567914773,1.434090763702888,0.004832930238571752,2.3237866805054355e-07
2.2730937567914773,0.543433303539191,0.007847599703514606,6.129804371326111e-07
2.2730937567914773,0.20595429668887424,0.012742749857031334,1.61694710546169e-06
2.2730937567914773,0.07806783022820486,0.0206913808111479,4.264919662391738e-06
2.2730937567914773,0.02959686206959943,0.03359818286283781,1.1248212431020697e-05
2.2730937567914773,0.01122215641748231,0.05455594781168514,2.9663262559578873e-05
2.2730937567914773,0.0042554726023850695,0.08858667904100823,7.822151596101238e-05
2.2730937567914773,0.001613789283458554,0.14384498882876628,0.00020625953235999518
2.2730937567914773,0.0006120174366911228,0.23357214690901212,0.0005438622402662602
2.2730937567914773,0.0002321091163676686,0.3792690190732246,0.0014340208574611672
2.2730937567914773,8.8029410356077e-05,0.615848211066026,0.003781087832172514
2.2730937567914773,3.338626794534137e-05,1.0,0.009969531918441075
2.4274301235721834,3409.2394882617236,0.0001,1.1521690366171486e-10
2.4274301235721834,1293.0224147678764,0.0001623776739188721,3.037884624255644e-10
2.4274301235721834,490.40526309839623,0.00026366508987303583,8.009823709498617e-10
2.4274301235721834,185.99513085782905,0.00042813323987193956,2.1118219768887723e-09
2.4274301235721834,70.5392915436197,0.0006951927961775605,5.5674233660755765e-09
2.4274301235721834,26.748997912903558,0.0011288378916846883,1.4676451762716442e-08
2.4274301235721834,10.141043442122568,0.0018329807108324356,3.869185561202321e-08
2.4274301235721834,3.8436166244504024,0.002976351441631319,1.0202772993621547e-07
2.4274301235721834,1.4565417910501601,0.004832930238571752,2.6910576612835376e-07
2.4274301235721834,0.5519552914978567,0.007847599703514606,7.098754186109633e-07
2.4274301235721834,0.20918871156526192,0.012742749857031334,1.8725688787011752e-06
2.4274301235721834,0.07929520790410907,0.0206913808111479,4.939207869607732e-06
2.4274301235721834,0.03006254663176772,0.03359818286283781,1.3026654967359377e-05
2.4274301235721834,0.011398821578047768,0.05455594781168514,3.4353438826840454e-05
2.4274301235721834,0.004322487432828968,0.08858667904100823,9.05896815788584e-05
2.4274301235721834,0.0016392086409519444,0.14384498882876628,0.00023887312294446363
2.4274301235721834,0.0006216588575709239,0.23357214690901212,0.0006298579788578576
2.4274301235721834,0.00023576596149628244,0.3792690190732246,0.00166076998383412
2.4274301235721834,8.941637441985243e-05,0.615848211066026,0.00437895986401552
2.4274301235721834,3.3912308895455347e-05,1.0,0.011545934195607276
2.592245474794206,798.1538016191689,0.0001,3.1086118070192984e-11
2.592245474794206,302.71513121638907,0.0001623776739188721,8.196356229196506e-11
2.592245474794206,114.81058176437371,0.00026366508987303583,2.1611217866956917e-10
2.592245474794206,43.544194791375666,0.00042813323987193956,5.698380674328881e-10
2.592245474794206,16.515046827842493,0.0006951927961775605,1.5026690617613623e-09
2.592245474794206,6.263709222233091,0.0011288378916846883,3.963360171424331e-09
2.592245474794206,2.375672477727875,0.0018329807108324356,1.0456920489372974e-08
2.592245474794206,0.9010411273774056,0.002976351441631319,2.759870096938152e-08
2.592245474794206,0.3417465512235102,0.004832930238571752,7.285384144192245e-08
2.592245474794206,0.12961732813095414,0.007847599703514606,1.923100171511104e-07
2.592245474794206,0.04916091808973139,0.012742749857031334,5.075406356867924e-07
2.592245474794206,0.018645519641008867,0.0206913808111479,1.3391747497298049e-06
2.592245474794206,0.007071749014827041,0.03359818286283781,3.5327261314949735e-06
2.592245474794206,0.002682115801661646,0.05455594781168514,9.317722737861692e-06
2.592245474794206,0.0010172484575710573,0.08858667904100823,2.4572982071227984e-05
2.592245474794206,0.0003858120358982335,0.14384498882876628,6.479943231726897e-05
2.592245474794206,0.00014632684077064712,0.23357214690901212,0.0001708684865592706
2.592245474794206,5.549730551873873e-05,0.3792690190732246,0.00045054521835329573
2.592245474794206,2.104842466113118e-05,0.615848211066026,0.0011879708217072344
2.592245474794206,7.983019136685907e-06,1.0,0.0031323301926218555
2.7682513026172444,395.22083725417593,0.0001,1.7966893086315182e-11
2.7682513026172444,149.89507009732162,0.0001623776739188721,4.737261386580005e-11
2.7682513026172444,56.85060930104949,0.00026366508987303583,1.2490684245106713e-10
2.7682513026172444,21.561733064558947,0.00042813323987193956,3.293521759120485e-10
2.7682513026172444,8.177760374617211,0.0006951927961775605,8.685171536648338e-10
2.7682513026172444,3.1016311558595904,0.0011288378916846883,2.2908173399232078e-09
2.7682513026172444,1.1763981686914973,0.0018329807108324356,6.044326875480639e-09
2.7682513026172444,0.44619795692509134,0.002976351441631319,1.595335968632287e-08
2.7682513026172444,0.16924117307297545,0.004832930238571752,4.211472468049105e-08
2.7682513026172444,0.06419244260690107,0.007847599703514606,1.1117265091165955e-07
2.7682513026172444,0.02434764630141638,0.012742749857031334,2.934117886908764e-07
2.7682513026172444,0.009234721582585096,0.0206913808111479,7.74196769123419e-07
2.7682513026172444,0.0035025540723630363,0.03359818286283781,2.0423442192501283e-06
2.7682513026172444,0.001328438254264715,0.05455594781168514,5.386812830880947e-06
2.7682513026172444,0.0005038423678310812,0.08858667904100823,1.4206331667094575e-05
2.7682513026172444,0.0001910934644410362,0.14384498882876628,3.74624804622047e-05
2.7682513026172444,7.247622739543144e-05,0.23357214690901212,9.878433354791617e-05
2.7682513026172444,2.7488081471156754e-05,0.3792690190732246,0.0002604743515988219
2.7682513026172444,1.042539977541348e-05,0.615848211066026,0.0006868037392179898
2.7682513026172444,3.954036328163588e-06,1.0,0.0018109005336955555
2.956207407421723,285.9121659373709,0.0001,1.540201067418098e-11
2.956207407421723,108.43766648209977,0.0001623776739188721,4.0609890038033115e-11
2.956207407421723,41.12708803338798,0.00026366508987303583,1.0707565035560102e-10
2.956207407421723,15.59827360468733,0.00042813323987193956,2.823351651257034e-10
2.956207407421723,5.915987464688462,0.0006951927961775605,7.445305638270834e-10
2.956207407421723,2.2437932748146867,0.0011288378916846883,1.963784676300528e-09
2.956207407421723,0.8510331914465519,0.0018329807108324356,5.18143698389676e-09
2.956207407421723,0.32278902787394137,0.002976351441631319,1.3675812188091841e-08
2.956207407421723,0.12243228360518335,0.004832930238571752,3.610220330761862e-08
2.956207407421723,0.046437896127563424,0.007847599703514606,9.530083457246513e-08
2.956207407421723,0.01761345321887995,0.012742749857031334,2.5152176117658943e-07
2.956207407421723,0.00668052333250761,0.0206913808111479,6.636649062324391e-07
2.956207407421723,0.0025337918106658613,0.03359818286283781,1.75075793503486e-06
2.956207407421723,0.0009610081042328886,0.05455594781168514,4.617733154189097e-06
2.956207407421723,0.0003644853686232885,0.08858667904100823,1.2178078229898099e-05
2.956207407421723,0.00013823915875354155,0.14384498882876628,3.2113915004453766e-05
2.956207407421723,5.243010436583229e-05,0.23357214690901212,8.468075958595943e-05
2.956207407421723,1.9885179111980103e-05,0.3792690190732246,0.00022328605633870248
2.956207407421723,7.541847642834211e-06,0.615848211066026,0.0005887477605558001
2.956207407421723,2.8603927404839642e-06,1.0,0.0015523555594144332
3.156925177794596,227.64787786190936,0.0001,1.4792349106629662e-11
3.156925177794596,86.33982193544988,0.0001623776739188721,3.900242089721502e-11
3.156925177794596,32.74605374090422,0.00026366508987303583,1.0283724638513014e-10
3.156925177794596,12.419598305626137,0.00042813323987193956,2.711592235452517e-10
3.156925177794596,4.710403511948917,0.0006951927961775605,7.150574076574917e-10
3.156925177794596,1.7865412649694192,0.0011288378916846883,1.886036491908214e-09
3.156925177794596,0.6776026009113068,0.0018329807108324356,4.976262114030168e-09
3.156925177794596,0.25700675006705204,0.002976351441631319,1.3134166584618106e-08
3.156925177794596,0.09748059660233584,0.004832930238571752,3.4672065181568816e-08
3.156925177794596,0.03697355414808982,0.007847599703514606,9.152504725666732e-08
3.156925177794596,0.014023619715211091,0.012742749857031334,2.415554304344645e-07
3.156925177794596,0.0053189238913086785,0.0206913808111479,6.37365720922617e-07
3.156925177794596,0.002017356150377737,0.03359818286283781,1.6813767311864494e-06
3.156925177794596,0.000765134166824068,0.05455594781168514,4.434729860612505e-06
3.156925177794596,0.00029019500158323797,0.08858667904100823,1.1695444229314648e-05
3.156925177794596,0.00011006277384217754,0.14384498882876628,3.084117968487946e-05
3.156925177794596,4.174359099139811e-05,0.23357214690901212,8.132467322349706e-05
3.156925177794596,1.5832095913301627e-05,0.3792690190732246,0.00021443668986122818
3.156925177794596,6.004634103662949e-06,0.615848211066026,0.0005654141898909859
3.156925177794596,2.277374177967778e-06,1.0,0.0014908316429981228
3.37127109321653,189.55926028958902,0.0001,1.5163409875533804e-11
3.37127109321653,71.89398595771759,0.0001623776739188721,3.998078445389853e-11
3.37127109321653,27.26719139608796,0.00026366508987303583,1.054168742011363e-10
3.37127109321653,10.341629683884152,0.00042813323987193956,2.7796089354901255e-10
3.37127109321653,3.922286890595558,0.0006951927961775605,7.329916342253011e-10
3.37127109321653,1.487625162590124,0.0011288378916846883,1.933328692253711e-09
3.37127109321653,0.5642266706519449,0.0018329807108324356,5.100998042092096e-09
3.37127109321653,0.21400298689990485,0.002976351441631319,1.3463260133829045e-08
3.37127109321653,0.08116885144624711,0.004832930238571752,3.55404990921064e-08
3.37127109321653,0.030786357913250215,0.007847599703514606,9.38167994097518e-08
3.37127109321653,0.011676796992100372,0.012742749857031334,2.4760256150363287e-07
3.37127109321653,0.004428786070174906,0.0206913808111479,6.533192113088889e-07
3.37127109321653,0.001679738252785693,0.03359818286283781,1.723457987598509e-06
3.37127109321653,0.0006370820398661809,0.05455594781168514,4.545714513910524e-06
3.37127109321653,0.00024162778268265023,0.08858667904100823,1.1988125422108422e-05
3.37127109321653,9.164248749029816e-05,0.14384498882876628,3.1612967662356516e-05
3.37127109321653,3.4757288673549114e-05,0.23357214690901212,8.335975781858405e-05
3.37127109321653,1.3182394075771654e-05,0.3792690190732246,0.00021980274295259222
3.37127109321653,4.999681035797103e-06,0.615848211066026,0.0005795630005317417
3.37127109321653,1.8962258506573347e-06,1.0,0.0015281377733253115
3.6001704645712302,132.8825258746903,0.0001,1.3369397626618374e-11
3.6001704645712302,50.39824329678481,0.0001623776739188721,3.525056485455075e-11
3.6001704645712302,19.1145082602959,0.00026366508987303583,9.294460849129904e-11
3.6001704645712302,7.249554127525768,0.00042813323987193956,2.450730523176162e-10
3.6001704645712302,2.7495415684710287,0.0006951927961775605,6.462572030818033e-10
3.6001704645712302,1.0428230324036027,0.0011288378916846883,1.7045190441249606e-09
3.6001704645712302,0.3955146790802182,0.0018329807108324356,4.497145543439014e-09
3.6001704645712302,0.15000854907218136,0.002976351441631319,1.1869053901805682e-08
3.6001704645712302,0.056894454664947004,0.004832930238571752,3.1331034795541254e-08
3.6001704645712302,0.021578605440809466,0.007847599703514606,8.270276945933888e-08
3.6001704645712302,0.008184189521075965,0.012742749857031334,2.1826593073956695e-07
3.6001704645712302,0.003104035649366434,0.0206913808111479,5.759042966807342e-07
3.6001704645712302,0.0011772714273033552,0.03359818286283781,1.519223524633868e-06
3.6001704645712302,0.000446504310399185,0.05455594781168514,4.0070117425294426e-06
3.6001704645712302,0.00016934567578073644,0.08858667904100823,1.0567399913160136e-05
3.6001704645712302,6.422767033804464e-05,0.14384498882876628,2.7866417200032246e-05
3.6001704645712302,2.435958979248831e-05,0.23357214690901212,7.348043037431398e-05
3.6001704645712302,9.238843458263757e-06,0.3792690190732246,0.00019375279230626533
3.6001704645712302,3.5040084442029906e-06,0.615848211066026,0.000510875736422324
3.6001704645712302,1.3289621617764353e-06,1.0,0.0013470291334052953
3.844611428624303,94.814760306172,0.0001,1.2175735109388187e-11
3.844611428624303,35.960311579933794,0.0001623776739188721,3.210326973599995e-11
3.844611428624303,13.638640472086216,0.00026366508987303583,8.464607460352411e-11
3.844611428624303,5.172719321446366,0.00042813323987193956,2.2319087264855946e-10
3.844611428624303,1.9618545428772394,0.0006951927961775605,5.885481004949314e-10
3.844611428624303,0.7440705371777041,0.0011288378916846883,1.5522813476305884e-09
3.844611428624303,0.2822017850752987,0.0018329807108324356,4.095381060703676e-09
3.844611428624303,0.10702941654302768,0.002976351441631319,1.080839183102594e-08
3.844611428624303,0.04059241652649998,0.004832930238571752,2.8530430216856018e-08
3.844611428624303,0.015395234049483104,0.007847599703514606,7.530858298237635e-08
3.844611428624303,0.0058388645480836636,0.012742749857031334,1.9874841372330728e-07
3.844611428624303,0.002214479611468645,0.0206913808111479,5.24400900703896e-07
3.844611428624303,0.0008398778774601492,0.03359818286283781,1.3833489487169783e-06
3.844611428624303,0.00031853821537733076,0.05455594781168514,3.6486207697704408e-06
3.844611428624303,0.00012081131924148654,0.08858667904100823,9.622214101500757e-06
3.844611428624303,4.5819904037081885e-05,0.14384498882876628,2.5373900493995352e-05
3.844611428624303,1.7378049396654642e-05,0.23357214690901212,6.690788572291808e-05
3.844611428624303,6.590950855000716e-06,0.3792690190732246,0.00017642222147199943
3.844611428624303,2.499742312862956e-06,0.615848211066026,0.00046517932918155655
3.844611428624303,9.480745442833542e-07,1.0,0.0012265408187101575
4.105649213715493,77.4508451927022,0.0001,1.2240749373061297e-11
4.105649213715493,29.374714288046608,0.0001623776739188721,3.2274686648102724e-11
4.105649213715493,11.140925285914756,0.00026366508987303583,8.509800563938435e-11
4.105649213715493,4.225411219053974,0.00042813323987193956,2.2438213386495918e-10
4.105649213715493,1.6025678949450146,0.0006951927961775605,5.916868941075345e-10
4.105649213715493,0.6078024725566226,0.0011288378916846883,1.5605471491221578e-09
4.105649213715493,0.23051825826404335,0.0018329807108324356,4.117141125850977e-09
4.105649213715493,0.08742673713882207,0.002976351441631319,1.0865680470144655e-08
4.105649213715493,0.03315740552986722,0.004832930238571752,2.8681312093935217e-08
4.105649213715493,0.01257524599471324,0.007847599703514606,7.570612562353915e-08
4.105649213715493,0.004769292696532539,0.012742749857031334,1.9979617785323993e-07
4.105649213715493,0.0018088133485301013,0.0206913808111479,5.271629042255982e-07
4.105649213715493,0.0006860183595094291,0.03359818286283781,1.3906305823669282e-06
4.105649213715493,0.00026018333833746003,0.05455594781168514,3.667818773636475e-06
4.105649213715493,9.867894305334877e-05,0.08858667904100823,9.67283093005482e-06
4.105649213715493,3.742573619964313e-05,0.14384498882876628,2.5507357030712457e-05
4.105649213715493,1.4194391293592808e-05,0.23357214690901212,6.725976042357994e-05
4.105649213715493,5.383485533119785e-06,0.3792690190732246,0.00017734998663738422
4.105649213715493,2.041787551307998e-06,0.615848211066026,0.0004676255132431135
4.105649213715493,7.743863565350044e-07,1.0,0.0012329905381016906
4.3844106950788175,66.68548107048662,0.0001,2.390324982777454e-12
4.3844106950788175,25.291743444815896,0.0001623776739188721,6.30247229668369e-12
4.3844106950788175,9.592379542839486,0.00026366508987303583,1.6617597047287158e-11
4.3844106950788175,3.63809488782143,0.00042813323987193956,4.381642988474412e-11
4.3844106950788175,1.3798166446808344,0.0006951927961775605,1.1554215525360933e-10
4.3844106950788175,0.5233198832733973,0.0011288378916846883,3.047369674255257e-10
4.3844106950788175,0.19847685101178655,0.0018329807108324356,8.039771386581636e-10
4.3844106950788175,0.07527460910160834,0.002976351441631319,2.1218006944560007e-09
4.3844106950788175,0.028548577934440968,0.004832930238571752,5.600753150268145e-09
4.3844106950788175,0.010827299838633968,0.007847599703514606,1.4783533686356642e-08
4.3844106950788175,0.0041063639863782786,0.012742749857031334,3.901523989785198e-08
4.3844106950788175,0.0015573888807645022,0.0206913808111479,1.0294182462000446e-07
4.3844106950788175,0.0005906618904583898,0.03359818286283781,2.715555854954152e-07
4.3844106950788175,0.00022401785086764725,0.05455594781168514,7.162337759892334e-07
4.3844106950788175,8.496256017650615e-05,0.08858667904100823,1.888863188866967e-06
4.3844106950788175,3.222355312082539e-05,0.14384498882876628,4.980951961458603e-06
4.3844106950788175,1.2221368241742826e-05,0.23357214690901212,1.3134156883844616e-05
4.3844106950788175,4.635179920628638e-06,0.3792690190732246,3.463203711180975e-05
4.3844106950788175,1.7579786288806486e-06,0.615848211066026,9.131562010675405e-05
4.3844106950788175,6.667464749790865e-07,1.0,0.0002407723527798441
4.682099259455535,58.100764338976404,0.0001,nan
4.682099259455535,22.035825763094355,0.0001623776739188721,nan
4.682099259455535,8.357510265066574,0.00026366508987303583,nan
4.682099259455535,3.1697466599888826,0.00042813323987193956,nan
4.682099259455535,1.202186115758472,0.0006951927961775605,nan
4.682099259455535,0.4559496358292886,0.0011288378916846883,nan
4.682099259455535,0.17292504745008513,0.0018329807108324356,nan
4.682099259455535,0.06558339952668771,0.002976351441631319,nan
4.682099259455535,0.024872911718128377,0.004832930238571752,nan
4.682099259455535,0.009433200088159274,0.007847599703514606,nan
4.682099259455535,0.0035776145192484865,0.012742749857031334,nan
4.682099259455535,0.0013568475532871815,0.0206913808111479,nan
4.682099259455535,0.0005146019707324526,0.03359818286283781,nan
4.682099259455535,0.00019517047507330355,0.05455594781168514,nan
4.682099259455535,7.402159393402895e-05,0.08858667904100823,nan
4.682099259455535,2.807397145008535e-05,0.14384498882876628,nan
4.682099259455535,1.0647557580385434e-05,0.23357214690901212,nan
4.682099259455535,4.038281611162406e-06,0.3792690190732246,nan
4.682099259455535,1.5315934316479064e-06,0.615848211066026,nan
4.682099259455535,5.808855455304325e-07,1.0,nan
5.000000000000001,51.34511260650764,0.0001,nan
5.000000000000001,19.473615937360098,0.0001623776739188721,nan
5.000000000000001,7.385743067367413,0.00026366508987303583,nan
5.000000000000001,2.801185109112581,0.00042813323987193956,nan
5.000000000000001,1.062401817696067,0.0006951927961775605,nan
5.000000000000001,0.40293352186246323,0.0011288378916846883,nan
5.000000000000001,0.1528174998276982,0.0018329807108324356,nan
5.000000000000001,0.0579571321132948,0.002976351441631319,nan
5.000000000000001,0.021980461929404047,0.004832930238571752,nan
5.000000000000001,0.008336167910542482,0.007847599703514606,nan
5.000000000000001,0.0031615392910227143,0.012742749857031334,nan
5.000000000000001,0.0011990417138346694,0.0206913808111479,nan
5.000000000000001,0.00045475073496346305,0.03359818286283781,nan
5.000000000000001,0.00017247066203316113,0.05455594781168514,nan
5.000000000000001,6.54122351356513e-05,0.08858667904100823,nan
5.000000000000001,2.4808702848119823e-05,0.14384498882876628,nan
5.000000000000001,9.409141042530481e-06,0.23357214690901212,nan
5.000000000000001,3.5685882740589023e-06,0.3792690190732246,nan
5.000000000000001,1.3534532271028693e-06,0.615848211066026,nan
5.000000000000001,5.133224676923806e-07,1.0,nan
