#  m  [GeV] ,  tau  [ps] ,  c ,  c_eff(theo) ,  c_eff(exp)^upper ,    c_eff(exp)^lower ,                c_eff(exp)^upper  converted ,    c_eff(exp)^lower  converted ,  allowed/excluded  (1/0)
0.44752,0.010461849168271935,10.0,10.015253951656412,0.01,0.0081673,342.5,279.730025,1
0.44752,0.006442993761344667,12.742749857031335,12.762189331522308,0.01,0.0081673,342.5,279.730025,1
0.44752,0.003968034971073927,16.237767391887218,16.262541015768885,0.01,0.0081673,342.5,279.730025,1
0.44752,0.002443839541356173,20.6913808111479,20.722952359506053,0.01,0.0081673,342.5,279.730025,1
0.44752,0.0015047442413498838,26.366508987303583,26.406723007018584,0.01,0.0081673,342.5,279.730025,1
0.44752,0.0009267071215369682,33.59818286283781,33.649423251486496,0.01,0.0081673,342.5,279.730025,1
0.44752,0.0005707346549951833,42.81332398719393,42.87861463996174,0.01,0.0081673,342.5,279.730025,1
0.44752,0.00035150782674885463,54.5559478116852,54.639141468554115,0.01,0.0081673,342.5,279.730025,1
0.44752,0.00021649242775063606,69.51927961775606,69.62528533425267,0.01,0.0081673,342.5,279.730025,1
0.44752,0.00013333843970729213,88.58667904100822,88.72175210898997,0.01,0.0081673,342.5,279.730025,1
0.44752,8.21241995642778e-05,112.88378916846884,113.05590054819906,0.01,0.0081673,342.5,279.730025,1
0.44752,5.058111924653061e-05,143.8449888287663,144.06429591275182,0.01,0.0081673,342.5,279.730025,1
0.44752,3.113512948927143e-05,183.29807108324357,183.577627333155,0.01,0.0081673,342.5,279.730025,1
0.44752,1.9174339436466727e-05,233.57214690901213,233.92839269210018,0.01,0.0081673,342.5,279.730025,1
0.44752,1.1808492881722067e-05,297.63514416313194,298.0891167045017,0.01,0.0081673,342.5,279.730025,0
0.44752,7.2718412586777694e-06,379.26901907322497,379.8474577359453,0.01,0.0081673,342.5,279.730025,1
0.44752,4.478292049804734e-06,483.2930238571752,484.0301076659962,0.01,0.0081673,342.5,279.730025,1
0.44752,2.7579259546721937e-06,615.8482110660261,616.7874550277431,0.01,0.0081673,342.5,279.730025,1
0.44752,1.698454913732957e-06,784.7599703514607,785.9568234216953,0.01,0.0081673,342.5,279.730025,1
0.44752,1.0459867981411178e-06,1000.0,1001.5251189018529,0.01,0.0081673,342.5,279.730025,1
0.45,0.010292616061216958,10.0,10.015296603470825,0.01,0.0067538,342.5,231.31765,1
0.45,0.006338770866005614,12.742749857031335,12.762243686813747,0.01,0.0067538,342.5,231.31765,1
0.45,0.0039038476578865944,16.237767391887218,16.262610286552142,0.01,0.0067538,342.5,231.31765,1
0.45,0.002404307936569064,20.6913808111479,20.72304063920285,0.01,0.0067538,342.5,231.31765,1
0.45,0.0014804030203380114,26.366508987303583,26.40683544803403,0.01,0.0067538,342.5,231.31765,1
0.45,0.0009117163836540941,33.59818286283781,33.64956652295021,0.01,0.0067538,342.5,231.31765,1
0.45,0.0005615022417853872,42.81332398719393,42.878797197513585,0.01,0.0067538,342.5,231.31765,1
0.45,0.0003458217034484449,54.5559478116852,54.63937408559105,0.01,0.0067538,342.5,231.31765,1
0.45,0.00021299036328391739,69.51927961775606,69.62558173810557,0.01,0.0067538,342.5,231.31765,1
0.45,0.00013118150580469749,88.58667904100822,88.72212979171533,0.01,0.0067538,342.5,231.31765,1
0.45,8.079572711274504e-05,112.88378916846884,113.05638179972904,0.01,0.0067538,342.5,231.31765,1
0.45,4.976290004483289e-05,143.8449888287663,144.0649091374195,0.01,0.0067538,342.5,231.31765,1
0.45,3.063147719799638e-05,183.29807108324357,183.57840899141263,0.01,0.0067538,342.5,231.31765,1
0.45,1.8864169264587583e-05,233.57214690901213,233.92938877991455,0.01,0.0067538,342.5,231.31765,0
0.45,1.1617475225908195e-05,297.63514416313194,298.0903860450195,0.01,0.0067538,342.5,231.31765,0
0.45,7.154209356685724e-06,379.26901907322497,379.84907507665787,0.01,0.0067538,342.5,231.31765,1
0.45,4.405849558771318e-06,483.2930238571752,484.03216858219577,0.01,0.0067538,342.5,231.31765,1
0.45,2.7133127225176647e-06,615.8482110660261,616.7900811894127,0.01,0.0067538,342.5,231.31765,1
0.45,1.670980073364313e-06,784.7599703514607,785.960169866267,0.01,0.0067538,342.5,231.31765,1
0.45,1.0290665239269143e-06,1000.0,1001.5293831880762,0.01,0.0067538,342.5,231.31765,1
0.46,0.0096460502362706,10.0,10.015459177513344,0.01,0.0057462,342.5,196.80734999999999,1
0.46,0.005940580605132344,12.742749857031335,12.76245087048676,0.01,0.0057462,342.5,196.80734999999999,1
0.46,0.003658615853270175,16.237767391887218,16.262874322954172,0.01,0.0057462,342.5,196.80734999999999,1
0.46,0.002253274831047532,20.6913808111479,20.723377131054605,0.01,0.0057462,342.5,196.80734999999999,1
0.46,0.0013874058747152314,26.366508987303583,26.407264034479827,0.01,0.0057462,342.5,196.80734999999999,1
0.46,0.0008544433454337793,33.59818286283781,33.650112624452824,0.01,0.0057462,342.5,196.80734999999999,1
0.46,0.0005262292401620314,42.81332398719393,42.87949304406842,0.01,0.0057462,342.5,196.80734999999999,1
0.46,0.0003240975209931775,54.5559478116852,54.64026074168845,0.01,0.0057462,342.5,196.80734999999999,1
0.46,0.00019961051167879528,69.51927961775606,69.62671152761979,0.01,0.0057462,342.5,196.80734999999999,1
0.46,0.00012294080787658566,88.58667904100822,88.72356938836482,0.01,0.0057462,342.5,196.80734999999999,1
0.46,7.572021679504012e-05,112.88378916846884,113.0582161650909,0.01,0.0057462,342.5,196.80734999999999,1
0.46,4.6636843429534966e-05,143.8449888287663,144.06724653907295,0.01,0.0057462,342.5,196.80734999999999,1
0.46,2.8707242477232352e-05,183.29807108324357,183.58138840363407,0.01,0.0057462,342.5,196.80734999999999,1
0.46,1.767914486442727e-05,233.57214690901213,233.93318552379864,0.01,0.0057462,342.5,196.80734999999999,0
0.46,1.0887680356354331e-05,297.63514416313194,298.0952243341705,0.01,0.0057462,342.5,196.80734999999999,0
0.46,6.704789436488495e-06,379.26901907322497,379.85523982260736,0.01,0.0057462,342.5,196.80734999999999,1
0.46,4.129078572388285e-06,483.2930238571752,484.0400240851433,0.01,0.0057462,342.5,196.80734999999999,1
0.46,2.5428651316859663e-06,615.8482110660261,616.8000912134435,0.01,0.0057462,342.5,196.80734999999999,1
0.46,1.566010760873183e-06,784.7599703514607,785.9729253606893,0.01,0.0057462,342.5,196.80734999999999,1
0.46,9.644215790043498e-07,1000.0,1001.5456371788166,0.01,0.0057462,342.5,196.80734999999999,1
0.47,0.009052473941848866,10.0,10.01560777198106,0.01,0.0044557,342.5,152.607725,1
0.47,0.005575024058705541,12.742749857031335,12.762640238652775,0.01,0.0044557,342.5,152.607725,1
0.47,0.0034334819611779154,16.237767391887218,16.263115655150635,0.01,0.0044557,342.5,152.607725,1
0.47,0.0021146195511457648,20.6913808111479,20.723684688348875,0.01,0.0044557,342.5,152.607725,1
0.47,0.001302030392123106,26.366508987303583,26.407655767185087,0.01,0.0044557,342.5,152.607725,1
0.47,0.0008018641786105136,33.59818286283781,33.6506117672079,0.01,0.0044557,342.5,152.607725,1
0.47,0.000493847077245465,42.81332398719393,42.88012905545291,0.01,0.0044557,342.5,152.607725,1
0.47,0.0003041537696107233,54.5559478116852,54.641071155111554,0.01,0.0044557,342.5,152.607725,1
0.47,0.00018732722201736051,69.51927961775606,69.6277441676979,0.01,0.0044557,342.5,152.607725,1
0.47,0.00011537548638822531,88.58667904100822,88.72488519563866,0.01,0.0044557,342.5,152.607725,1
0.47,7.106067604423263e-05,112.88378916846884,113.05989279541714,0.01,0.0044557,342.5,152.607725,1
0.47,4.376698644954178e-05,143.8449888287663,144.0693829502664,0.01,0.0044557,342.5,152.607725,1
0.47,2.6940710278871864e-05,183.29807108324357,183.58411161904985,0.01,0.0044557,342.5,152.607725,0
0.47,1.6591240172262026e-05,233.57214690901213,233.936655789313,0.01,0.0044557,342.5,152.607725,0
0.47,1.0217696381748474e-05,297.63514416313194,298.0996465834998,0.01,0.0044557,342.5,152.607725,0
0.47,6.292202212002314e-06,379.26901907322497,379.8608744677352,0.01,0.0044557,342.5,152.607725,1
0.47,3.874990663824086e-06,483.2930238571752,484.0472041005761,0.01,0.0044557,342.5,152.607725,1
0.47,2.386386769044662e-06,615.8482110660261,616.8092404846205,0.01,0.0044557,342.5,152.607725,1
0.47,1.4696443303854338e-06,784.7599703514607,785.9845840217273,0.01,0.0044557,342.5,152.607725,1
0.47,9.050746861511006e-07,1000.0,1001.5604935036256,0.01,0.0044557,342.5,152.607725,1
0.47239,0.008917852757891281,10.0,10.01564136678209,0.01,0.0035735,342.5,122.392375,1
0.47239,0.005492117001132453,12.742749857031335,12.762683051726833,0.01,0.0035735,342.5,122.392375,1
0.47239,0.0033824223022901126,16.237767391887218,16.263170216451233,0.01,0.0035735,342.5,122.392375,1
0.47239,0.0020831729619357644,20.6913808111479,20.72375422207352,0.01,0.0035735,342.5,122.392375,1
0.47239,0.0012826675155541284,26.366508987303583,26.407744331596408,0.01,0.0035735,342.5,122.392375,1
0.47239,0.0007899393990433506,33.59818286283781,33.65072461528957,0.01,0.0035735,342.5,122.392375,1
0.47239,0.00048650291120212817,42.81332398719393,42.880272847313634,0.01,0.0035735,342.5,122.392375,1
0.47239,0.0002996305937837835,54.5559478116852,54.641254376448686,0.01,0.0035735,342.5,122.392375,1
0.47239,0.00018454141323114424,69.51927961775606,69.6279776308849,0.01,0.0035735,342.5,122.392375,1
0.47239,0.0001136596969254062,88.58667904100822,88.72518267834823,0.01,0.0035735,342.5,122.392375,1
0.47239,7.000390786826876e-05,112.88378916846884,113.06027185438569,0.01,0.0035735,342.5,122.392375,1
0.47239,4.311611252130462e-05,143.8449888287663,144.06986595826015,0.01,0.0035735,342.5,122.392375,0
0.47239,2.654006665297185e-05,183.29807108324357,183.58472729389104,0.01,0.0035735,342.5,122.392375,0
0.47239,1.6344506991203046e-05,233.57214690901213,233.93744036006657,0.01,0.0035735,342.5,122.392375,0
0.47239,1.0065746224250477e-05,297.63514416313194,298.10064638235934,0.01,0.0035735,342.5,122.392375,0
0.47239,6.198628808984239e-06,379.26901907322497,379.8621483695849,0.01,0.0035735,342.5,122.392375,1
0.47239,3.817364377399876e-06,483.2930238571752,484.0488273855718,0.01,0.0035735,342.5,122.392375,1
0.47239,2.3508980011747205e-06,615.8482110660261,616.8113089863834,0.01,0.0035735,342.5,122.392375,1
0.47239,1.4477887473204657e-06,784.7599703514607,785.9872198558171,0.01,0.0035735,342.5,122.392375,1
0.47239,8.916150100636287e-07,1000.0,1001.5638522776057,0.01,0.0035735,342.5,122.392375,1
