#  m  [GeV] ,  tau  [ps] ,  c ,  BR_theo(B0->K0  mu  mu) 

0.20000000000000004,293865.55921992974,0.1,0.0
0.20000000000000004,180976.65241687835,0.12742749857031338,0.0
0.20000000000000004,111454.243660524,0.16237767391887217,0.0
0.20000000000000004,68639.02469342883,0.20691380811147897,0.0
0.20000000000000004,42271.39208194523,0.26366508987303583,0.0
0.20000000000000004,26032.98746760719,0.33598182862837817,0.0
0.20000000000000004,16032.658303677024,0.42813323987193935,0.0
0.20000000000000004,9874.03929627355,0.5455594781168519,0.0
0.20000000000000004,6081.325738401044,0.6951927961775606,0.0
0.20000000000000004,3745.6393665599494,0.8858667904100825,0.0
0.20000000000000004,2307.2440690779626,1.1288378916846888,0.0
0.20000000000000004,1421.177140979558,1.438449888287663,0.0
0.20000000000000004,874.6545319984223,1.8329807108324356,0.0
0.20000000000000004,538.7891779285892,2.3357214690901213,0.0
0.20000000000000004,331.8836515776726,2.9763514416313175,0.0
0.20000000000000004,204.28944735383163,3.79269019073225,0.0
0.20000000000000004,125.67737634747336,4.832930238571752,0.0
0.20000000000000004,77.39207786281278,6.158482110660261,0.0
0.20000000000000004,47.671360088236334,7.847599703514611,0.0
0.20000000000000004,29.352667534800055,10.0,0.0
0.21357941055617136,240330.5061133476,0.1,9.536209377790428e-12
0.21357941055617136,148007.16381132876,0.12742749857031338,1.5484930425235094e-11
0.21357941055617136,91150.01399346486,0.16237767391887217,2.5145025986717308e-11
0.21357941055617136,56134.66188851413,0.20691380811147897,4.083348689969907e-11
0.21357941055617136,34570.54955164681,0.26366508987303583,6.631766126952009e-11
0.21357941055617136,21290.366934879472,0.33598182862837817,1.0773233150092386e-10
0.21357941055617136,13111.833459440713,0.42813323987193935,1.7509561994728804e-10
0.21357941055617136,8075.14328776841,0.5455594781168519,2.8484690652076175e-10
0.21357941055617136,4973.348469320819,0.6951927961775606,4.6417319824941306e-10
0.21357941055617136,3063.1478028166216,0.8858667904100825,7.585627412570689e-10
0.21357941055617136,1886.7770901250624,1.1288378916846888,1.2453699228222144e-09
0.21357941055617136,1162.150885100212,1.438449888287663,2.0411214285071926e-09
0.21357941055617136,715.1838319628694,1.8329807108324356,3.4031745806650285e-09
0.21357941055617136,440.6173030487065,2.3357214690901213,5.273194968390734e-09
0.21357941055617136,271.402874642423,2.9763514416313175,8.649343850862971e-09
0.21357941055617136,167.07459600922985,3.79269019073225,1.3671990285626026e-08
0.21357941055617136,102.78176196916128,4.832930238571752,2.2326071532569656e-08
0.21357941055617136,63.29372719450075,6.158482110660261,3.6105849589836065e-08
0.21357941055617136,38.98568457159333,7.847599703514611,5.941311676448613e-08
0.21357941055617136,24.005381519754685,10.0,9.545233878100934e-08
0.228080823067608,196469.5366662773,0.1,2.158940022429725e-11
0.228080823067608,120995.44662345956,0.12742749857031338,3.5056941859195615e-11
0.228080823067608,74514.87291513575,0.16237767391887217,5.692680289158787e-11
0.228080823067608,45889.90846184787,0.20691380811147897,9.244448919138596e-11
0.228080823067608,28261.29387222788,0.26366508987303583,1.501389725010992e-10
0.228080823067608,17404.766564567384,0.33598182862837817,2.438987613148432e-10
0.228080823067608,10718.820796822942,0.42813323987193935,3.9640337881102233e-10
0.228080823067608,6601.32141750642,0.5455594781168519,6.448677058042908e-10
0.228080823067608,4065.59324934312,0.6951927961775606,1.050832693957801e-09
0.228080823067608,2503.991375540034,0.8858667904100825,1.7172552895923615e-09
0.228080823067608,1542.2965417918206,1.1288378916846888,2.819188679704877e-09
0.228080823067608,949.9369704210001,1.438449888287663,4.620400206450555e-09
0.228080823067608,584.5356918321831,1.8329807108324356,7.702931835612782e-09
0.228080823067608,360.18633699670164,2.3357214690901213,1.1937626735173305e-08
0.228080823067608,221.8520924615016,2.9763514416313175,1.9579911663488358e-08
0.228080823067608,136.5846094851318,3.79269019073225,3.095291579831049e-08
0.228080823067608,84.02355318495479,4.832930238571752,5.054471778245567e-08
0.228080823067608,51.743021955069686,6.158482110660261,8.174235895523256e-08
0.228080823067608,31.869614812163736,7.847599703514611,1.3450315298567212e-07
0.228080823067608,19.624384973063567,10.0,2.1609886990901057e-07
0.24356683874973065,161145.15666952796,0.1,2.5003473990525063e-11
0.24356683874973065,99240.98248228226,0.12742749857031338,4.060072576635302e-11
0.24356683874973065,61117.41479844644,0.16237767391887217,6.59290085602925e-11
0.24356683874973065,37639.09416746765,0.20691380811147897,1.0706332802934749e-10
0.24356683874973065,23180.026387082227,0.26366508987303583,1.7388137459860169e-10
0.24356683874973065,14275.453028405693,0.33598182862837817,2.8246785477884806e-10
0.24356683874973065,8791.60792253671,0.42813323987193935,4.5908847419018366e-10
0.24356683874973065,5414.413123036583,0.5455594781168519,7.468422516286395e-10
0.24356683874973065,3334.5937469654696,0.6951927961775606,1.2169992808400446e-09
0.24356683874973065,2053.7572229382718,0.8858667904100825,1.98878977460388e-09
0.24356683874973065,1264.9676952335044,1.1288378916846888,3.264926682370262e-09
0.24356683874973065,779.1163242547104,1.438449888287663,5.350875530131886e-09
0.24356683874973065,479.4111469135916,1.8329807108324356,8.920534732757555e-09
0.24356683874973065,295.42260917998954,2.3357214690901213,1.3825225719965743e-08
0.24356683874973065,181.95984648855634,2.9763514416313175,2.267568947678828e-08
0.24356683874973065,112.0276303127061,3.79269019073225,3.58478151142267e-08
0.24356683874973065,68.91642773661799,4.832930238571752,5.8537642938100354e-08
0.24356683874973065,42.43997809329265,6.158482110660261,9.466910445716567e-08
0.24356683874973065,26.13936010961506,7.847599703514611,1.5577162229751334e-07
0.24356683874973065,16.096017355527955,10.0,2.5027220098843823e-07
0.2601043092559875,132306.56096798825,0.1,2.5720685717387195e-11
0.2601043092559875,81480.78001660177,0.12742749857031338,4.176533647719984e-11
0.2601043092559875,50179.819608139995,0.16237767391887217,6.782014746381146e-11
0.2601043092559875,30903.187495759117,0.20691380811147897,1.1013438167178083e-10
0.2601043092559875,19031.719411053564,0.26366508987303583,1.788690621357605e-10
0.2601043092559875,11720.711332297788,0.33598182862837817,2.9057026340977567e-10
0.2601043092559875,7218.256658016124,0.42813323987193935,4.722570640773012e-10
0.2601043092559875,4445.445330323635,0.5455594781168519,7.682646111448127e-10
0.2601043092559875,2737.830634995919,0.6951927961775606,1.2519069019611453e-09
0.2601043092559875,1686.2125664479631,0.8858667904100825,2.045832912047946e-09
0.2601043092559875,1038.5846695130826,1.1288378916846888,3.3585666494164146e-09
0.2601043092559875,639.6820141608973,1.438449888287663,5.5043336302869944e-09
0.2601043092559875,393.6120266649169,1.8329807108324356,9.17633342414978e-09
0.2601043092559875,242.55318603644488,2.3357214690901213,1.422176668770249e-08
0.2601043092559875,149.39570467707532,2.9763514416313175,2.332604533421789e-08
0.2601043092559875,91.97916944519034,3.79269019073225,3.6876109000406586e-08
0.2601043092559875,56.58311714915696,4.832930238571752,6.021676318277059e-08
0.2601043092559875,34.84492389698929,6.158482110660261,9.738469378654812e-08
0.2601043092559875,21.461422534985097,7.847599703514611,1.6023964016597153e-07
0.2601043092559875,13.215471078753978,10.0,2.5745118481455837e-07
0.27776462527006957,108681.316644286,0.1,2.5132830017806113e-11
0.27776462527006957,66931.21208897445,0.12742749857031338,4.081077458564472e-11
0.27776462527006957,41219.489813696586,0.16237767391887217,6.627009408440544e-11
0.27776462527006957,25384.978667559153,0.20691380811147897,1.0761722392642378e-10
0.27776462527006957,15633.332808498491,0.26366508987303583,1.7478095909561224e-10
0.27776462527006957,9627.811161753107,0.33598182862837817,2.839292281135746e-10
0.27776462527006957,5929.335312007831,0.42813323987193935,4.6146364783093386e-10
0.27776462527006957,3651.650120425391,0.5455594781168519,7.507062909249729e-10
0.27776462527006957,2248.9553596622827,0.6951927961775606,1.2232962126928517e-09
0.27776462527006957,1385.1195193073663,0.8858667904100825,1.9990811771058344e-09
0.27776462527006957,853.1354663340809,1.1288378916846888,3.281824865293822e-09
0.27776462527006957,525.4618846970903,1.438449888287663,5.378574270242024e-09
0.27776462527006957,323.3315263314983,1.8329807108324356,8.966732609933831e-09
0.27776462527006957,199.242443848633,2.3357214690901213,1.3896766715358423e-08
0.27776462527006957,122.71964260720824,2.9763514416313175,2.2793049156176613e-08
0.27776462527006957,75.5549041908169,3.79269019073225,3.60332642522288e-08
0.27776462527006957,46.47939974626557,4.832930238571752,5.8840504830499736e-08
0.27776462527006957,28.62284215059249,6.158482110660261,9.515887067324774e-08
0.27776462527006957,17.629217426907726,7.847599703514611,1.565776718010332e-07
0.27776462527006957,10.855657428849925,10.0,2.5156702690165935e-07
0.29662402469268634,89296.37502216596,0.1,2.386416002090814e-11
0.29662402469268634,54993.02777282512,0.12742749857031338,3.8750704262898854e-11
0.29662402469268634,33867.376947045865,0.16237767391887217,6.2924874377555e-11
0.29662402469268634,20857.188678571834,0.20691380811147897,1.0218486430866093e-10
0.29662402469268634,12844.895629119403,0.26366508987303583,1.6595828763752678e-10
0.29662402469268634,7910.5495503619595,0.33598182862837817,2.6959697448854947e-10
0.29662402469268634,4871.753229756446,0.42813323987193935,4.3816994610321555e-10
0.29662402469268634,3000.3283700265956,0.5455594781168519,7.128128252054019e-10
0.29662402469268634,1847.8263109826728,0.6951927961775606,1.1615496101702246e-09
0.29662402469268634,1138.0695345882457,0.8858667904100825,1.898181772872398e-09
0.29662402469268634,700.973635638332,1.1288378916846888,3.1161970282647366e-09
0.29662402469268634,431.7444186405336,1.438449888287663,5.107148704065752e-09
0.29662402469268634,265.66744596454004,1.8329807108324356,8.514327046589351e-09
0.29662402469268634,163.7055154181294,2.3357214690901213,1.319535379866994e-08
0.29662402469268634,100.83180716847464,2.9763514416313175,2.164271381965559e-08
0.29662402469268634,62.078466934997635,3.79269019073225,3.421430726156796e-08
0.29662402469268634,38.189120112158164,4.832930238571752,5.587034488088123e-08
0.29662402469268634,23.517499816685582,6.158482110660261,9.035527117616337e-08
0.29662402469268634,14.484843389686914,7.847599703514611,1.4867447773819595e-07
0.29662402469268634,8.919386306136168,10.0,2.3886822472618526e-07
0.31676392175331586,73377.44866606386,0.1,2.2251056734186095e-11
0.31676392175331586,45189.38324317611,0.12742749857031338,3.613134202029607e-11
0.31676392175331586,27829.817203715425,0.16237767391887217,5.867145518041464e-11
0.31676392175331586,17138.96467715388,0.20691380811147897,9.527766315242776e-11
0.31676392175331586,10555.029262197544,0.26366508987303583,1.5474032953446875e-10
0.31676392175331586,6500.333244214848,0.33598182862837817,2.5137361506029217e-10
0.31676392175331586,4003.266177228933,0.42813323987193935,4.085521328866069e-10
0.31676392175331586,2465.462566294977,0.5455594781168519,6.646313763024967e-10
0.31676392175331586,1518.4189194820874,0.6951927961775606,1.083038595402205e-09
0.31676392175331586,935.1919748160377,0.8858667904100825,1.7698867697543005e-09
0.31676392175331586,576.0182941508813,1.1288378916846888,2.9055958874872417e-09
0.31676392175331586,354.783619553073,1.438449888287663,4.76201810124829e-09
0.31676392175331586,218.31370667259964,1.8329807108324356,7.939052999083376e-09
0.31676392175331586,134.52257321250588,2.3357214690901213,1.230349803306703e-08
0.31676392175331586,82.85750972031217,2.9763514416313175,2.0180027453264682e-08
0.31676392175331586,51.011607622151686,3.79269019073225,3.190152827506514e-08
0.31676392175331586,31.38113642744203,4.832930238571752,5.2093804675752794e-08
0.31676392175331586,19.32498871836094,6.158482110660261,8.424755460876945e-08
0.31676392175331586,11.902681444400498,7.847599703514611,1.3862550414832642e-07
0.31676392175331586,7.329318998316686,10.0,2.227218074857963e-07
0.3382712584676719,60298.87000501639,0.1,2.0489784818442286e-11
0.3382712584676719,37134.96210110201,0.12742749857031338,3.3271383020457594e-11
0.3382712584676719,22869.513980409065,0.16237767391887217,5.402734565585773e-11
0.3382712584676719,14084.16772413872,0.20691380811147897,8.773601233398946e-11
0.3382712584676719,8673.733968812907,0.26366508987303583,1.4249196110780188e-10
0.3382712584676719,5341.735624243058,0.33598182862837817,2.3147636259772114e-10
0.3382712584676719,3289.7392066213924,0.42813323987193935,3.7621375986142847e-10
0.3382712584676719,2026.0300712825688,0.5455594781168519,6.120240721014661e-10
0.3382712584676719,1247.7856212500449,0.6951927961775606,9.973153282572538e-10
0.3382712584676719,768.5121994136298,0.8858667904100825,1.6298050814394311e-09
0.3382712584676719,473.3573024512611,1.1288378916846888,2.675643246940859e-09
0.3382712584676719,291.5538384825442,1.438449888287663,4.385170011080979e-09
0.3382712584676719,179.40827100588032,1.8329807108324356,7.31089166953879e-09
0.3382712584676719,110.54650908301086,2.3357214690901213,1.1329706536046018e-08
0.3382712584676719,68.090166223146,2.9763514416313175,1.8582941545745597e-08
0.3382712584676719,41.91937235855088,3.79269019073225,2.937632336020889e-08
0.3382712584676719,25.787870501842434,4.832930238571752,4.7970371428404444e-08
0.3382712584676719,15.88053324460718,6.158482110660261,7.757884797403525e-08
0.3382712584676719,9.781236514522933,7.847599703514611,1.2765336826476638e-07
0.3382712584676719,6.022960936936778,10.0,2.050922997118913e-07
0.3612388799580982,49551.23924903113,0.1,1.8698743524787132e-11
0.3612388799580982,30516.05132028197,0.12742749857031338,3.036308434212303e-11
0.3612388799580982,18793.26757320426,0.16237767391887217,4.930474009418526e-11
0.3612388799580982,11573.815999768107,0.20691380811147897,8.00668895545385e-11
0.3612388799580982,7127.734839986383,0.26366508987303583,1.3003656277469607e-10
0.3612388799580982,4389.630249606647,0.33598182862837817,2.1124278269291814e-10
0.3612388799580982,2703.381001603082,0.42813323987193935,3.433287266398337e-10
0.3612388799580982,1664.9153120549793,0.5455594781168519,5.58527350587231e-10
0.3612388799580982,1025.3854227000738,0.6951927961775606,9.101423785624957e-10
0.3612388799580982,631.5381094693405,0.8858667904100825,1.4873533116219718e-09
0.3612388799580982,388.9920326525298,1.1288378916846888,2.441796754796219e-09
0.3612388799580982,239.59227021465526,1.438449888287663,4.00193614698198e-09
0.3612388799580982,147.4357455451118,1.8329807108324356,6.672066382260404e-09
0.3612388799580982,90.84346699064164,2.3357214690901213,1.0339439803595573e-08
0.3612388799580982,55.954591652282865,2.9763514416313175,1.6958814021163135e-08
0.3612388799580982,34.447626861009226,3.79269019073225,2.6808447057308705e-08
0.3612388799580982,21.191469457913687,4.832930238571752,4.377723759728804e-08
0.3612388799580982,13.04997517852048,6.158482110660261,7.079744926365568e-08
0.3612388799580982,8.037879693135752,7.847599703514611,1.1649564765843209e-07
0.3612388799580982,4.949430660750155,10.0,1.8716482529538087e-07
0.3857659352571108,40718.092168946016,0.1,1.6949652355189326e-11
0.3857659352571108,25076.172104960246,0.12742749857031338,2.752290434845434e-11
0.3857659352571108,15443.12591851303,0.16237767391887217,4.469274800631578e-11
0.3857659352571108,9510.634936793043,0.20691380811147897,7.257739313074405e-11
0.3857659352571108,5857.125415138422,0.26366508987303583,1.1787289207415973e-10
0.3857659352571108,3607.1237148746586,0.33598182862837817,1.9148309880600705e-10
0.3857659352571108,2221.4706747443365,0.42813323987193935,3.1121386670085953e-10
0.3857659352571108,1368.1254884998802,0.5455594781168519,5.06283415246597e-10
0.3857659352571108,842.6006697505567,0.6951927961775606,8.250104835622715e-10
0.3857659352571108,518.9622986506879,0.8858667904100825,1.3482358165366033e-09
0.3857659352571108,319.6536695013205,1.1288378916846888,2.2134207141694072e-09
0.3857659352571108,196.88568089213214,1.438449888287663,3.627663153135616e-09
0.3857659352571108,121.15747582973815,1.8329807108324356,6.048159763947972e-09
0.3857659352571108,74.6500015620952,2.3357214690901213,9.372352177029738e-09
0.3857659352571108,45.98057934771369,2.9763514416313175,1.537268242461184e-08
0.3857659352571108,28.306842172875843,3.79269019073225,2.4300725631317834e-08
0.3857659352571108,17.41382630733719,4.832930238571752,3.968231121825633e-08
0.3857659352571108,10.723631057666749,6.158482110660261,6.41749085871217e-08
0.3857659352571108,6.6050592990224,7.847599703514611,1.0559914190496546e-07
0.3857659352571108,4.0671294726373945,10.0,1.6965726295803134e-07
0.41195830532431943,33458.11670097159,0.1,1.5284962168941742e-11
0.41195830532431943,20605.128000953126,0.12742749857031338,2.4819774892064893e-11
0.41195830532431943,12689.639869361514,0.16237767391887217,4.030330357876048e-11
0.41195830532431943,7814.903463767046,0.20691380811147897,6.544929508978547e-11
0.41195830532431943,4812.8095567184255,0.26366508987303583,1.0629616482088956e-10
0.41195830532431943,2963.9801774208704,0.33598182862837817,1.7267688547150388e-10
0.41195830532431943,1825.3874438042355,0.42813323987193935,2.806486234372573e-10
0.41195830532431943,1124.192912865231,0.5455594781168519,4.5656026618206846e-10
0.41195830532431943,692.3688761388526,0.6951927961775606,7.439859031799613e-10
0.41195830532431943,426.4351996491604,0.8858667904100825,1.2158292858673857e-09
0.41195830532431943,262.66337956315084,1.1288378916846888,1.9960586869171272e-09
0.41195830532431943,161.78422835279443,1.438449888287663,3.271436586280668e-09
0.41195830532431943,99.55842955608878,1.8329807108324356,5.454319545999084e-09
0.41195830532431943,61.340447488322376,2.3357214690901213,8.45191694466321e-09
0.41195830532431943,37.78278853358828,2.9763514416313175,1.3863047987811792e-08
0.41195830532431943,23.259734363143455,3.79269019073225,2.1914020910063008e-08
0.41195830532431943,14.308974164190543,4.832930238571752,3.578497784172915e-08
0.41195830532431943,8.811609624909778,6.158482110660261,5.78719539827242e-08
0.41195830532431943,5.4274144243564235,7.847599703514611,9.522832714950037e-08
0.41195830532431943,3.3419652308136114,10.0,1.5299452452440609e-07
0.439929060124437,27491.18318005989,0.1,1.3728298355090412e-11
0.439929060124437,16930.401632073088,0.12742749857031338,2.2292058968340425e-11
0.439929060124437,10426.56488051055,0.16237767391887217,3.619870213898136e-11
0.439929060124437,6421.191033197913,0.20691380811147897,5.878375807047214e-11
0.439929060124437,3954.491935707841,0.26366508987303583,9.54706794952229e-11
0.439929060124437,2435.3837760765737,0.33598182862837817,1.5509104469914943e-10
0.439929060124437,1499.8484367492317,0.42813323987193935,2.5206679139742146e-10
0.439929060124437,923.7055730751472,0.5455594781168519,4.1006361354726617e-10
0.439929060124437,568.8935744789392,0.6951927961775606,6.68218660175142e-10
0.439929060124437,350.3869595723402,0.8858667904100825,1.092013204074579e-09
0.439929060124437,215.82255715427397,1.1288378916846888,1.7927965715769002e-09
0.439929060124437,132.93384051156448,1.438449888287663,2.938314493035094e-09
0.439929060124437,81.80555203613697,1.8329807108324356,4.898980615748841e-09
0.439929060124437,50.401297655073826,2.3357214690901213,7.59119940875176e-09
0.439929060124437,31.044957312628195,2.9763514416313175,1.2451342713734173e-08
0.439929060124437,19.111553848849553,3.79269019073225,1.9682203621402894e-08
0.439929060124437,11.75711168273887,4.832930238571752,3.214054950892354e-08
0.439929060124437,7.24013307692685,6.158482110660261,5.197803379452727e-08
0.439929060124437,4.459508181093633,7.847599703514611,8.553040660077415e-08
0.439929060124437,2.7459570139691234,10.0,1.3741308702432892e-07
0.4697989467395386,22587.175197884066,0.1,1.229103685510219e-11
0.4697989467395386,13910.276200457372,0.12742749857031338,1.9958228880049984e-11
0.4697989467395386,8566.624892077,0.16237767391887217,3.240893975502986e-11
0.4697989467395386,5275.748810595853,0.20691380811147897,5.2629493375061825e-11
0.4697989467395386,3249.071391645847,0.26366508987303583,8.547554853517391e-11
0.4697989467395386,2000.949173637612,0.33598182862837817,1.3885409527435165e-10
0.4697989467395386,1232.299321844296,0.42813323987193935,2.2567725512014523e-10
0.4697989467395386,758.9318358148313,0.5455594781168519,3.671332887081353e-10
0.4697989467395386,467.41316976572136,0.6951927961775606,5.982625786758802e-10
0.4697989467395386,287.8850657885225,0.8858667904100825,9.77692794053695e-10
0.4697989467395386,177.32511886061263,1.1288378916846888,1.6051209445871338e-09
0.4697989467395386,109.22218904374442,1.438449888287663,2.6307339220909105e-09
0.4697989467395386,67.21451139896045,1.8329807108324356,4.386208885609267e-09
0.4697989467395386,41.41072348403882,2.3357214690901213,6.7964921993542894e-09
0.4697989467395386,25.507286825507478,2.9763514416313175,1.1147890871171291e-08
0.4697989467395386,15.702320972868934,3.79269019073225,1.7621582018203002e-08
0.4697989467395386,9.659826346442578,4.832930238571752,2.877566018662332e-08
0.4697989467395386,5.948595633304625,6.158482110660261,4.6536216292493046e-08
0.4697989467395386,3.6640157333603636,7.847599703514611,7.657627287311479e-08
0.4697989467395386,2.256119503378484,10.0,1.2302681611230826e-07
0.5016969106227039,18556.963029691113,0.1,1.0976584467189222e-11
0.5016969106227039,11428.276486124281,0.12742749857031338,1.7823816608152882e-11
0.5016969106227039,7038.088827110484,0.16237767391887217,2.8942999506369848e-11
0.5016969106227039,4334.401314079176,0.20691380811147897,4.700108892766429e-11
0.5016969106227039,2669.3424992796085,0.26366508987303583,7.633446465650163e-11
0.5016969106227039,1643.9219145981517,0.33598182862837817,1.2400452742058613e-10
0.5016969106227039,1012.4218437808101,0.42813323987193935,2.0154257780280116e-10
0.5016969106227039,623.5171566658237,0.5455594781168519,3.278710883864271e-10
0.5016969106227039,384.01415080897345,0.6951927961775606,5.342835990285194e-10
0.5016969106227039,236.51930350502758,0.8858667904100825,8.731394087193959e-10
0.5016969106227039,145.68664517917298,1.1288378916846888,1.433477780233744e-09
0.5016969106227039,89.73504620877416,1.438449888287663,2.3494264835445283e-09
0.5016969106227039,55.222843472088186,1.8329807108324356,3.917227098948737e-09
0.5016969106227039,34.02202666817568,2.3357214690901213,6.069681550103467e-09
0.5016969106227039,20.956248605159864,2.9763514416313175,9.955789500291534e-09
0.5016969106227039,12.90055076731,3.79269019073225,1.5737038887244532e-08
0.5016969106227039,7.936234112170007,4.832930238571752,2.5698286610085815e-08
0.5016969106227039,4.88718626479573,6.158482110660261,4.1559396627184185e-08
0.5016969106227039,3.0102600941102846,7.847599703514611,6.838717073452427e-08
0.5016969106227039,1.8535613648910378,10.0,1.0986981019495246e-07
0.5357606522432464,15245.059181248025,0.1,9.783226889507695e-12
0.5357606522432464,9388.645778112426,0.12742749857031338,1.5886038473032794e-11
0.5357606522432464,5781.985067027146,0.16237767391887217,2.5796361181912207e-11
0.5357606522432464,3560.8309531907644,0.20691380811147897,4.189120439835402e-11
0.5357606522432464,2192.9391037792743,0.26366508987303583,6.803550688869278e-11
0.5357606522432464,1350.5278018369002,0.33598182862837817,1.1052297726823356e-10
0.5357606522432464,831.7331367759506,0.42813323987193935,1.7963129318025304e-10
0.5357606522432464,512.2373157441946,0.5455594781168519,2.922258409969059e-10
0.5357606522432464,315.47911844613907,0.6951927961775606,4.761983901813803e-10
0.5357606522432464,194.30816151107646,0.8858667904100825,7.782170316844329e-10
0.5357606522432464,119.68673771846848,1.1288378916846888,1.277644242832221e-09
0.5357606522432464,73.72078401692389,1.438449888287663,2.0940276131516896e-09
0.5357606522432464,45.36811105939406,1.8329807108324356,3.491430266426258e-09
0.5357606522432464,27.950176062570392,2.3357214690901213,5.40982184418598e-09
0.5357606522432464,17.216292855299077,2.9763514416313175,8.873490630116543e-09
0.5357606522432464,10.598146994959613,3.79269019073225,1.4026114971271428e-08
0.5357606522432464,6.519838459255526,4.832930238571752,2.2904416005712683e-08
0.5357606522432464,4.014954385345633,6.158482110660261,3.7041080567550747e-08
0.5357606522432464,2.4730208638651296,7.847599703514611,6.095243858784156e-08
0.5357606522432464,1.5227516450806289,10.0,9.79249081475418e-08
0.5721372215265124,12523.61679511797,0.1,8.706049651675814e-12
0.5721372215265124,7712.649803536965,0.12742749857031338,1.4136914349188909e-11
0.5721372215265124,4749.825232757916,0.16237767391887217,2.295606637842959e-11
0.5721372215265124,2925.1762234339353,0.20691380811147897,3.727879650413744e-11
0.5721372215265124,1801.4710212153136,0.26366508987303583,6.054449925326874e-11
0.5721372215265124,1109.44123503895,0.33598182862837817,9.835392777152791e-11
0.5721372215265124,683.2583016517043,0.42813323987193935,1.5985317528959182e-10
0.5721372215265124,420.7967748041461,0.5455594781168519,2.6005078251769713e-10
0.5721372215265124,259.1626040428598,0.6951927961775606,4.237678428252549e-10
0.5721372215265124,159.62235510861655,0.8858667904100825,6.925350544058751e-10
0.5721372215265124,98.32192076039858,1.1288378916846888,1.1369794757151756e-09
0.5721372215265124,60.56136859341402,1.438449888287663,1.8634875615208378e-09
0.5721372215265124,37.270061045871905,1.8329807108324356,3.107070712992818e-09
0.5721372215265124,22.960806780932877,2.3357214690901213,4.814197660399232e-09
0.5721372215265124,14.143073466808374,2.9763514416313175,7.896543081597641e-09
0.5721372215265124,8.706229707426658,3.79269019073225,1.2481763096497993e-08
0.5721372215265124,5.355963738365711,4.832930238571752,2.0382543314951815e-08
0.5721372215265124,3.298229192010344,6.158482110660261,3.296265776829463e-08
0.5721372215265124,2.0315608177766347,7.847599703514611,5.424147509190874e-08
0.5721372215265124,1.2509202974939515,10.0,8.714291698675887e-08
0.6109836526543906,10287.511829859024,0.1,7.73824234441694e-12
0.6109836526543906,6335.548096408192,0.12742749857031338,1.2565385477650504e-11
0.6109836526543906,3901.7390076657402,0.16237767391887217,2.0404157484859307e-11
0.6109836526543906,2402.883040386205,0.20691380811147897,3.313470363746376e-11
0.6109836526543906,1479.8166349059657,0.26366508987303583,5.381408074517647e-11
0.6109836526543906,911.3495577179898,0.33598182862837817,8.742044275001667e-11
0.6109836526543906,561.2621101551073,0.42813323987193935,1.4208318531215724e-10
0.6109836526543906,345.66344837804536,0.5455594781168519,2.3114251288381707e-10
0.6109836526543906,212.88931425111002,0.6951927961775606,3.7666054931560254e-10
0.6109836526543906,131.12216104264138,0.8858667904100825,6.155520118376803e-10
0.6109836526543906,80.76704981051361,1.1288378916846888,1.0105948957337184e-09
0.6109836526543906,49.748594036606264,1.438449888287663,1.6563504825120024e-09
0.6109836526543906,30.616005311005967,1.8329807108324356,2.7617233229653384e-09
0.6109836526543906,18.861206080497766,2.3357214690901213,4.279044900507437e-09
0.6109836526543906,11.617896728847992,2.9763514416313175,7.018775206618671e-09
0.6109836526543906,7.151716244668202,3.79269019073225,1.1094218078625362e-08
0.6109836526543906,4.399652011322326,4.832930238571752,1.8116724628857365e-08
0.6109836526543906,2.709324433544103,6.158482110660261,2.9298339937150835e-08
0.6109836526543906,1.6688282869915183,7.847599703514611,4.821186433712781e-08
0.6109836526543906,1.027566961521079,10.0,7.745566659453348e-08
0.6524676419669064,8450.306210939534,0.1,6.871984409433226e-12
0.6524676419669064,5204.107911338108,0.12742749857031338,1.1158752814649066e-11
0.6524676419669064,3204.9430857934744,0.16237767391887217,1.812001332805869e-11
0.6524676419669064,1973.7618443323274,0.20691380811147897,2.9425438765244196e-11
0.6524676419669064,1215.5422152031033,0.26366508987303583,4.778986537735559e-11
0.6524676419669064,748.5954466742705,0.33598182862837817,7.763417380703086e-11
0.6524676419669064,461.02877160732714,0.42813323987193935,1.2617773562923207e-10
0.6524676419669064,283.93307405317466,0.5455594781168519,2.0526745438925033e-10
0.6524676419669064,174.87060438573684,0.6951927961775606,3.344959187698872e-10
0.6524676419669064,107.70597854513488,0.8858667904100825,5.466460413114629e-10
0.6524676419669064,66.34363379295198,1.1288378916846888,8.974698667306633e-10
0.6524676419669064,40.86457407344392,1.438449888287663,1.4709440150458433e-09
0.6524676419669064,25.1488208665771,1.8329807108324356,2.452601617258561e-09
0.6524676419669064,15.492914075491719,2.3357214690901213,3.800040588928397e-09
0.6524676419669064,9.543164548592141,2.9763514416313175,6.233098265138892e-09
0.6524676419669064,5.874514704816801,3.79269019073225,9.852266680183742e-09
0.6524676419669064,3.6139366484104647,4.832930238571752,1.6088650990716602e-08
0.6524676419669064,2.2254752028969156,6.158482110660261,2.6018514623709912e-08
0.6524676419669064,1.3708024273906092,7.847599703514611,4.2814894470582325e-08
0.6524676419669064,0.8440577376598652,10.0,6.878487602868922e-08
0.6967682718913346,6940.9304938310925,0.1,6.099043025506498e-12
0.6967682718913346,4274.561247520765,0.12742749857031338,9.903647881252341e-12
0.6967682718913346,2632.483008753288,0.16237767391887217,1.6081925676072978e-11
0.6967682718913346,1621.2127628307387,0.20691380811147897,2.611574954352561e-11
0.6967682718913346,998.4247373802787,0.26366508987303583,4.241460006619378e-11
0.6967682718913346,614.8830404641677,0.33598182862837817,6.890211478256464e-11
0.6967682718913346,378.68095296107896,0.42813323987193935,1.1198566776767322e-10
0.6967682718913346,233.217756703328,0.5455594781168519,1.8217971083163036e-10
0.6967682718913346,143.63583906843502,0.6951927961775606,2.968732799223465e-10
0.6967682718913346,88.46805843391746,0.8858667904100825,4.851624443706202e-10
0.6967682718913346,54.49380312362359,1.1288378916846888,7.965297877393845e-10
0.6967682718913346,33.56571059329134,1.438449888287663,1.3055072721658366e-09
0.6967682718913346,20.657088575464886,1.8329807108324356,2.1767711725043234e-09
0.6967682718913346,12.725643239483379,2.3357214690901213,3.372633501045577e-09
0.6967682718913346,7.838629819362693,2.9763514416313175,5.532048760856846e-09
0.6967682718913346,4.825217641855182,3.79269019073225,8.744104783838313e-09
0.6967682718913346,2.9684236320358774,4.832930238571752,1.4279048169007128e-08
0.6967682718913346,1.8279642324237342,6.158482110660261,2.3092008903634625e-08
0.6967682718913346,1.1259551829326961,7.847599703514611,3.799928283890465e-08
0.6967682718913346,0.6932938319628731,10.0,6.104813803999694e-08
0.7440767840239668,5700.955994705616,0.1,5.411171099473394e-12
0.7440767840239668,3510.9248952556286,0.12742749857031338,8.78667902264641e-12
0.7440767840239668,2162.198569355979,0.16237767391887217,1.4268148659306692e-11
0.7440767840239668,1331.5884563886148,0.20691380811147897,2.3170322494260043e-11
0.7440767840239668,820.0594913158081,0.26366508987303583,3.763093239106549e-11
0.7440767840239668,505.03628660283476,0.33598182862837817,6.113109797112253e-11
0.7440767840239668,311.0309574823655,0.42813323987193935,9.935556010547343e-11
0.7440767840239668,191.5543173152839,0.5455594781168519,1.6163295598915917e-10
0.7440767840239668,117.9759492181981,0.6951927961775606,2.633912547901915e-10
0.7440767840239668,72.6637430017238,0.8858667904100825,4.304453499210788e-10
0.7440767840239668,44.75890296677242,1.1288378916846888,7.066980823296979e-10
0.7440767840239668,27.56951042818908,1.438449888287663,1.1582760588393826e-09
0.7440767840239668,16.966983690783998,1.8329807108324356,1.9312917442543125e-09
0.7440767840239668,10.45227830684418,2.3357214690901213,2.9922642703050286e-09
0.7440767840239668,6.438317113944745,2.9763514416313175,4.908149513119358e-09
0.7440767840239668,3.963205582942462,3.79269019073225,7.757907968827028e-09
0.7440767840239668,2.438124951525892,4.832930238571752,1.266860844126143e-08
0.7440767840239668,1.5014034422277682,6.158482110660261,2.0487596199990697e-08
0.7440767840239668,0.9248088502589232,7.847599703514611,3.371365584109945e-08
0.7440767840239668,0.5694390801552632,10.0,5.416290273006606e-08
0.7945974047018524,4682.350817816688,0.1,4.8003657974664775e-12
0.7945974047018524,2883.6184893532973,0.12742749857031338,7.794851212229772e-12
0.7945974047018524,1775.8727422053596,0.16237767391887217,1.265758046511622e-11
0.7945974047018524,1093.6699888280034,0.20691380811147897,2.0554890024132947e-11
0.7945974047018524,673.5372971384149,0.26366508987303583,3.338320851065804e-11
0.7945974047018524,414.8001553466076,0.33598182862837817,5.42307148429216e-11
0.7945974047018524,255.45830256925208,0.42813323987193935,8.81404749592321e-11
0.7945974047018524,157.32889946497446,0.5455594781168519,1.4338815650066593e-10
0.7945974047018524,96.89700103754481,0.6951927961775606,2.336603443910084e-10
0.7945974047018524,59.680871499118545,0.8858667904100825,3.818582846919048e-10
0.7945974047018524,36.761883271351664,1.1288378916846888,6.269299774905759e-10
0.7945974047018524,22.643740225091555,1.438449888287663,1.02753824473121e-09
0.7945974047018524,13.935604423449073,1.8329807108324356,1.7133096350863695e-09
0.7945974047018524,8.584763072124872,2.3357214690901213,2.6545083836117137e-09
0.7945974047018524,5.287989538928872,2.9763514416313175,4.354144252834506e-09
0.7945974047018524,3.2550869692024773,3.79269019073225,6.8822021420803585e-09
0.7945974047018524,2.0024989406972087,4.832930238571752,1.123859587703998e-08
0.7945974047018524,1.233142936793845,6.158482110660261,1.817497507588444e-08
0.7945974047018524,0.7595721224259847,7.847599703514611,2.9908159946439635e-08
0.7945974047018524,0.46769580638692465,10.0,4.804906528503875e-08
0.8485482266284258,3845.6336194953196,0.1,4.259029700634953e-12
0.8485482266284258,2368.3275079054188,0.12742749857031338,6.915827736992194e-12
0.8485482266284258,1458.5314634269457,0.16237767391887217,1.1230188273141202e-11
0.8485482266284258,898.2355977747806,0.20691380811147897,1.823692048711247e-11
0.8485482266284258,553.1789331782606,0.26366508987303583,2.96185939005755e-11
0.8485482266284258,340.6770874742175,0.33598182862837817,4.8115136695219224e-11
0.8485482266284258,209.80899623675919,0.42813323987193935,7.820091774484962e-11
0.8485482266284258,129.2149387170421,0.5455594781168519,1.2721838612945368e-10
0.8485482266284258,79.58199434156687,0.6951927961775606,2.0731077470554513e-10
0.8485482266284258,49.01625343320482,0.8858667904100825,3.3879699784929937e-10
0.8485482266284258,30.192809591714287,1.1288378916846888,5.562335656947998e-10
0.8485482266284258,18.597503134992277,1.438449888287663,9.116682944108705e-10
0.8485482266284258,11.445482525887584,1.8329807108324356,1.5201153112305032e-09
0.8485482266284258,7.050716175850568,2.3357214690901213,2.3551653310135075e-09
0.8485482266284258,4.34306450889526,2.9763514416313175,3.863143897588203e-09
0.8485482266284258,2.6734146177506184,3.79269019073225,6.106094563075434e-09
0.8485482266284258,1.644660711200132,4.832930238571752,9.971223645775388e-09
0.8485482266284258,1.0127847570251107,6.158482110660261,1.6125379345270285e-08
0.8485482266284258,0.6238406385226513,7.847599703514611,2.6535466032326823e-08
0.8485482266284258,0.38412041041253353,10.0,4.2630579030790066e-08
0.9061621503589182,3158.3545407325396,0.1,3.780064194638329e-12
0.9061621503589182,1945.0677572329264,0.12742749857031338,6.138081843842388e-12
0.9061621503589182,1197.867495280456,0.16237767391887217,9.967254504944219e-12
0.9061621503589182,737.7058825711889,0.20691380811147897,1.618601807573321e-11
0.9061621503589182,454.3166254060818,0.26366508987303583,2.628772282322673e-11
0.9061621503589182,279.7924247365852,0.33598182862837817,4.2704169732167825e-11
0.9061621503589182,172.312662439831,0.42813323987193935,6.940655186006748e-11
0.9061621503589182,106.12212409087498,0.5455594781168519,1.1291161580241229e-10
0.9061621503589182,65.35943020379781,0.6951927961775606,1.8399704398588526e-10
0.9061621503589182,40.25631059664347,0.8858667904100825,3.0069689465676764e-10
0.9061621503589182,24.796941065294916,1.1288378916846888,4.936820157587057e-10
0.9061621503589182,15.273896406183905,1.438449888287663,8.09147289867275e-10
0.9061621503589182,9.400066241572608,1.8329807108324356,1.3491768266853188e-09
0.9061621503589182,5.790646546284088,2.3357214690901213,2.090310279957427e-09
0.9061621503589182,3.566898801539162,2.9763514416313175,3.428711353799307e-09
0.9061621503589182,2.1956296425923068,3.79269019073225,5.419407714702554e-09
0.9061621503589182,1.3507325027533794,4.832930238571752,8.849872669798303e-09
0.9061621503589182,0.8317828012802179,6.158482110660261,1.4311931612486855e-08
0.9061621503589182,0.5123505948794127,7.847599703514611,2.3551351494984504e-08
0.9061621503589182,0.31547163440719683,10.0,3.783639018568244e-08
0.9676878897098523,2593.8453762961417,0.1,3.356916077050875e-12
0.9676878897098523,1597.4156656683351,0.12742749857031338,5.450972420996803e-12
0.9676878897098523,983.7664038373482,0.16237767391887217,8.851499718796429e-12
0.9676878897098523,605.8518783210866,0.20691380811147897,1.4374122393854584e-11
0.9676878897098523,373.11426515964445,0.26366508987303583,2.334502245960055e-11
0.9676878897098523,229.78369101646135,0.33598182862837817,3.792378163348668e-11
0.9676878897098523,141.51435476357662,0.42813323987193935,6.163705457643775e-11
0.9676878897098523,87.15440526852547,0.5455594781168519,1.0027210620447947e-10
0.9676878897098523,53.677449332032914,0.6951927961775606,1.6340019275342377e-10
0.9676878897098523,33.0611497390767,0.8858667904100825,2.67036748206179e-10
0.9676878897098523,20.364921060292694,1.1288378916846888,4.3841967238883764e-10
0.9676878897098523,12.543970019306894,1.438449888287663,7.185729356049835e-10
0.9676878897098523,7.720003516793684,1.8329807108324356,1.1981565401137988e-09
0.9676878897098523,4.755662325633905,2.3357214690901213,1.8563198764899215e-09
0.9676878897098523,2.9293775160554882,2.9763514416313175,3.0449038751735848e-09
0.9676878897098523,1.8031925570959533,3.79269019073225,4.812746105654647e-09
0.9676878897098523,1.1093091752437976,4.832930238571752,7.859200750145997e-09
0.9676878897098523,0.6831136570688883,6.158482110660261,1.2709819692259667e-08
0.9676878897098523,0.42077602285754756,7.847599703514611,2.091499086086995e-08
0.9676878897098523,0.2590857227828512,10.0,3.360090435227006e-08
1.0333910454328779,2107.218074015376,0.1,2.9453583764568805e-12
1.0333910454328779,1297.7265825033905,0.12742749857031338,4.78268210410205e-12
1.0333910454328779,799.2026376789356,0.16237767391887217,7.76629825959515e-12
1.0333910454328779,492.18747686677824,0.20691380811147897,1.2611819805407264e-11
1.0333910454328779,303.11263079775796,0.26366508987303583,2.048277853867067e-11
1.0333910454328779,186.67108955211307,0.33598182862837817,3.327377340003712e-11
1.0333910454328779,114.9606195272805,0.42813323987193935,5.407834294556155e-11
1.0333910454328779,70.79769456018585,0.5455594781168519,8.797180272178448e-11
1.0333910454328779,43.599886816759685,0.6951927961775606,1.433444675228017e-10
1.0333910454328779,26.850035721224977,0.8858667904100825,2.342260338581761e-10
1.0333910454328779,16.534555463901125,1.1288378916846888,3.8445104866459303e-10
1.0333910454328779,10.1822302128831,1.438449888287663,6.299750725687414e-10
1.0333910454328779,6.261581488652695,1.8329807108324356,1.049621741309219e-09
1.0333910454328779,3.862191907763074,2.3357214690901213,1.628218520058011e-09
1.0333910454328779,2.3784505501784254,2.9763514416313175,2.6701348476993196e-09
1.0333910454328779,1.465010357435046,3.79269019073225,4.223015226541257e-09
1.0333910454328779,0.9011063626900211,4.832930238571752,6.89499462335482e-09
1.0333910454328779,0.5549565907239805,6.158482110660261,1.115157217431004e-08
1.0333910454328779,0.3417189959342068,7.847599703514611,1.834471583330156e-08
1.0333910454328779,0.21046455425293412,10.0,2.9479353657040644e-08
1.103555251787899,1731.5035879518593,0.1,2.611351400774624e-12
1.103555251787899,1066.3435213911628,0.12742749857031338,4.240320874745862e-12
1.103555251787899,656.7058653006117,0.16237767391887217,6.885593107488587e-12
1.103555251787899,404.431221344375,0.20691380811147897,1.1181633256498471e-11
1.103555251787899,249.06829853929352,0.26366508987303583,1.8160040453416014e-11
1.103555251787899,153.38827773322566,0.33598182862837817,2.950061117758373e-11
1.103555251787899,94.46385975433795,0.42813323987193935,4.794623433859392e-11
1.103555251787899,58.17531299054498,0.5455594781168519,7.799720033456117e-11
1.103555251787899,35.82703034381196,0.6951927961775606,1.2709395663717377e-10
1.103555251787899,22.063837965760925,0.8858667904100825,2.076799475309624e-10
1.103555251787899,13.587754608835008,1.1288378916846888,3.409003697455826e-10
1.103555251787899,8.367865283122189,1.438449888287663,5.586414671752063e-10
1.103555251787899,5.146503057949017,1.8329807108324356,9.309263754245326e-10
1.103555251787899,3.173737194456099,2.3357214690901213,1.4436856676430017e-09
1.103555251787899,1.9545552048427872,2.9763514416313175,2.3676497600357263e-09
1.103555251787899,1.2037860354371315,3.79269019073225,3.744054776235216e-09
1.103555251787899,0.7404508070359452,4.832930238571752,6.113177652279082e-09
1.103555251787899,0.45600776802510756,6.158482110660261,9.886882634552039e-09
1.103555251787899,0.2808061868567831,7.847599703514611,1.6265508329613518e-08
1.103555251787899,0.17294070723938845,10.0,2.6136532499632956e-08
1.1784834009651335,1422.4300234931254,0.1,2.317812618774247e-12
1.1784834009651335,876.0011300232113,0.12742749857031338,3.763671916359616e-12
1.1784834009651335,539.4838767127239,0.16237767391887217,6.111593568874265e-12
1.1784834009651335,332.24033339265253,0.20691380811147897,9.92472602084884e-12
1.1784834009651335,204.6097755246993,0.26366508987303583,1.6118717804705286e-11
1.1784834009651335,126.00873497257706,0.33598182862837817,2.6184577997831523e-11
1.1784834009651335,77.60243728119006,0.42813323987193935,4.255699494484986e-11
1.1784834009651335,47.791519189104726,0.5455594781168519,6.923078827633342e-11
1.1784834009651335,29.432531314385756,0.6951927961775606,1.1281126686229158e-10
1.1784834009651335,18.126188700383377,0.8858667904100825,1.843467534252513e-10
1.1784834009651335,11.163191320387073,1.1288378916846888,3.026158821284189e-10
1.1784834009651335,6.874935905734791,1.438449888287663,4.959267506195947e-10
1.1784834009651335,4.228741050468945,1.8329807108324356,8.265344216574987e-10
1.1784834009651335,2.6073364832312893,2.3357214690901213,1.2814860631943965e-09
1.1784834009651335,1.605785400383723,2.9763514416313175,2.1017438699799627e-09
1.1784834009651335,0.9889003784536313,3.79269019073225,3.3231396879905295e-09
1.1784834009651335,0.6082872605072033,4.832930238571752,5.426061189288706e-09
1.1784834009651335,0.37460985122067714,6.158482110660261,8.775433890478202e-09
1.1784834009651335,0.23069228454335872,7.847599703514611,1.443794554662362e-08
1.1784834009651335,0.14207190579019507,10.0,2.3198660785594037e-08
1.2584989506418267,1168.2957719939334,0.1,2.0603019018785226e-12
1.2584989506418267,719.4930033999808,0.12742749857031338,3.345525365439055e-12
1.2584989506418267,443.0986364590749,0.16237767391887217,5.432592125491461e-12
1.2584989506418267,272.8816820784523,0.20691380811147897,8.822086576039178e-12
1.2584989506418267,168.05390546747492,0.26366508987303583,1.4327936051345023e-11
1.2584989506418267,103.49594539953229,0.33598182862837817,2.3275526107694025e-11
1.2584989506418267,63.738086352124455,0.42813323987193935,3.782914704961326e-11
1.2584989506418267,39.253327527358955,0.5455594781168519,6.154010625656022e-11
1.2584989506418267,24.174476735797146,0.6951927961775606,1.0028082502423901e-10
1.2584989506418267,14.888227395346563,0.8858667904100825,1.6387499281752717e-10
1.2584989506418267,9.169322601322564,1.1288378916846888,2.690230047468834e-10
1.2584989506418267,5.647137190994097,1.438449888287663,4.4089268192938685e-10
1.2584989506418267,3.4738171761715653,1.8329807108324356,7.349011435838362e-10
1.2584989506418267,2.1415789524693016,2.3357214690901213,1.1391770346461273e-09
1.2584989506418267,1.3189716859756653,2.9763514416313175,1.8684254102863223e-09
1.2584989506418267,0.8122149052421778,3.79269019073225,2.9538967683709565e-09
1.2584989506418267,0.4996140675821817,4.832930238571752,4.823262923144262e-09
1.2584989506418267,0.30768095575022375,6.158482110660261,7.800409917436657e-09
1.2584989506418267,0.18948299435294916,7.847599703514611,1.2834504709074039e-08
1.2584989506418267,0.11668979600864735,10.0,2.0621331545838476e-08
1.3439473203182075,959.7171183305625,0.1,1.835380803383363e-12
1.3439473203182075,591.0402130669833,0.12742749857031338,2.980297932794053e-12
1.3439473203182075,363.99122627338687,0.16237767391887217,4.8395227064836415e-12
1.3439473203182075,224.163550864179,0.20691380811147897,7.858993482865519e-12
1.3439473203182075,138.0509773133081,0.26366508987303583,1.276379036903863e-11
1.3439473203182075,85.01876660138208,0.33598182862837817,2.0734637917190847e-11
1.3439473203182075,52.35904841486855,0.42813323987193935,3.369965513227729e-11
1.3439473203182075,32.24569667252884,0.5455594781168519,5.48227863042796e-11
1.3439473203182075,19.858996680937388,0.6951927961775606,8.933637782008881e-11
1.3439473203182075,12.230726827987025,0.8858667904100825,1.459946511937852e-10
1.3439473203182075,7.532904195999928,1.1288378916846888,2.396832911289189e-10
1.3439473203182075,4.639459322002326,1.438449888287663,3.9282756943727653e-10
1.3439473203182075,2.854247453080462,1.8329807108324356,6.548776181029752e-10
1.3439473203182075,1.7593160962611154,2.3357214690901213,1.0148821669133167e-09
1.3439473203182075,1.0835761413671465,2.9763514416313175,1.6646466523406546e-09
1.3439473203182075,0.6672013239236305,3.79269019073225,2.6313813349885025e-09
1.3439473203182075,0.4104216651061136,4.832930238571752,4.296760097529333e-09
1.3439473203182075,0.25274958706908,6.158482110660261,6.9487852835410705e-09
1.3439473203182075,0.1556610968597451,7.847599703514611,1.1434041778210915e-08
1.3439473203182075,0.09585766254907875,10.0,1.8370205135438227e-08
1.435197382460544,787.7503690699685,0.1,1.6376414864045396e-12
1.435197382460544,485.1347827318309,0.12742749857031338,2.6592082622784955e-12
1.435197382460544,298.7695415849081,0.16237767391887217,4.318125448114579e-12
1.435197382460544,183.996878885055,0.20691380811147897,7.012288486011326e-12
1.435197382460544,113.31439100192624,0.26366508987303583,1.1388664196988247e-11
1.435197382460544,69.78477200884805,0.33598182862837817,1.850078667741206e-11
1.435197382460544,42.97720906296387,0.42813323987193935,3.006910471680233e-11
1.435197382460544,26.467897733498944,0.5455594781168519,4.8916881869560656e-11
1.435197382460544,16.300740571038208,0.6951927961775606,7.971334041472223e-11
1.435197382460544,10.039373376405086,0.8858667904100825,1.3027128952778737e-10
1.435197382460544,6.183357503070622,1.1288378916846888,2.1387760155108775e-10
1.435197382460544,3.8083413326029287,1.438449888287663,3.5054438262829286e-10
1.435197382460544,2.343050652403107,1.8329807108324356,5.844392426584032e-10
1.435197382460544,1.4441039599250114,2.3357214690901213,9.055809062307885e-10
1.435197382460544,0.8894484095111166,2.9763514416313175,1.485416370723464e-09
1.435197382460544,0.5476462737583766,3.79269019073225,2.3478585803941314e-09
1.435197382460544,0.33688214533278227,4.832930238571752,3.833855651025861e-09
1.435197382460544,0.20746049947209827,6.158482110660261,6.200088001430145e-09
1.435197382460544,0.12777166730981915,7.847599703514611,1.020252064525591e-08
1.435197382460544,0.07868170302420116,10.0,1.6391045216473466e-08
1.532643054888415,646.540915111872,0.1,1.46524037213386e-12
1.532643054888415,398.1711775899302,0.12742749857031338,2.379262820564393e-12
1.532643054888415,245.21314434420844,0.16237767391887217,3.863539639304174e-12
1.532643054888415,151.0142493219457,0.20691380811147897,6.274079365906803e-12
1.532643054888415,93.00207731306855,0.26366508987303583,1.018974425465269e-11
1.532643054888415,57.275446915976396,0.33598182862837817,1.6553173649249504e-11
1.532643054888415,35.27333726701453,0.42813323987193935,2.6903748650807625e-11
1.532643054888415,21.7234522759711,0.5455594781168519,4.3767680148393655e-11
1.532643054888415,13.37884929035567,0.6951927961775606,7.132314305978453e-11
1.532643054888415,8.239896432047146,0.8858667904100825,1.1656192564424117e-10
1.532643054888415,5.0751167719127706,1.1288378916846888,1.9137627264623884e-10
1.532643054888415,3.1258146692687943,1.438449888287663,3.1367393750890034e-10
1.532643054888415,1.923213530234791,1.8329807108324356,5.230099581054675e-10
1.532643054888415,1.1852604620435971,2.3357214690901213,8.102799155154833e-10
1.532643054888415,0.7300320643760618,2.9763514416313175,1.329136733269701e-09
1.532643054888415,0.44947515389338183,3.79269019073225,2.1006696210887574e-09
1.532643054888415,0.2764950627786942,4.832930238571752,3.430263240557384e-09
1.532643054888415,0.17027168469106072,6.158482110660261,5.547332780706027e-09
1.532643054888415,0.10486963496860434,7.847599703514611,9.128749979235209e-09
1.532643054888415,0.06457768041600187,10.0,1.4665484936090535e-08
1.636705001280387,530.6051868175109,0.1,1.315301690926863e-12
1.636705001280387,326.77235196256163,0.12742749857031338,2.1357919312196797e-12
1.636705001280387,201.24228864187643,0.16237767391887217,3.4681825128729802e-12
1.636705001280387,123.93485707843364,0.20691380811147897,5.632052450260257e-12
1.636705001280387,76.32525886153681,0.26366508987303583,9.147032389344529e-12
1.636705001280387,47.00503013389419,0.33598182862837817,1.4859313794020123e-11
1.636705001280387,28.948285905002475,0.42813323987193935,2.4150795586009625e-11
1.636705001280387,17.82814128052248,0.5455594781168519,3.928931975182478e-11
1.636705001280387,10.979884096746382,0.6951927961775606,6.402593262851542e-11
1.636705001280387,6.76244884434519,0.8858667904100825,1.0463819531662965e-10
1.636705001280387,4.1651819398522045,1.1288378916846888,1.718049252002396e-10
1.636705001280387,2.5654060039707156,1.438449888287663,2.81603401040891e-10
1.636705001280387,1.5784701371012915,1.8329807108324356,4.695719892729853e-10
1.636705001280387,0.9727386901139632,2.3357214690901213,7.273917583742659e-10
1.636705001280387,0.5991415295682692,2.9763514416313175,1.193207304286328e-09
1.636705001280387,0.36887528441507295,3.79269019073225,1.8856898176426183e-09
1.636705001280387,0.22691570737855066,4.832930238571752,3.0792525435358863e-09
1.636705001280387,0.13973897233752816,6.158482110660261,4.979629641178375e-09
1.636705001280387,0.08606607056185234,7.847599703514611,8.194841853402614e-09
1.636705001280387,0.052997942167146,10.0,1.3164745031479542e-08
1.7478324471390134,435.43192245885746,0.1,1.1853130847719776e-12
1.7478324471390134,268.1600538401027,0.12742749857031338,1.9247160250405775e-12
1.7478324471390134,165.14599387648144,0.16237767391887217,3.1254295329963623e-12
1.7478324471390134,101.70499940980677,0.20691380811147897,5.075450127655792e-12
1.7478324471390134,62.63501719487922,0.26366508987303583,8.243057535403181e-12
1.7478324471390134,38.57389002288597,0.33598182862837817,1.3390826892438459e-11
1.7478324471390134,23.755947475596844,0.42813323987193935,2.1764124254596803e-11
1.7478324471390134,14.630406160716198,0.5455594781168519,3.540678554597166e-11
1.7478324471390134,9.01051543651265,0.6951927961775606,5.769951584115815e-11
1.7478324471390134,5.549562354328328,0.8858667904100825,9.430055037588694e-11
1.7478324471390134,3.4181706655042876,1.1288378916846888,1.5483636147950982e-10
1.7478324471390134,2.1053302444086612,1.438449888287663,2.537970876997385e-10
1.7478324471390134,1.2954315854477991,1.8329807108324356,4.232352001179733e-10
1.7478324471390134,0.7982722917674363,2.3357214690901213,6.555292952736404e-10
1.7478324471390134,0.49168707254180555,2.9763514416313175,1.07535539920916e-09
1.7478324471390134,0.30271009981158187,3.79269019073225,1.6993159439960123e-09
1.7478324471390134,0.18621506041076383,4.832930238571752,2.7749434134822935e-09
1.7478324471390134,0.11467426565739534,6.158482110660261,4.4874648577061875e-09
1.7478324471390134,0.07062958313504773,7.847599703514611,7.385165336756615e-09
1.7478324471390134,0.04349193240160139,10.0,1.186368209419807e-08
1.8665051190545048,357.23504269794137,0.1,1.0728701004933043e-12
1.8665051190545048,220.00263313190285,0.12742749857031338,1.742130746954244e-12
1.8665051190545048,135.4883178624637,0.16237767391887217,2.8289406751407066e-12
1.8665051190545048,83.44035460143502,0.20691380811147897,4.593976778882903e-12
1.8665051190545048,51.38674556207752,0.26366508987303583,7.461098832533413e-12
1.8665051190545048,31.646633291069243,0.33598182862837817,1.2120551006327299e-11
1.8665051190545048,19.489773118722376,0.42813323987193935,1.9699591990417298e-11
1.8665051190545048,12.003047392176573,0.5455594781168519,3.2048276428156396e-11
1.8665051190545048,7.392411604178362,0.6951927961775606,5.2226921933485596e-11
1.8665051190545048,4.553000984085468,0.8858667904100825,8.535793290257281e-11
1.8665051190545048,2.804381822055659,1.1288378916846888,1.4015719500180194e-10
1.8665051190545048,1.727298667557227,1.438449888287663,2.2974176768761213e-10
1.8665051190545048,1.0628545565070606,1.8329807108324356,3.831459330186937e-10
1.8665051190545048,0.6549228866744281,2.3357214690901213,5.933644015910276e-10
1.8665051190545048,0.4033962347623226,2.9763514416313175,9.734043302417409e-10
1.8665051190545048,0.24834731045219874,3.79269019073225,1.5380998786028179e-09
1.8665051190545048,0.15277412950271796,4.832930238571752,2.5117075511597443e-09
1.8665051190545048,0.09408045133622411,6.158482110660261,4.061733324595737e-09
1.8665051190545048,0.057946274526897906,7.847599703514611,6.684754447761144e-09
1.8665051190545048,0.035681511203704865,10.0,1.0738230516976013e-08
1.9932353156386882,293.06789918366763,0.1,9.763878820228585e-13
1.9932353156386882,180.48540196348716,0.12742749857031338,1.5854626077370933e-12
1.9932353156386882,111.15168880263144,0.16237767391887217,2.5745370297885106e-12
1.9932353156386882,68.45266888846339,0.20691380811147897,4.180846273446027e-12
1.9932353156386882,42.15658540196898,0.26366508987303583,6.790135224381996e-12
1.9932353156386882,25.96222926981804,0.33598182862837817,1.1030583616046752e-11
1.9932353156386882,15.989010097684782,0.42813323987193935,1.792810579997708e-11
1.9932353156386882,9.847068911118164,0.5455594781168519,2.916647577588649e-11
1.9932353156386882,6.064609906346755,0.6951927961775606,4.753108363387109e-11
1.9932353156386882,3.7352253448975508,0.8858667904100825,7.768450986564046e-11
1.9932353156386882,2.3007016049697837,1.1288378916846888,1.2756115961601373e-10
1.9932353156386882,1.4170792265100887,1.438449888287663,2.0909982804304212e-10
1.9932353156386882,0.8719904135226526,1.8329807108324356,3.487435415890026e-10
1.9932353156386882,0.5372906863530289,2.3357214690901213,5.400223382273981e-10
1.9932353156386882,0.3309441141219075,2.9763514416313175,8.859213419761516e-10
1.9932353156386882,0.20373821829330202,3.79269019073225,1.3997684173533885e-09
1.9932353156386882,0.1253329057688633,4.832930238571752,2.285835905855266e-09
1.9932353156386882,0.07718149812917648,6.158482110660261,3.6964334083812885e-09
1.9932353156386882,0.047538380253325886,7.847599703514611,6.0837516707604925e-09
1.9932353156386882,0.029272382858946927,10.0,9.772529813389566e-09
2.1285701190692756,240.4190919964544,0.1,8.943153324596728e-13
2.1285701190692756,148.0617190422855,0.12742749857031338,1.4521929336097063e-12
2.1285701190692756,91.18361034180242,0.16237767391887217,2.3581286885284095e-12
2.1285701190692756,56.15534910050551,0.20691380811147897,3.8294169733212304e-12
2.1285701190692756,34.58328448336936,0.26366508987303583,6.219380185478756e-12
2.1285701190692756,21.298201688778043,0.33598182862837817,1.0103402698599644e-11
2.1285701190692756,13.116647237034021,0.42813323987193935,1.642118940424303e-11
2.1285701190692756,8.078093241224389,0.5455594781168519,2.671506468464657e-11
2.1285701190692756,4.975147398253214,0.6951927961775606,4.3536542226947696e-11
2.1285701190692756,3.06423506579163,0.8858667904100825,7.115702572962925e-11
2.1285701190692756,1.8874236879470954,1.1288378916846888,1.1684607504072e-10
2.1285701190692756,1.1625363954284254,1.438449888287663,1.9154014824687526e-10
2.1285701190692756,0.7153763165361918,1.8329807108324356,3.1947721252668413e-10
2.1285701190692756,0.44077266287451394,2.3357214690901213,4.946462986511259e-10
2.1285701190692756,0.27149601194043055,2.9763514416313175,8.115021530635429e-10
2.1285701190692756,0.16713681529287744,3.79269019073225,1.2820972206313557e-09
2.1285701190692756,0.10281744660723145,4.832930238571752,2.093697787722961e-09
2.1285701190692756,0.0633160077855515,6.158482110660261,3.3856916982348655e-09
2.1285701190692756,0.03899863643137959,7.847599703514611,5.572502410806276e-09
2.1285701190692756,0.024013715101347574,10.0,8.951055890896975e-09
2.2730937567914773,197.22539092594525,0.1,8.25403588629676e-13
2.2730937567914773,121.46094765647878,0.12742749857031338,1.340293819448363e-12
2.2730937567914773,74.80156311469233,0.16237767391887217,2.1764226735267995e-12
2.2730937567914773,46.06648214888249,0.20691380811147897,3.5343413965309536e-12
2.2730937567914773,28.370057664857857,0.26366508987303583,5.7401490473301435e-12
2.2730937567914773,17.471776258554453,0.33598182862837817,9.324900737816762e-12
2.2730937567914773,10.760123783200047,0.42813323987193935,1.515591627595354e-11
2.2730937567914773,6.626800670542399,0.5455594781168519,2.4656753298638563e-11
2.2730937567914773,4.081334434825577,0.6951927961775606,4.018255436198117e-11
2.2730937567914773,2.513740706673137,0.8858667904100825,6.567627912806223e-11
2.2730937567914773,1.5483587723759449,1.1288378916846888,1.0784926849648665e-10
2.2730937567914773,0.953700570774494,1.438449888287663,1.767963818761841e-10
2.2730937567914773,0.5868813615294779,1.8329807108324356,2.949041982596203e-10
2.2730937567914773,0.3615872535103979,2.3357214690901213,4.56546680413722e-10
2.2730937567914773,0.22272313967798665,2.9763514416313175,7.490168541073566e-10
2.2730937567914773,0.13710867164830623,3.79269019073225,1.1832952044964458e-09
2.2730937567914773,0.08434545297005501,4.832930238571752,1.9323700548406494e-09
2.2730937567914773,0.05194060611012027,6.158482110660261,3.1247788710734614e-09
2.2730937567914773,0.03199245567458564,7.847599703514611,5.1432354447631914e-09
2.2730937567914773,0.01969943581022381,10.0,8.261309449364661e-09
2.4274301235721834,161.7952343455622,0.1,7.687290961891634e-13
2.4274301235721834,99.64134257345846,0.12742749857031338,1.2482655985280393e-12
2.4274301235721834,61.36399021506866,0.16237767391887217,2.026983783794337e-12
2.4274301235721834,37.7909664804165,0.20691380811147897,3.2916650327909054e-12
2.4274301235721834,23.273582599667353,0.26366508987303583,5.346019509852474e-12
2.4274301235721834,14.333103732950882,0.33598182862837817,8.684645567528813e-12
2.4274301235721834,8.827155901088128,0.42813323987193935,1.4115333918090146e-11
2.4274301235721834,5.436359093942658,0.5455594781168519,2.2963972150296406e-11
2.4274301235721834,3.348171956213209,0.6951927961775606,3.742422217961683e-11
2.4274301235721834,2.0621891839250517,0.8858667904100825,6.116898050101744e-11
2.4274301235721834,1.2702345613297896,1.1288378916846888,1.0045065594617247e-10
2.4274301235721834,0.7823986427199421,1.438449888287663,1.646720521338922e-10
2.4274301235721834,0.48147972859044785,1.8329807108324356,2.7469860752429775e-10
2.4274301235721834,0.2966341893387418,2.3357214690901213,4.252140114506463e-10
2.4274301235721834,0.18271630799429497,2.9763514416313175,6.976312950437777e-10
2.4274301235721834,0.1124777466872885,3.79269019073225,1.102037527015008e-09
2.4274301235721834,0.0691935687014209,4.832930238571752,1.7996914703707611e-09
2.4274301235721834,0.04260980204118729,6.158482110660261,2.910197258278417e-09
2.4274301235721834,0.02624553068064409,7.847599703514611,4.790209088260426e-09
2.4274301235721834,0.016160595557206666,10.0,7.694048219121699e-09
2.592245474794206,131.7277024446805,0.1,7.181919365018649e-13
2.592245474794206,81.12428712930307,0.12742749857031338,1.166202997304428e-12
2.592245474794206,49.96026991255036,0.16237767391887217,1.893726774688931e-12
2.592245474794206,30.767973595954142,0.20691380811147897,3.07526441927389e-12
2.592245474794206,18.948442969024633,0.26366508987303583,4.994556416201491e-12
2.592245474794206,11.669419709558676,0.33598182862837817,8.113674161851574e-12
2.592245474794206,7.186661896608601,0.42813323987193935,1.3187265719858046e-11
2.592245474794206,4.425979800830193,0.5455594781168519,2.1453934940420834e-11
2.592245474794206,2.725833771557828,0.6951927961775606,3.496277099292253e-11
2.592245474794206,1.6788141609451699,0.8858667904100825,5.7144158756705935e-11
2.592245474794206,1.0340171537387863,1.1288378916846888,9.383647765570877e-11
2.592245474794206,0.6368630114494894,1.438449888287663,1.538226218159123e-10
2.592245474794206,0.39186118618728766,1.8329807108324356,2.565727343468009e-10
2.592245474794206,0.24149072083433926,2.3357214690901213,3.972399316349404e-10
2.592245474794206,0.14873927134155412,2.9763514416313175,6.517012228164573e-10
2.592245474794206,0.09157704219453383,3.79269019073225,1.0296028041193221e-09
2.592245474794206,0.056333742611704235,4.832930238571752,1.6813432369238163e-09
2.592245474794206,0.03469139178084715,6.158482110660261,2.7188609384537636e-09
2.592245474794206,0.021366867242872824,7.847599703514611,4.4750926100653646e-09
2.592245474794206,0.013157249067602333,10.0,7.188144767533582e-09
2.7682513026172444,107.38904833752937,0.1,6.804609705743115e-13
2.7682513026172444,66.13535820823535,0.12742749857031338,1.1049351859624617e-12
2.7682513026172444,40.729348921902705,0.16237767391887217,1.794237287348193e-12
2.7682513026172444,25.083106362030218,0.20691380811147897,2.913699965815712e-12
2.7682513026172444,15.4473996629235,0.26366508987303583,4.73215411066947e-12
2.7682513026172444,9.513271710233187,0.33598182862837817,7.68738549082226e-12
2.7682513026172444,5.858755153775282,0.42813323987193935,1.2494362129952756e-11
2.7682513026172444,3.6081334383784394,0.5455594781168519,2.0326509133979863e-11
2.7682513026172444,2.222097454344514,0.6951927961775606,3.3124937367417334e-11
2.7682513026172444,1.3685140646000251,0.8858667904100825,5.413885076490064e-11
2.7682513026172444,0.8428391533468023,1.1288378916846888,8.889715690295448e-11
2.7682513026172444,0.5190838938807396,1.438449888287663,1.4571969908216005e-10
2.7682513026172444,0.3193422112040506,1.8329807108324356,2.430292997329473e-10
2.7682513026172444,0.1968569435376882,2.3357214690901213,3.763512308806435e-10
2.7682513026172444,0.12124017346505053,2.9763514416313175,6.174016524776568e-10
2.7682513026172444,0.07465827243788126,3.79269019073225,9.755249016354892e-10
2.7682513026172444,0.04592431203129936,4.832930238571752,1.5929783920900884e-09
2.7682513026172444,0.02828168713303096,6.158482110660261,2.576006356705417e-09
2.7682513026172444,0.017417895054669532,7.847599703514611,4.2397763504212766e-09
2.7682513026172444,0.01072614166572103,10.0,6.81041252499249e-09
2.956207407421723,87.89997103682126,0.1,6.571485850697571e-13
2.956207407421723,54.13304146425302,0.12742749857031338,1.0670804314361526e-12
2.956207407421723,33.33773917984522,0.16237767391887217,1.7327672111197315e-12
2.956207407421723,20.530990723212998,0.20691380811147897,2.8138773019577735e-12
2.956207407421723,12.643979285479114,0.26366508987303583,4.570031320205577e-12
2.956207407421723,7.786779528990047,0.33598182862837817,7.424015962004777e-12
2.956207407421723,4.795484211570438,0.42813323987193935,1.2066302552132879e-11
2.956207407421723,2.9533029217319378,0.5455594781168519,1.9630108378164108e-11
2.956207407421723,1.818801289794978,0.6951927961775606,3.199002178045115e-11
2.956207407421723,1.1201224804641963,0.8858667904100825,5.22838655507388e-11
2.956207407421723,0.6898436779660704,1.1288378916846888,8.585092592797246e-11
2.956207407421723,0.42484913467403884,1.438449888287663,1.407258658947011e-10
2.956207407421723,0.2613541202989064,1.8329807108324356,2.3469711987838725e-10
2.956207407421723,0.16112690473540456,2.3357214690901213,3.6345669915314287e-10
2.956207407421723,0.0992324776860655,2.9763514416313175,5.962457970971905e-10
2.956207407421723,0.061109622623248275,3.79269019073225,9.421046126786312e-10
2.956207407421723,0.03758963540301388,4.832930238571752,1.5383904851866385e-09
2.956207407421723,0.0231491003216639,6.158482110660261,2.4877335187028046e-09
2.956207407421723,0.014256541066921789,7.847599703514611,4.094485947818319e-09
2.956207407421723,0.008779513249186365,10.0,6.577037067438508e-09
3.156925177794596,72.05390888654503,0.1,6.46955712669891e-13
3.156925177794596,44.37427167635524,0.12742749857031338,1.0505292306025326e-12
3.156925177794596,27.327817173278603,0.16237767391887217,1.7058908094639662e-12
3.156925177794596,16.829789447834468,0.20691380811147897,2.7702324708980314e-12
3.156925177794596,10.364598910276724,0.26366508987303583,4.49914872055355e-12
3.156925177794596,6.383024215152965,0.33598182862837817,7.308871325187006e-12
3.156925177794596,3.930980105000051,0.42813323987193935,1.1879171321455196e-11
3.156925177794596,2.420894747006637,0.5455594781168519,1.9325719081913405e-11
3.156925177794596,1.4909129079395367,0.6951927961775606,3.1494117981337156e-11
3.156925177794596,0.9181865175173424,0.8858667904100825,5.147378439723719e-11
3.156925177794596,0.5654748017553849,1.1288378916846888,8.452191545078485e-11
3.156925177794596,0.3482530045777022,1.438449888287663,1.38548949724329e-10
3.156925177794596,0.21423091266169464,1.8329807108324356,2.3107206256537285e-10
3.156925177794596,0.13207895516569146,2.3357214690901213,3.578251407000913e-10
3.156925177794596,0.0813423503063885,2.9763514416313175,5.870148901815044e-10
3.156925177794596,0.0500932524732883,3.79269019073225,9.274881974412469e-10
3.156925177794596,0.03081312774507967,4.832930238571752,1.5145235859433786e-09
3.156925177794596,0.01897591603792815,6.158482110660261,2.4491260377730903e-09
3.156925177794596,0.011686371729630505,7.847599703514611,4.031005827808746e-09
3.156925177794596,0.007196783959037828,10.0,6.474985624048016e-09
3.37127109321653,59.10626088000328,0.1,6.504824839627945e-13
3.37127109321653,36.4004859172166,0.12742749857031338,1.0562560596617966e-12
3.37127109321653,22.417175524903115,0.16237767391887217,1.715190414430683e-12
3.37127109321653,13.805579541550708,0.20691380811147897,2.7853348466894263e-12
3.37127109321653,8.50214451253768,0.26366508987303583,4.523678522515618e-12
3.37127109321653,5.236034737245831,0.33598182862837817,7.348726860123989e-12
3.37127109321653,3.2246082654351595,0.42813323987193935,1.1943972059358568e-11
3.37127109321653,1.9858763306666378,0.5455594781168519,1.943121582674109e-11
3.37127109321653,1.223006858082431,0.6951927961775606,3.166627264951395e-11
3.37127109321653,0.7531961901755714,0.8858667904100825,5.1755836188188156e-11
3.37127109321653,0.46386485478596107,1.1288378916846888,8.498697791416103e-11
3.37127109321653,0.2856761210337166,1.438449888287663,1.3931394410089524e-10
3.37127109321653,0.17573677420075523,1.8329807108324356,2.3235822647263964e-10
3.37127109321653,0.10834541656675806,2.3357214690901213,3.5978528330084957e-10
3.37127109321653,0.0667259463035016,2.9763514416313175,5.902433572092477e-10
3.37127109321653,0.041091774434998014,3.79269019073225,9.325381939361763e-10
3.37127109321653,0.025276195267926526,4.832930238571752,1.522778347590655e-09
3.37127109321653,0.015566048869273765,6.158482110660261,2.4624552764277203e-09
3.37127109321653,0.009586409939886555,7.847599703514611,4.0530431569574886e-09
3.37127109321653,0.005903562688895492,10.0,6.510254346468773e-09
3.6001704645712302,48.321257723570774,0.1,6.65936263577589e-13
3.6001704645712302,29.7585596776557,0.12742749857031338,1.0813499640160096e-12
3.6001704645712302,18.3267552218051,0.16237767391887217,1.755938867099649e-12
3.6001704645712302,11.28649879463619,0.20691380811147897,2.8515070428071986e-12
3.6001704645712302,6.950769327722627,0.26366508987303583,4.631148776658933e-12
3.6001704645712302,4.280617917086392,0.33598182862837817,7.52331106336177e-12
3.6001704645712302,2.636209756075259,0.42813323987193935,1.2227720522874698e-11
3.6001704645712302,1.6235037566343782,0.5455594781168519,1.9892818190008457e-11
3.6001704645712302,0.9998304574151818,0.6951927961775606,3.241847116386412e-11
3.6001704645712302,0.6157423215962284,0.8858667904100825,5.2985069785882677e-11
3.6001704645712302,0.37920231634330015,1.1288378916846888,8.700496896545871e-11
3.6001704645712302,0.23353057295551077,1.438449888287663,1.426211814813753e-10
3.6001704645712302,0.14365037218326157,1.8329807108324356,2.378700224712655e-10
3.6001704645712302,0.08857304287751361,2.3357214690901213,3.68330177778156e-10
3.6001704645712302,0.054547552375511885,2.9763514416313175,6.042586955805034e-10
3.6001704645712302,0.03359409229348465,3.79269019073225,9.546944588163734e-10
3.6001704645712302,0.020664076948780388,4.832930238571752,1.5589526822963409e-09
3.6001704645712302,0.012725850075796631,6.158482110660261,2.5209574775939755e-09
3.6001704645712302,0.00783702210877074,7.847599703514611,4.14930196613264e-09
3.6001704645712302,0.004826363255087049,10.0,6.66491180431289e-09
3.844611428624303,39.522888848410666,0.1,6.921686173380635e-13
3.844611428624303,24.340099181786236,0.12742749857031338,1.12394616544122e-12
3.844611428624303,14.989804911510278,0.16237767391887217,1.825108260460579e-12
3.844611428624303,9.231442321473107,0.20691380811147897,2.963832680719177e-12
3.844611428624303,5.685164224559184,0.26366508987303583,4.813577315771853e-12
3.844611428624303,3.501194202166206,0.33598182862837817,7.819665913119146e-12
3.844611428624303,2.1561990290466913,0.42813323987193935,1.2709386688754608e-11
3.844611428624303,1.327885000100312,0.5455594781168519,2.067641356147794e-11
3.844611428624303,0.8177682671409322,0.6951927961775606,3.369543298307118e-11
3.844611428624303,0.5036130279718443,0.8858667904100825,5.5072055876570346e-11
3.844611428624303,0.310140629441356,1.1288378916846888,9.043165593376655e-11
3.844611428624303,0.1909952941128373,1.438449888287663,1.4823788813286097e-10
3.844611428624303,0.11747967320279998,1.8329807108324356,2.472350120528629e-10
3.844611428624303,0.07244351930700658,2.3357214690901213,3.8283769997112947e-10
3.844611428624303,0.04461324627225638,2.9763514416313175,6.280573797541546e-10
3.844611428624303,0.027477442723387074,3.79269019073225,9.923023473422818e-10
3.844611428624303,0.016901548889373463,4.832930238571752,1.6203611831720522e-09
3.844611428624303,0.010408808892094503,6.158482110660261,2.620263455237328e-09
3.844611428624303,0.006409927417525955,7.847599703514611,4.31273058544743e-09
3.844611428624303,0.003947588438163651,10.0,6.927449290740981e-09
4.105649213715493,32.41817477297791,0.1,6.956665455316306e-13
4.105649213715493,19.964674137946595,0.12742749857031338,1.12962616617183e-12
4.105649213715493,12.29520773528488,0.16237767391887217,1.834331846394523e-12
4.105649213715493,7.571980123512054,0.20691380811147897,2.978811681096533e-12
4.105649213715493,4.663188244699491,0.26366508987303583,4.837906986387143e-12
4.105649213715493,2.871813213309445,0.33598182862837817,7.859197141769632e-12
4.105649213715493,1.768597243617675,0.42813323987193935,1.2773662967897265e-11
4.105649213715493,1.089182792932504,0.5455594781168519,2.078106547183526e-11
4.105649213715493,0.6707658596796484,0.6951927961775606,3.386623658951068e-11
4.105649213715493,0.4130839825615253,0.8858667904100825,5.535197563595006e-11
4.105649213715493,0.2543907362855248,1.1288378916846888,9.089343546011364e-11
4.105649213715493,0.1566629696123565,1.438449888287663,1.4899780800246583e-10
4.105649213715493,0.09636270551283602,1.8329807108324356,2.4851426338510245e-10
4.105649213715493,0.059421065141244934,2.3357214690901213,3.8478277264252465e-10
4.105649213715493,0.03659368579536884,2.9763514416313175,6.312627537824277e-10
4.105649213715493,0.022538024807597274,3.79269019073225,9.97310311167701e-10
4.105649213715493,0.013863323429089818,4.832930238571752,1.6285519827328284e-09
4.105649213715493,0.00853771416174314,6.158482110660261,2.6334875414765567e-09
4.105649213715493,0.005257680963768018,7.847599703514611,4.334602496668619e-09
4.105649213715493,0.003237967463534768,10.0,6.9624419911248144e-09
4.3844106950788175,26.61215247496899,0.1,1.2886261773495752e-13
4.3844106950788175,16.38904624066683,0.12742749857031338,2.0924765377736108e-13
4.3844106950788175,10.093164432499714,0.16237767391887217,3.397846945048421e-13
4.3844106950788175,6.215856710393586,0.20691380811147897,5.517839665182736e-13
4.3844106950788175,3.8280234530389654,0.26366508987303583,8.961564227490976e-13
4.3844106950788175,2.357480323546306,0.33598182862837817,1.4558113696031302e-12
4.3844106950788175,1.451848643710615,0.42813323987193935,2.366157692395119e-12
4.3844106950788175,0.8941166781548143,0.5455594781168519,3.8494499684083285e-12
4.3844106950788175,0.5506381898751694,0.6951927961775606,6.273398118613521e-12
4.3844106950788175,0.3391074190246408,0.8858667904100825,1.0253643023677888e-11
4.3844106950788175,0.20883650836927167,1.1288378916846888,1.6838112668949035e-11
4.3844106950788175,0.12861059106418266,1.438449888287663,2.760285013517772e-11
4.3844106950788175,0.07920281217698771,1.8329807108324356,4.6274738668956245e-11
4.3844106950788175,0.04877955806868395,2.3357214690901213,7.127806614563451e-11
4.3844106950788175,0.030040646661030686,2.9763514416313175,1.1694023883980727e-10
4.3844106950788175,0.01850134434895011,3.79269019073225,1.8473181127667722e-10
4.3844106950788175,0.011394046566048125,4.832930238571752,3.032471356740831e-10
4.3844106950788175,0.007017210196898255,6.158482110660261,4.904402798592795e-10
4.3844106950788175,0.004321632575109364,7.847599703514611,8.074582195299051e-10
4.3844106950788175,0.0026616206426703175,10.0,1.2972868633752772e-09
4.682099259455535,21.849472592769335,0.1,nan
4.682099259455535,13.455958743134486,0.12742749857031338,nan
4.682099259455535,8.28682826979291,0.16237767391887217,nan
4.682099259455535,5.10342853756591,0.20691380811147897,nan
4.682099259455535,3.1429375391875194,0.26366508987303583,nan
4.682099259455535,1.9355727086944485,0.33598182862837817,nan
4.682099259455535,1.1920192965516174,0.42813323987193935,nan
4.682099259455535,0.7341033363761696,0.5455594781168519,nan
4.682099259455535,0.452096713844832,0.6951927961775606,nan
4.682099259455535,0.2784235617934959,0.8858667904100825,nan
4.682099259455535,0.17146737628288414,1.1288378916846888,nan
4.682099259455535,0.10559836608577225,1.438449888287663,nan
4.682099259455535,0.0650335678419465,1.8329807108324356,nan
4.682099259455535,0.040050210447628416,2.3357214690901213,nan
4.682099259455535,0.02466505203351989,2.9763514416313175,nan
4.682099259455535,0.015190066006274875,3.79269019073225,nan
4.682099259455535,0.009354892916429129,4.832930238571752,nan
4.682099259455535,0.005761312427637223,6.158482110660261,nan
4.682099259455535,0.003548205695256123,7.847599703514611,nan
4.682099259455535,0.0021852365723172866,10.0,nan
5.000000000000001,17.942584672641388,0.1,nan
5.000000000000001,11.049909097673224,0.12742749857031338,nan
5.000000000000001,6.805067294945216,0.16237767391887217,nan
5.000000000000001,4.190889235051148,0.20691380811147897,nan
5.000000000000001,2.5809525851537627,0.26366508987303583,nan
5.000000000000001,1.5894762745256947,0.33598182862837817,nan
5.000000000000001,0.978877709875957,0.42813323987193935,nan
5.000000000000001,0.6028420512671931,0.5455594781168519,nan
5.000000000000001,0.37126153399509965,0.6951927961775606,nan
5.000000000000001,0.22864341756235138,0.8858667904100825,nan
5.000000000000001,0.14081255174358165,1.1288378916846888,nan
5.000000000000001,0.08672076727738948,1.438449888287663,nan
5.000000000000001,0.05340995745901702,1.8329807108324356,nan
5.000000000000001,0.032889395435849726,2.3357214690901213,nan
5.000000000000001,0.020255347619497047,2.9763514416313175,nan
5.000000000000001,0.012473813646942902,3.79269019073225,nan
5.000000000000001,0.007682166859907019,4.832930238571752,nan
5.000000000000001,0.004731103214132447,6.158482110660261,nan
5.000000000000001,0.0029137682977995374,7.847599703514611,nan
5.000000000000001,0.0017944682454299307,10.0,nan
