#  m  [GeV] ,  tau  [ps] ,  c ,  c_eff(theo) ,  c_eff(exp)^upper ,    c_eff(exp)^lower ,                c_eff(exp)^upper  converted ,    c_eff(exp)^lower  converted ,  allowed/excluded  (1/0)
0.020924,10574587795.187023,0.001,0.0010008411479375146,0.0012082,7.8008e-06,41.38085,0.2671774,1
0.020924,3147368963.087505,0.0018329807108324356,0.0018345225187767892,0.0012082,7.8008e-06,41.38085,0.2671774,1
0.020924,936767615.2640969,0.003359818286283781,0.003362644390505174,0.0012082,7.8008e-06,41.38085,0.2671774,1
0.020924,278814964.4168417,0.006158482110660267,0.006163662305182333,0.0012082,7.8008e-06,41.38085,0.2671774,1
0.020924,82985132.32827985,0.011288378916846888,0.01129787411346857,0.0012082,7.8008e-06,41.38085,0.2671774,1
0.020924,24699292.02113888,0.02069138081114789,0.020708785323305633,0.0012082,7.8008e-06,41.38085,0.2671774,1
0.020924,7351377.535088382,0.0379269019073225,0.03795880404181119,0.0012082,7.8008e-06,41.38085,0.2671774,1
0.020924,2188028.4999970817,0.06951927961775606,0.06957775561144837,0.0012082,7.8008e-06,41.38085,0.2671774,1
0.020924,651234.355655568,0.12742749857031335,0.12753468391848694,0.0012082,7.8008e-06,41.38085,0.2671774,1
0.020924,193830.39422941793,0.23357214690901212,0.23376861546881433,0.0012082,7.8008e-06,41.38085,0.2671774,1
0.020924,57690.88130154593,0.42813323987193913,0.42849336231361396,0.0012082,7.8008e-06,41.38085,0.2671774,0
0.020924,17170.958148679132,0.7847599703514607,0.7854200644309849,0.0012082,7.8008e-06,41.38085,0.2671774,0
0.020924,5110.789981005508,1.438449888287663,1.4396598103853573,0.0012082,7.8008e-06,41.38085,0.2671774,0
0.020924,1518.8008295248405,2.636650898730358,2.638870743690178,0.0012082,7.8008e-06,41.38085,0.2671774,0
0.020924,452.0271562971803,4.832930238571752,4.836999440508828,0.0012082,7.8008e-06,41.38085,0.2671774,0
0.020924,134.53501884611865,8.858667904100823,8.86612784394915,0.0012082,7.8008e-06,41.38085,0.2671774,0
0.020924,40.04480317048468,16.23776739188721,16.251444571252122,0.0012082,7.8008e-06,41.38085,0.2671774,0
0.020924,11.916803799980126,29.763514416313193,29.788575000224245,0.0012082,7.8008e-06,41.38085,0.2671774,0
0.020924,3.547249898861593,54.555947811685144,54.60187716468931,0.0012082,7.8008e-06,41.38085,0.2671774,1
0.020924,1.056013118710975,100.0,100.08417743026817,0.0012082,7.8008e-06,41.38085,0.2671774,1
0.022633,8355960623.290449,0.001,0.0010008389694867125,0.00094152,7.622672281959379e-06,32.247060000000005,0.2610765256571087,1
0.022633,2487027544.8935866,0.0018329807108324356,0.001834518525718489,0.00094152,7.622672281959379e-06,32.247060000000005,0.2610765256571087,1
0.022633,740226802.0208921,0.003359818286283781,0.003362637071306334,0.00094152,7.622672281959379e-06,32.247060000000005,0.2610765256571087,1
0.022633,220317511.0912206,0.006158482110660267,0.006163648889232049,0.00094152,7.622672281959379e-06,32.247060000000005,0.2610765256571087,1
0.022633,65574234.33272787,0.011288378916846888,0.011297849522290532,0.00094152,7.622672281959379e-06,32.247060000000005,0.2610765256571087,1
0.022633,19517196.84484232,0.02069138081114789,0.020708740248150947,0.00094152,7.622672281959379e-06,32.247060000000005,0.2610765256571087,1
0.022633,5809003.849591494,0.0379269019073225,0.037958721419924006,0.00094152,7.622672281959379e-06,32.247060000000005,0.2610765256571087,1
0.022633,1728963.8464091558,0.06951927961775606,0.06957760416713421,0.00094152,7.622672281959379e-06,32.247060000000005,0.2610765256571087,1
0.022633,514600.5440339865,0.12742749857031335,0.12753440632404675,0.00094152,7.622672281959379e-06,32.247060000000005,0.2610765256571087,1
0.022633,153163.33582894283,0.23357214690901212,0.23376810664393916,0.00094152,7.622672281959379e-06,32.247060000000005,0.2610765256571087,1
0.022633,45586.90530241183,0.42813323987193913,0.4284924296495213,0.00094152,7.622672281959379e-06,32.247060000000005,0.2610765256571087,0
0.022633,13568.363409644131,0.7847599703514607,0.7854183548868681,0.00094152,7.622672281959379e-06,32.247060000000005,0.2610765256571087,0
0.022633,4038.5082263572963,1.438449888287663,1.439656676882438,0.00094152,7.622672281959379e-06,32.247060000000005,0.2610765256571087,0
0.022633,1200.1451458492174,2.636650898730358,2.638864993161607,0.00094152,7.622672281959379e-06,32.247060000000005,0.2610765256571087,0
0.022633,357.1885065617125,4.832930238571752,4.836988899163524,0.00094152,7.622672281959379e-06,32.247060000000005,0.2610765256571087,0
0.022633,106.30857583259714,8.858667904100823,8.866108518907248,0.00094152,7.622672281959379e-06,32.247060000000005,0.2610765256571087,0
0.022633,31.643107924745582,16.23776739188721,16.25140914131487,0.00094152,7.622672281959379e-06,32.247060000000005,0.2610765256571087,0
0.022633,9.416569939594579,29.763514416313193,29.788510078538522,0.00094152,7.622672281959379e-06,32.247060000000005,0.2610765256571087,0
0.022633,2.803010523276242,54.555947811685144,54.601758182665534,0.00094152,7.622672281959379e-06,32.247060000000005,0.2610765256571087,1
0.022633,0.8344537211441408,100.0,100.08395937311163,0.00094152,7.622672281959379e-06,32.247060000000005,0.2610765256571087,1
0.024361,6701280141.0856085,0.001,0.001000837115617054,0.00077635,7.140895898004435e-06,26.5899875,0.2445756845066519,1
0.024361,1994536480.997124,0.0018329807108324356,0.001834515127611165,0.00077635,7.140895898004435e-06,26.5899875,0.2445756845066519,1
0.024361,593644153.1875635,0.003359818286283781,0.0033626308426411575,0.00077635,7.140895898004435e-06,26.5899875,0.2445756845066519,1
0.024361,176689363.2425458,0.006158482110660267,0.006163637472208933,0.00077635,7.140895898004435e-06,26.5899875,0.2445756845066519,1
0.024361,52588964.2270397,0.011288378916846888,0.011297828595107433,0.00077635,7.140895898004435e-06,26.5899875,0.2445756845066519,1
0.024361,15652324.074077312,0.02069138081114789,0.020708701889028278,0.00077635,7.140895898004435e-06,26.5899875,0.2445756845066519,1
0.024361,4658681.854989295,0.0379269019073225,0.03795865110839376,0.00077635,7.140895898004435e-06,26.5899875,0.2445756845066519,1
0.024361,1386587.5643637928,0.06951927961775606,0.06957747528746576,0.00077635,7.140895898004435e-06,26.5899875,0.2445756845066519,1
0.024361,412697.30217338644,0.12742749857031335,0.1275341700901605,0.00077635,7.140895898004435e-06,26.5899875,0.2445756845066519,1
0.024361,122833.32425545143,0.23357214690901212,0.23376767363212425,0.00077635,7.140895898004435e-06,26.5899875,0.2445756845066519,1
0.024361,36559.605405570444,0.42813323987193913,0.428491635949101,0.00077635,7.140895898004435e-06,26.5899875,0.2445756845066519,0
0.024361,10881.502240294298,0.7847599703514607,0.7854169000593926,0.00077635,7.140895898004435e-06,26.5899875,0.2445756845066519,0
0.024361,3238.7867989458705,1.438449888287663,1.4396540102646453,0.00077635,7.140895898004435e-06,26.5899875,0.2445756845066519,0
0.024361,962.4876593677461,2.636650898730358,2.638860099084304,0.00077635,7.140895898004435e-06,26.5899875,0.2445756845066519,0
0.024361,286.4566274972527,4.832930238571752,4.836979927776731,0.00077635,7.140895898004435e-06,26.5899875,0.2445756845066519,0
0.024361,85.25693278776892,8.858667904100823,8.866092072028104,0.00077635,7.140895898004435e-06,26.5899875,0.2445756845066519,0
0.024361,25.377015626134863,16.23776739188721,16.251378988338335,0.00077635,7.140895898004435e-06,26.5899875,0.2445756845066519,0
0.024361,7.551863533153501,29.763514416313193,29.788454825428246,0.00077635,7.140895898004435e-06,26.5899875,0.2445756845066519,1
0.024361,2.2479472812288406,54.555947811685144,54.60165692075636,0.00077635,7.140895898004435e-06,26.5899875,0.2445756845066519,1
0.024361,0.6692118901135179,100.0,100.08377379344226,0.00077635,7.140895898004435e-06,26.5899875,0.2445756845066519,1
0.026239,5363139193.603667,0.001,0.0010008354186592347,0.00063728,6.6449504634397536e-06,21.82684,0.22758955337281156,1
0.026239,1596258707.1572683,0.0018329807108324356,0.0018345120171202156,0.00063728,6.6449504634397536e-06,21.82684,0.22758955337281156,1
0.026239,475102690.5283337,0.003359818286283781,0.0033626251411712467,0.00063728,6.6449504634397536e-06,21.82684,0.22758955337281156,1
0.026239,141407257.88930276,0.006158482110660267,0.006163627021524571,0.00063728,6.6449504634397536e-06,21.82684,0.22758955337281156,1
0.026239,42087769.688635975,0.011288378916846888,0.011297809439204626,0.00063728,6.6449504634397536e-06,21.82684,0.22758955337281156,1
0.026239,12526799.498797601,0.02069138081114789,0.02070866677662821,0.00063728,6.6449504634397536e-06,21.82684,0.22758955337281156,1
0.026239,3728415.8729348537,0.0379269019073225,0.03795858674804342,0.00063728,6.6449504634397536e-06,21.82684,0.22758955337281156,1
0.026239,1109707.690951995,0.06951927961775606,0.06957735731619505,0.00063728,6.6449504634397536e-06,21.82684,0.22758955337281156,1
0.026239,330288.0986566478,0.12742749857031335,0.12753395385115573,0.00063728,6.6449504634397536e-06,21.82684,0.22758955337281156,1
0.026239,98305.4284719383,0.23357214690901212,0.2337672772705354,0.00063728,6.6449504634397536e-06,21.82684,0.22758955337281156,0
0.026239,29259.223388844635,0.42813323987193913,0.4284909094278039,0.00063728,6.6449504634397536e-06,21.82684,0.22758955337281156,0
0.026239,8708.636246960537,0.7847599703514607,0.7854155683697756,0.00063728,6.6449504634397536e-06,21.82684,0.22758955337281156,0
0.026239,2592.0516745085174,1.438449888287663,1.4396515693553944,0.00063728,6.6449504634397536e-06,21.82684,0.22758955337281156,0
0.026239,770.2939240054585,2.636650898730358,2.6388556188239725,0.00063728,6.6449504634397536e-06,21.82684,0.22758955337281156,0
0.026239,229.2557190369295,4.832930238571752,4.8369717149506695,0.00063728,6.6449504634397536e-06,21.82684,0.22758955337281156,0
0.026239,68.23245745095163,8.858667904100823,8.86607701580909,0.00063728,6.6449504634397536e-06,21.82684,0.22758955337281156,0
0.026239,20.309623140497216,16.23776739188721,16.251351385201282,0.00063728,6.6449504634397536e-06,21.82684,0.22758955337281156,0
0.026239,6.043874473395105,29.763514416313193,29.788404243644855,0.00063728,6.6449504634397536e-06,21.82684,0.22758955337281156,1
0.026239,1.799067348219719,54.555947811685144,54.60156422054631,0.00063728,6.6449504634397536e-06,21.82684,0.22758955337281156,1
0.026239,0.5355807356196446,100.0,100.08360390690555,0.00063728,6.6449504634397536e-06,21.82684,0.22758955337281156,1
0.028262,4292078314.4655538,0.001,0.0010008338872406952,0.00052746,6.2524774378585095e-06,18.065504999999998,0.21414735224665396,1
0.028262,1277473347.967115,0.0018329807108324356,0.0018345092100595722,0.00052746,6.2524774378585095e-06,18.065504999999998,0.21414735224665396,1
0.028262,380220964.16832,0.003359818286283781,0.0033626199958832347,0.00052746,6.2524774378585095e-06,18.065504999999998,0.21414735224665396,1
0.028262,113167121.56539963,0.006158482110660267,0.0061636175903109,0.00052746,6.2524774378585095e-06,18.065504999999998,0.21414735224665396,1
0.028262,33682512.62250479,0.011288378916846888,0.011297792151971933,0.00052746,6.2524774378585095e-06,18.065504999999998,0.21414735224665396,1
0.028262,10025099.58021629,0.02069138081114789,0.020708635089464415,0.00052746,6.2524774378585095e-06,18.065504999999998,0.21414735224665396,1
0.028262,2983822.0374009595,0.0379269019073225,0.03795852866608505,0.00052746,6.2524774378585095e-06,18.065504999999998,0.21414735224665396,1
0.028262,888090.3783742848,0.06951927961775606,0.0695772508530956,0.00052746,6.2524774378585095e-06,18.065504999999998,0.21414735224665396,1
0.028262,264326.97988744837,0.12742749857031335,0.12753375870640601,0.00052746,6.2524774378585095e-06,18.065504999999998,0.21414735224665396,1
0.028262,78673.06487836434,0.23357214690901212,0.23376691957430357,0.00052746,6.2524774378585095e-06,18.065504999999998,0.21414735224665396,0
0.028262,23415.927438017115,0.42813323987193913,0.42849025377933037,0.00052746,6.2524774378585095e-06,18.065504999999998,0.21414735224665396,0
0.028262,6969.4534166933845,0.7847599703514607,0.7854143665885227,0.00052746,6.2524774378585095e-06,18.065504999999998,0.21414735224665396,0
0.028262,2074.398663691042,1.438449888287663,1.4396493665650318,0.00052746,6.2524774378585095e-06,18.065504999999998,0.21414735224665396,0
0.028262,616.4602068364408,2.636650898730358,2.6388515751125823,0.00052746,6.2524774378585095e-06,18.065504999999998,0.21414735224665396,0
0.028262,183.47156065205994,4.832930238571752,4.836964302354333,0.00052746,6.2524774378585095e-06,18.065504999999998,0.21414735224665396,0
0.028262,54.60590308885985,8.858667904100823,8.866063426642539,0.00052746,6.2524774378585095e-06,18.065504999999998,0.21414735224665396,0
0.028262,16.253633158358937,16.23776739188721,16.251326471985756,0.00052746,6.2524774378585095e-06,18.065504999999998,0.21414735224665396,0
0.028262,4.8368655036665675,29.763514416313193,29.788358589766766,0.00052746,6.2524774378585095e-06,18.065504999999998,0.21414735224665396,1
0.028262,1.4397795294447804,54.555947811685144,54.60148055232709,0.00052746,6.2524774378585095e-06,18.065504999999998,0.21414735224665396,1
0.028262,0.4286210736299137,100.0,100.08345057563844,0.00052746,6.2524774378585095e-06,18.065504999999998,0.21414735224665396,1
0.030358,3463137360.1585402,0.001,0.0010008325604609846,0.00047986,5.854844829116733e-06,16.435205,0.2005284353972481,1
0.030358,1030751387.513441,0.0018329807108324356,0.001834506778097956,0.00047986,5.854844829116733e-06,16.435205,0.2005284353972481,1
0.030358,306787837.8847256,0.003359818286283781,0.0033626155381445036,0.00047986,5.854844829116733e-06,16.435205,0.2005284353972481,1
0.030358,91310842.42192675,0.006158482110660267,0.006163609419361799,0.00047986,5.854844829116733e-06,16.435205,0.2005284353972481,1
0.030358,27177315.81314993,0.011288378916846888,0.011297777174779885,0.00047986,5.854844829116733e-06,16.435205,0.2005284353972481,1
0.030358,8088924.374595095,0.02069138081114789,0.020708607636560544,0.00047986,5.854844829116733e-06,16.435205,0.2005284353972481,1
0.030358,2407548.2357709734,0.0379269019073225,0.03795847834544339,0.00047986,5.854844829116733e-06,16.435205,0.2005284353972481,1
0.030358,716571.0276475104,0.06951927961775606,0.06957715861633958,0.00047986,5.854844829116733e-06,16.435205,0.2005284353972481,1
0.030358,213276.7792833461,0.12742749857031335,0.12753358963826708,0.00047986,5.854844829116733e-06,16.435205,0.2005284353972481,1
0.030358,63478.718292588506,0.23357214690901212,0.23376660967598334,0.00047986,5.854844829116733e-06,16.435205,0.2005284353972481,0
0.030358,18893.54461582049,0.42813323987193913,0.42848968574343455,0.00047986,5.854844829116733e-06,16.435205,0.2005284353972481,0
0.030358,5623.423603890023,0.7847599703514607,0.785413325399054,0.00047986,5.854844829116733e-06,16.435205,0.2005284353972481,0
0.030358,1673.7643124300212,1.438449888287663,1.4396474581344842,0.00047986,5.854844829116733e-06,16.435205,0.2005284353972481,0
0.030358,497.4015488170177,2.636650898730358,2.638848071178481,0.00047986,5.854844829116733e-06,16.435205,0.2005284353972481,0
0.030358,148.03719307176107,4.832930238571752,4.836957879216976,0.00047986,5.854844829116733e-06,16.435205,0.2005284353972481,0
0.030358,44.059715056858195,8.858667904100823,8.866051651434322,0.00047986,5.854844829116733e-06,16.435205,0.2005284353972481,0
0.030358,13.114524543680623,16.23776739188721,16.251304884688185,0.00047986,5.854844829116733e-06,16.435205,0.2005284353972481,0
0.030358,3.9027083448830164,29.763514416313193,29.78831902923222,0.00047986,5.854844829116733e-06,16.435205,0.2005284353972481,1
0.030358,1.1617109371588041,54.555947811685144,54.60140805197547,0.00047986,5.854844829116733e-06,16.435205,0.2005284353972481,1
0.030358,0.34584030281749917,100.0,100.08331771395052,0.00047986,5.854844829116733e-06,16.435205,0.2005284353972481,1
0.032786,2749386902.661963,0.001,0.0010008312875116388,0.00041702,5.447880585325639e-06,14.282935,0.18658991004740313,1
0.032786,818314167.1863585,0.0018329807108324356,0.0018345044448063589,0.00041702,5.447880585325639e-06,14.282935,0.18658991004740313,1
0.032786,243559055.17349452,0.003359818286283781,0.0033626112612660146,0.00041702,5.447880585325639e-06,14.282935,0.18658991004740313,1
0.032786,72491734.55088706,0.006158482110660267,0.006163601579926035,0.00041702,5.447880585325639e-06,14.282935,0.18658991004740313,1
0.032786,21576087.915484354,0.011288378916846888,0.011297762805245392,0.00041702,5.447880585325639e-06,14.282935,0.18658991004740313,1
0.032786,6421802.088472027,0.02069138081114789,0.020708581297481283,0.00041702,5.447880585325639e-06,14.282935,0.18658991004740313,1
0.032786,1911354.0407329877,0.0379269019073225,0.03795843006642089,0.00041702,5.447880585325639e-06,14.282935,0.18658991004740313,1
0.032786,568886.1842164175,0.06951927961775606,0.06957707012183294,0.00041702,5.447880585325639e-06,14.282935,0.18658991004740313,1
0.032786,169320.56762935602,0.12742749857031335,0.127533427429604,0.00041702,5.447880585325639e-06,14.282935,0.18658991004740313,1
0.032786,50395.79390535225,0.23357214690901212,0.23376631235097822,0.00041702,5.447880585325639e-06,14.282935,0.18658991004740313,0
0.032786,14999.596812555506,0.42813323987193913,0.42848914075433797,0.00041702,5.447880585325639e-06,14.282935,0.18658991004740313,0
0.032786,4464.439493536435,0.7847599703514607,0.7854123264547636,0.00041702,5.447880585325639e-06,14.282935,0.18658991004740313,0
0.032786,1328.8025273580558,1.438449888287663,1.439645627143201,0.00041702,5.447880585325639e-06,14.282935,0.18658991004740313,0
0.032786,394.8874038230415,2.636650898730358,2.638844708650669,0.00041702,5.447880585325639e-06,14.282935,0.18658991004740313,0
0.032786,117.52682137180432,4.832930238571752,4.836951715273417,0.00041702,5.447880585325639e-06,14.282935,0.18658991004740313,0
0.032786,34.97903595936395,8.858667904100823,8.866040351431687,0.00041702,5.447880585325639e-06,14.282935,0.18658991004740313,0
0.032786,10.411629565535955,16.23776739188721,16.251284169055822,0.00041702,5.447880585325639e-06,14.282935,0.18658991004740313,1
0.032786,3.0983626213503745,29.763514416313193,29.788281064172118,0.00041702,5.447880585325639e-06,14.282935,0.18658991004740313,1
0.032786,0.9222830429744874,54.555947811685144,54.601338476638766,0.00041702,5.447880585325639e-06,14.282935,0.18658991004740313,1
0.032786,0.27456283334052056,100.0,100.08319021681221,0.00041702,5.447880585325639e-06,14.282935,0.18658991004740313,1
0.035313,2200428597.9357147,0.001,0.0010008302029689067,0.00033982,5.107507651109411e-06,11.638835,0.17493213705049732,1
0.035313,654924883.0091625,0.0018329807108324356,0.001834502456860451,0.00033982,5.107507651109411e-06,11.638835,0.17493213705049732,1
0.035313,194928662.0122709,0.003359818286283781,0.0033626076173995127,0.00033982,5.107507651109411e-06,11.638835,0.17493213705049732,1
0.035313,58017620.46123589,0.006158482110660267,0.006163594900789032,0.00033982,5.107507651109411e-06,11.638835,0.17493213705049732,1
0.035313,17268082.871435132,0.011288378916846888,0.011297750562516147,0.00033982,5.107507651109411e-06,11.638835,0.17493213705049732,1
0.035313,5139588.375893528,0.02069138081114789,0.020708558856795012,0.00033982,5.107507651109411e-06,11.638835,0.17493213705049732,1
0.035313,1529722.16748941,0.0379269019073225,0.03795838893307754,0.00033982,5.107507651109411e-06,11.638835,0.17493213705049732,1
0.035313,455299.1168709563,0.06951927961775606,0.06957699472521828,0.00033982,5.107507651109411e-06,11.638835,0.17493213705049732,1
0.035313,135513.0552443898,0.12742749857031335,0.12753328922912396,0.00033982,5.107507651109411e-06,11.638835,0.17493213705049732,1
0.035313,40333.48162676495,0.23357214690901212,0.23376605903250766,0.00033982,5.107507651109411e-06,11.638835,0.17493213705049732,0
0.035313,12004.691573379676,0.42813323987193913,0.42848867642835964,0.00033982,5.107507651109411e-06,11.638835,0.17493213705049732,0
0.035313,3573.04398463504,0.7847599703514607,0.7854114753643627,0.00033982,5.107507651109411e-06,11.638835,0.17493213705049732,0
0.035313,1063.4862187934748,1.438449888287663,1.4396440671652107,0.00033982,5.107507651109411e-06,11.638835,0.17493213705049732,0
0.035313,316.04193118018003,2.636650898730358,2.6388418428979605,0.00033982,5.107507651109411e-06,11.638835,0.17493213705049732,0
0.035313,94.06074568280995,4.832930238571752,4.836946461956857,0.00033982,5.107507651109411e-06,11.638835,0.17493213705049732,0
0.035313,27.994922244490375,8.858667904100823,8.866030720875646,0.00033982,5.107507651109411e-06,11.638835,0.17493213705049732,0
0.035313,8.332784350719596,16.23776739188721,16.251266514495203,0.00033982,5.107507651109411e-06,11.638835,0.17493213705049732,1
0.035313,2.4797258590877314,29.763514416313193,29.78824870676142,0.00033982,5.107507651109411e-06,11.638835,0.17493213705049732,1
0.035313,0.7381347446391366,54.555947811685144,54.60127917925683,0.00033982,5.107507651109411e-06,11.638835,0.17493213705049732,1
0.035313,0.2197420500843344,100.0,100.08308155918533,0.00033982,5.107507651109411e-06,11.638835,0.17493213705049732,1
0.038035,1761040982.158966,0.001,0.0010008292534490902,0.0002864,4.817960653409091e-06,9.8092,0.16501515237926137,1
0.038035,524147686.6355897,0.0018329807108324356,0.0018345007164089439,0.0002864,4.817960653409091e-06,9.8092,0.16501515237926137,1
0.038035,156004772.30802205,0.003359818286283781,0.003362604427185473,0.0002864,4.817960653409091e-06,9.8092,0.16501515237926137,1
0.038035,46432502.92939739,0.006158482110660267,0.00616358905318824,0.0002864,4.817960653409091e-06,9.8092,0.16501515237926137,1
0.038035,13819944.736421693,0.011288378916846888,0.011297739843976742,0.0002864,4.817960653409091e-06,9.8092,0.16501515237926137,1
0.038035,4113301.2767904825,0.02069138081114789,0.02070853920991933,0.0002864,4.817960653409091e-06,9.8092,0.16501515237926137,1
0.038035,1224263.0507493236,0.0379269019073225,0.03795835292073518,0.0002864,4.817960653409091e-06,9.8092,0.16501515237926137,1
0.038035,364383.7408319868,0.06951927961775606,0.0695769287153002,0.0002864,4.817960653409091e-06,9.8092,0.16501515237926137,1
0.038035,108453.43681036268,0.12742749857031335,0.1275331682342807,0.0002864,4.817960653409091e-06,9.8092,0.16501515237926137,1
0.038035,32279.58142498563,0.23357214690901212,0.23376583725165434,0.0002864,4.817960653409091e-06,9.8092,0.16501515237926137,0
0.038035,9607.561844019412,0.42813323987193913,0.4284882699103185,0.0002864,4.817960653409091e-06,9.8092,0.16501515237926137,0
0.038035,2859.568764519539,0.7847599703514607,0.7854107302353048,0.0002864,4.817960653409091e-06,9.8092,0.16501515237926137,0
0.038035,851.1263743652466,1.438449888287663,1.4396427014152748,0.0002864,4.817960653409091e-06,9.8092,0.16501515237926137,0
0.038035,252.933814530562,2.636650898730358,2.6388393328251296,0.0002864,4.817960653409091e-06,9.8092,0.16501515237926137,0
0.038035,75.27843901826171,4.832930238571752,4.836941860619438,0.0002864,4.817960653409091e-06,9.8092,0.16501515237926137,0
0.038035,22.404819810013773,8.858667904100823,8.866022285606139,0.0002864,4.817960653409091e-06,9.8092,0.16501515237926137,0
0.038035,6.6688713074876524,16.23776739188721,16.251251051807657,0.0002864,4.817960653409091e-06,9.8092,0.16501515237926137,1
0.038035,1.9845674225673058,29.763514416313193,29.788220363834,0.0002864,4.817960653409091e-06,9.8092,0.16501515237926137,1
0.038035,0.5907419795539438,54.555947811685144,54.601227240285,0.0002864,4.817960653409091e-06,9.8092,0.16501515237926137,1
0.038035,0.1758633561735353,100.0,100.08298639144638,0.0002864,4.817960653409091e-06,9.8092,0.16501515237926137,1
0.040967,1409368804.60234,0.001,0.0010008284342791869,0.00024371,4.6010523087071235e-06,8.3470675,0.15758604157321898,1
0.040967,419477687.36366665,0.0018329807108324356,0.0018344992148863117,0.00024371,4.6010523087071235e-06,8.3470675,0.15758604157321898,1
0.040967,124851301.97848496,0.003359818286283781,0.003362601674923453,0.00024371,4.6010523087071235e-06,8.3470675,0.15758604157321898,1
0.040967,37160135.29002113,0.006158482110660267,0.006163584008345055,0.00024371,4.6010523087071235e-06,8.3470675,0.15758604157321898,1
0.040967,11060162.250717131,0.011288378916846888,0.011297730596876545,0.00024371,4.6010523087071235e-06,8.3470675,0.15758604157321898,1
0.040967,3291893.0122408406,0.02069138081114789,0.02070852226016336,0.00024371,4.6010523087071235e-06,8.3470675,0.15758604157321898,1
0.040967,979783.0770737868,0.0379269019073225,0.03795832185216138,0.00024371,4.6010523087071235e-06,8.3470675,0.15758604157321898,1
0.040967,291617.90238560614,0.06951927961775606,0.06957687176721525,0.00024371,4.6010523087071235e-06,8.3470675,0.15758604157321898,1
0.040967,86795.76008756239,0.12742749857031335,0.1275330638496072,0.00024371,4.6010523087071235e-06,8.3470675,0.15758604157321898,1
0.040967,25833.490274401065,0.23357214690901212,0.23376564591694687,0.00024371,4.6010523087071235e-06,8.3470675,0.15758604157321898,0
0.040967,7688.973787607,0.42813323987193913,0.42848791919961354,0.00024371,4.6010523087071235e-06,8.3470675,0.15758604157321898,0
0.040967,2288.525395882419,0.7847599703514607,0.7854100874007686,0.00024371,4.6010523087071235e-06,8.3470675,0.15758604157321898,0
0.040967,681.1601618418117,1.438449888287663,1.4396415231735034,0.00024371,4.6010523087071235e-06,8.3470675,0.15758604157321898,0
0.040967,202.42404073452096,2.636650898730358,2.6388371659613905,0.00024371,4.6010523087071235e-06,8.3470675,0.15758604157321898,0
0.040967,60.24566488711537,4.832930238571752,4.836937888397072,0.00024371,4.6010523087071235e-06,8.3470675,0.15758604157321898,0
0.040967,17.93067563443226,8.858667904100823,8.866015003714276,0.00024371,4.6010523087071235e-06,8.3470675,0.15758604157321898,1
0.040967,5.337127023002467,16.23776739188721,16.251237704244378,0.00024371,4.6010523087071235e-06,8.3470675,0.15758604157321898,1
0.040967,1.588258010202479,29.763514416313193,29.788195894410975,0.00024371,4.6010523087071235e-06,8.3470675,0.15758604157321898,1
0.040967,0.4727733951144503,54.555947811685144,54.601182401544406,0.00024371,4.6010523087071235e-06,8.3470675,0.15758604157321898,1
0.040967,0.140744214483022,100.0,100.0829042411975,0.00024371,4.6010523087071235e-06,8.3470675,0.15758604157321898,1
0.044124,1127999457.377298,0.001,0.0010008277427195128,0.00019886,4.440582853643601e-06,6.810955,0.15208996273729333,1
0.044124,335732281.1338986,0.0018329807108324356,0.0018344979472707692,0.00019886,4.440582853643601e-06,6.810955,0.15208996273729333,1
0.044124,99925725.91694073,0.003359818286283781,0.003362599351408616,0.00019886,4.440582853643601e-06,6.810955,0.15208996273729333,1
0.044124,29741407.860263646,0.006158482110660267,0.006163579749387188,0.00019886,4.440582853643601e-06,6.810955,0.15208996273729333,1
0.044124,8852088.237353552,0.011288378916846888,0.011297722790288983,0.00019886,4.440582853643601e-06,6.810955,0.15208996273729333,1
0.044124,2634692.579703513,0.02069138081114789,0.02070850795083929,0.00019886,4.440582853643601e-06,6.810955,0.15208996273729333,1
0.044124,784177.1264393361,0.0379269019073225,0.03795829562344847,0.00019886,4.440582853643601e-06,6.810955,0.15208996273729333,1
0.044124,233398.69207968173,0.06951927961775606,0.06957682369050303,0.00019886,4.440582853643601e-06,6.810955,0.15208996273729333,1
0.044124,69467.67230929206,0.12742749857031335,0.12753297572599495,0.00019886,4.440582853643601e-06,6.810955,0.15208996273729333,1
0.044124,20676.038036446338,0.23357214690901212,0.2337654843884859,0.00019886,4.440582853643601e-06,6.810955,0.15208996273729333,0
0.044124,6153.930916851912,0.42813323987193913,0.42848762312337507,0.00019886,4.440582853643601e-06,6.810955,0.15208996273729333,0
0.044124,1831.6393807178943,0.7847599703514607,0.785409544711196,0.00019886,4.440582853643601e-06,6.810955,0.15208996273729333,0
0.044124,545.1719168174685,1.438449888287663,1.4396405285013776,0.00019886,4.440582853643601e-06,6.810955,0.15208996273729333,0
0.044124,162.01168187855046,2.636650898730358,2.6388353349042672,0.00019886,4.440582853643601e-06,6.810955,0.15208996273729333,0
0.044124,48.21809440944673,4.832930238571752,4.836934531715445,0.00019886,4.440582853643601e-06,6.810955,0.15208996273729333,0
0.044124,14.350958124095694,8.858667904100823,8.866008850323563,0.00019886,4.440582853643601e-06,6.810955,0.15208996273729333,1
0.044124,4.271611873886866,16.23776739188721,16.25122642630551,0.00019886,4.440582853643601e-06,6.810955,0.15208996273729333,1
0.044124,1.2711748599721533,29.763514416313193,29.78817521468437,0.00019886,4.440582853643601e-06,6.810955,0.15208996273729333,1
0.044124,0.3783879249361563,54.555947811685144,54.601144509683564,0.00019886,4.440582853643601e-06,6.810955,0.15208996273729333,1
0.044124,0.11264574476987287,100.0,100.08283482835525,0.00019886,4.440582853643601e-06,6.810955,0.15208996273729333,1
0.047525,902760637.8576713,0.001,0.0010008271775461385,0.00016614,4.209506738697753e-06,5.690295,0.14417560580039804,1
0.047525,268693292.6107535,0.0018329807108324356,0.0018344969113188755,0.00016614,4.209506738697753e-06,5.690295,0.14417560580039804,1
0.047525,79972566.8990234,0.003359818286283781,0.0033625974525287802,0.00016614,4.209506738697753e-06,5.690295,0.14417560580039804,1
0.047525,23802646.495188743,0.006158482110660267,0.006163576268777086,0.00016614,4.209506738697753e-06,5.690295,0.14417560580039804,1
0.047525,7084504.138065796,0.011288378916846888,0.011297716410397868,0.00016614,4.209506738697753e-06,5.690295,0.14417560580039804,1
0.047525,2108597.4272913192,0.02069138081114789,0.020708496256622324,0.00016614,4.209506738697753e-06,5.690295,0.14417560580039804,1
0.047525,627592.7157833198,0.0379269019073225,0.03795827418817669,0.00016614,4.209506738697753e-06,5.690295,0.14417560580039804,1
0.047525,186793.66444613988,0.06951927961775606,0.06957678440007736,0.00016614,4.209506738697753e-06,5.690295,0.14417560580039804,1
0.047525,55596.374407846015,0.12742749857031335,0.12753290370748474,0.00016614,4.209506738697753e-06,5.690295,0.14417560580039804,1
0.047525,16547.448816451015,0.23357214690901212,0.23376535238041363,0.00016614,4.209506738697753e-06,5.690295,0.14417560580039804,0
0.047525,4925.114602933666,0.42813323987193913,0.4284873811576999,0.00016614,4.209506738697753e-06,5.690295,0.14417560580039804,0
0.047525,1465.897811094459,0.7847599703514607,0.7854091012066515,0.00016614,4.209506738697753e-06,5.690295,0.14417560580039804,0
0.047525,436.31204252892445,1.438449888287663,1.4396397156413763,0.00016614,4.209506738697753e-06,5.690295,0.14417560580039804,0
0.047525,129.66120666871527,2.636650898730358,2.638833836197916,0.00016614,4.209506738697753e-06,5.690295,0.14417560580039804,0
0.047525,38.58991054839967,4.832930238571752,4.836931784233328,0.00016614,4.209506738697753e-06,5.690295,0.14417560580039804,0
0.047525,11.485360401067947,8.858667904100823,8.866003813820445,0.00016614,4.209506738697753e-06,5.690295,0.14417560580039804,1
0.047525,3.4186569097955,16.23776739188721,16.2512171968416,0.00016614,4.209506738697753e-06,5.690295,0.14417560580039804,1
0.047525,1.017346801356231,29.763514416313193,29.788158285326816,0.00016614,4.209506738697753e-06,5.690295,0.14417560580039804,1
0.047525,0.3028314642713459,54.555947811685144,54.60111349294853,0.00016614,4.209506738697753e-06,5.690295,0.14417560580039804,1
0.047525,0.09015265430304018,100.0,100.08277802268725,0.00016614,4.209506738697753e-06,5.690295,0.14417560580039804,1
0.051188,722502212.7543027,0.001,0.0010008267408149266,0.00014275,3.882312061229876e-06,4.8891875,0.13296918809712324,1
0.051188,215042050.26506177,0.0018329807108324356,0.0018344961107989888,0.00014275,3.882312061229876e-06,4.8891875,0.13296918809712324,1
0.051188,64004071.64550678,0.003359818286283781,0.0033625959851912705,0.00014275,3.882312061229876e-06,4.8891875,0.13296918809712324,1
0.051188,19049861.104925033,0.006158482110660267,0.006163573579175747,0.00014275,3.882312061229876e-06,4.8891875,0.13296918809712324,1
0.051188,5669908.169862392,0.011288378916846888,0.011297711480410566,0.00014275,3.882312061229876e-06,4.8891875,0.13296918809712324,1
0.051188,1687563.9490011085,0.02069138081114789,0.020708487220051135,0.00014275,3.882312061229876e-06,4.8891875,0.13296918809712324,1
0.051188,502278.35247427365,0.0379269019073225,0.03795825762431867,0.00014275,3.882312061229876e-06,4.8891875,0.13296918809712324,1
0.051188,149495.70266038377,0.06951927961775606,0.069576754038861,0.00014275,3.882312061229876e-06,4.8891875,0.13296918809712324,1
0.051188,44495.18714723982,0.12742749857031335,0.12753284805605403,0.00014275,3.882312061229876e-06,4.8891875,0.13296918809712324,1
0.051188,13243.342569252278,0.23357214690901212,0.233765250372945,0.00014275,3.882312061229876e-06,4.8891875,0.13296918809712324,0
0.051188,3941.6940098377218,0.42813323987193913,0.42848719418289716,0.00014275,3.882312061229876e-06,4.8891875,0.13296918809712324,0
0.051188,1173.195161219847,0.7847599703514607,0.7854087585011806,0.00014275,3.882312061229876e-06,4.8891875,0.13296918809712324,0
0.051188,349.1915828662722,1.438449888287663,1.439639087554513,0.00014275,3.882312061229876e-06,4.8891875,0.13296918809712324,0
0.051188,103.77115016818637,2.636650898730358,2.638832674980247,0.00014275,3.882312061229876e-06,4.8891875,0.13296918809712324,0
0.051188,30.88448356594125,4.832930238571752,4.836929655360992,0.00014275,3.882312061229876e-06,4.8891875,0.13296918809712324,0
0.051188,9.192025079146294,8.858667904100823,8.86599991147128,0.00014275,3.882312061229876e-06,4.8891875,0.13296918809712324,1
0.051188,2.7360378000134666,16.23776739188721,16.25121004769128,0.00014275,3.882312061229876e-06,4.8891875,0.13296918809712324,1
0.051188,0.8142084320626518,29.763514416313193,29.788145163943042,0.00014275,3.882312061229876e-06,4.8891875,0.13296918809712324,1
0.051188,0.24236369627441048,54.555947811685144,54.60108945732436,0.00014275,3.882312061229876e-06,4.8891875,0.13296918809712324,1
0.051188,0.072151454105429,100.0,100.08273402006301,0.00014275,3.882312061229876e-06,4.8891875,0.13296918809712324,1
0.055134,578214695.9875531,0.001,0.0010008264379511751,0.00012394,3.6165388140161724e-06,4.244945,0.1238664543800539,1
0.055134,172097014.40850323,0.0018329807108324356,0.0018344955556555747,0.00012394,3.6165388140161724e-06,4.244945,0.1238664543800539,1
0.055134,51222119.704507105,0.003359818286283781,0.0033625949676241032,0.00012394,3.6165388140161724e-06,4.244945,0.1238664543800539,1
0.055134,15245502.99354586,0.006158482110660267,0.006163571713994771,0.00012394,3.6165388140161724e-06,4.244945,0.1238664543800539,1
0.055134,4537597.492215706,0.011288378916846888,0.011297708061569897,0.00012394,3.6165388140161724e-06,4.244945,0.1238664543800539,1
0.055134,1350548.4945316734,0.02069138081114789,0.02070848095338264,0.00012394,3.6165388140161724e-06,4.244945,0.1238664543800539,1
0.055134,401970.70645609405,0.0379269019073225,0.03795824613763928,0.00012394,3.6165388140161724e-06,4.244945,0.1238664543800539,1
0.055134,119640.61941844055,0.06951927961775606,0.06957673298401765,0.00012394,3.6165388140161724e-06,4.244945,0.1238664543800539,1
0.055134,35609.26271917531,0.12742749857031335,0.12753280946304005,0.00012394,3.6165388140161724e-06,4.244945,0.1238664543800539,0
0.055134,10598.576948651851,0.23357214690901212,0.2337651796333079,0.00012394,3.6165388140161724e-06,4.244945,0.1238664543800539,0
0.055134,3154.516848885397,0.42813323987193913,0.42848706452188173,0.00012394,3.6165388140161724e-06,4.244945,0.1238664543800539,0
0.055134,938.9018766022833,0.7847599703514607,0.7854085208532388,0.00012394,3.6165388140161724e-06,4.244945,0.1238664543800539,0
0.055134,279.4561750824269,1.438449888287663,1.4396386520497322,0.00012394,3.6165388140161724e-06,4.244945,0.1238664543800539,0
0.055134,83.04750306006868,2.636650898730358,2.638831865185324,0.00012394,3.6165388140161724e-06,4.244945,0.1238664543800539,0
0.055134,24.716688998551064,4.832930238571752,4.836928170630262,0.00012394,3.6165388140161724e-06,4.244945,0.1238664543800539,1
0.055134,7.356329116076795,8.858667904100823,8.86599719010251,0.00012394,3.6165388140161724e-06,4.244945,0.1238664543800539,1
0.055134,2.1896366074093425,16.23776739188721,16.251205064949943,0.00012394,3.6165388140161724e-06,4.244945,0.1238664543800539,1
0.055134,0.6516067058010606,29.763514416313193,29.788136007307354,0.00012394,3.6165388140161724e-06,4.244945,0.1238664543800539,1
0.055134,0.19396238505910285,54.555947811685144,54.601072690684575,0.00012394,3.6165388140161724e-06,4.244945,0.1238664543800539,1
0.055134,0.057742427260644186,100.0,100.08270335025196,0.00012394,3.6165388140161724e-06,4.244945,0.1238664543800539,1
0.059383,462769318.67592776,0.001,0.0010008262794578035,0.00010391,3.381231323930846e-06,3.5589175,0.11580717284463148,1
0.059383,137736412.88719285,0.0018329807108324356,0.0018344952651402821,0.00010391,3.381231323930846e-06,3.5589175,0.11580717284463148,1
0.059383,40995197.114986084,0.003359818286283781,0.0033625944351151783,0.00010391,3.381231323930846e-06,3.5589175,0.11580717284463148,1
0.059383,12201611.412081504,0.006158482110660267,0.006163570737916198,0.00010391,3.381231323930846e-06,3.5589175,0.11580717284463148,1
0.059383,3631628.380374807,0.011288378916846888,0.0112977062724368,0.00010391,3.381231323930846e-06,3.5589175,0.11580717284463148,1
0.059383,1080900.2451688033,0.02069138081114789,0.020708477673936784,0.00010391,3.381231323930846e-06,3.5589175,0.11580717284463148,1
0.059383,321713.9087698004,0.0379269019073225,0.037958240126481906,0.00010391,3.381231323930846e-06,3.5589175,0.11580717284463148,1
0.059383,95753.37382182451,0.06951927961775606,0.0695767219657038,0.00010391,3.381231323930846e-06,3.5589175,0.11580717284463148,1
0.059383,28499.576993444764,0.12742749857031335,0.1275327892668102,0.00010391,3.381231323930846e-06,3.5589175,0.11580717284463148,0
0.059383,8482.48283455104,0.23357214690901212,0.23376514261473028,0.00010391,3.381231323930846e-06,3.5589175,0.11580717284463148,0
0.059383,2524.6913006250506,0.42813323987193913,0.42848699667151713,0.00010391,3.381231323930846e-06,3.5589175,0.11580717284463148,0
0.059383,751.4423011092732,0.7847599703514607,0.7854083965062687,0.00010391,3.381231323930846e-06,3.5589175,0.11580717284463148,0
0.059383,223.66042336262353,1.438449888287663,1.439638424241384,0.00010391,3.381231323930846e-06,3.5589175,0.11580717284463148,0
0.059383,66.4663785855061,2.636650898730358,2.6388314340221153,0.00010391,3.381231323930846e-06,3.5589175,0.11580717284463148,0
0.059383,19.78179655176096,4.832930238571752,4.836927379903718,0.00010391,3.381231323930846e-06,3.5589175,0.11580717284463148,1
0.059383,5.887576861092271,8.858667904100823,8.865995741151822,0.00010391,3.381231323930846e-06,3.5589175,0.11580717284463148,1
0.059383,1.7524574634287684,16.23776739188721,16.251202416583368,0.00010391,3.381231323930846e-06,3.5589175,0.11580717284463148,1
0.059383,0.5215080098901034,29.763514416313193,29.788131121885268,0.00010391,3.381231323930846e-06,3.5589175,0.11580717284463148,1
0.059383,0.15523618209064738,54.555947811685144,54.60106375542567,0.00010391,3.381231323930846e-06,3.5589175,0.11580717284463148,1
0.059383,0.0462136714528533,100.0,100.08268704686547,0.00010391,3.381231323930846e-06,3.5589175,0.11580717284463148,1
0.06396,370363640.00795496,0.001,0.001000826282593743,8.7839e-05,3.1722236957184986e-06,3.0084857499999997,0.10864866157835858,1
0.06396,110233235.3935997,0.0018329807108324356,0.0018344952708883996,8.7839e-05,3.1722236957184986e-06,3.0084857499999997,0.10864866157835858,1
0.06396,32809284.91498027,0.003359818286283781,0.00336259444565137,8.7839e-05,3.1722236957184986e-06,3.0084857499999997,0.10864866157835858,1
0.06396,9765196.252575438,0.006158482110660267,0.0061635707572288536,8.7839e-05,3.1722236957184986e-06,3.0084857499999997,0.10864866157835858,1
0.06396,2906465.6013932116,0.011288378916846888,0.011297706307836643,8.7839e-05,3.1722236957184986e-06,3.0084857499999997,0.10864866157835858,1
0.06396,865066.31518176,0.02069138081114789,0.02070847773882473,8.7839e-05,3.1722236957184986e-06,3.0084857499999997,0.10864866157835858,1
0.06396,257474.14421084538,0.0379269019073225,0.037958240245424615,8.7839e-05,3.1722236957184986e-06,3.0084857499999997,0.10864866157835858,1
0.06396,76633.36059770042,0.06951927961775606,0.06957672218374952,8.7839e-05,3.1722236957184986e-06,3.0084857499999997,0.10864866157835858,1
0.06396,22808.787549124187,0.12742749857031335,0.1275327896666363,8.7839e-05,3.1722236957184986e-06,3.0084857499999997,0.10864866157835858,0
0.06396,6788.702474602059,0.23357214690901212,0.2337651433484711,8.7839e-05,3.1722236957184986e-06,3.0084857499999997,0.10864866157835858,0
0.06396,2020.561481108979,0.42813323987193913,0.4284869980212238,8.7839e-05,3.1722236957184986e-06,3.0084857499999997,0.10864866157835858,0
0.06396,601.3944629158011,0.7847599703514607,0.7854083990060161,8.7839e-05,3.1722236957184986e-06,3.0084857499999997,0.10864866157835858,0
0.06396,178.99995775067617,1.438449888287663,1.4396384289645014,8.7839e-05,3.1722236957184986e-06,3.0084857499999997,0.10864866157835858,0
0.06396,53.194387065417565,2.636650898730358,2.6388314263249133,8.7839e-05,3.1722236957184986e-06,3.0084857499999997,0.10864866157835858,0
0.06396,15.83177187895637,4.832930238571752,4.836927365347238,8.7839e-05,3.1722236957184986e-06,3.0084857499999997,0.10864866157835858,1
0.06396,4.711946849258713,8.858667904100823,8.865995715288049,8.7839e-05,3.1722236957184986e-06,3.0084857499999997,0.10864866157835858,1
0.06396,1.402527157761015,16.23776739188721,16.251202379282056,8.7839e-05,3.1722236957184986e-06,3.0084857499999997,0.10864866157835858,1
0.06396,0.41737340842113263,29.763514416313193,29.788131012837308,8.7839e-05,3.1722236957184986e-06,3.0084857499999997,0.10864866157835858,1
0.06396,0.12423865612867631,54.555947811685144,54.60106357839081,8.7839e-05,3.1722236957184986e-06,3.0084857499999997,0.10864866157835858,1
0.06396,0.03698573584693436,100.0,100.08268681261119,8.7839e-05,3.1722236957184986e-06,3.0084857499999997,0.10864866157835858,1
0.06889,296406251.89108264,0.001,0.001000826475072994,7.1246e-05,3.008324885589342e-06,2.4401755,0.10303512733143495,1
0.06889,88220917.51809788,0.0018329807108324356,0.0018344956236991544,7.1246e-05,3.008324885589342e-06,2.4401755,0.10303512733143495,1
0.06889,26257645.509335168,0.003359818286283781,0.003362595092346682,7.1246e-05,3.008324885589342e-06,2.4401755,0.10303512733143495,1
0.06889,7815198.112170309,0.006158482110660267,0.006163571942608911,7.1246e-05,3.008324885589342e-06,2.4401755,0.10303512733143495,1
0.06889,2326077.6223626644,0.011288378916846888,0.011297708480615566,7.1246e-05,3.008324885589342e-06,2.4401755,0.10303512733143495,1
0.06889,692322.4539933534,0.02069138081114789,0.020708481721487468,7.1246e-05,3.008324885589342e-06,2.4401755,0.10303512733143495,1
0.06889,206059.4988285698,0.0379269019073225,0.037958247545573934,7.1246e-05,3.008324885589342e-06,2.4401755,0.10303512733143495,1
0.06889,61330.55389578307,0.06951927961775606,0.06957673556481432,7.1246e-05,3.008324885589342e-06,2.4401755,0.10303512733143495,1
0.06889,18254.13322818678,0.12742749857031335,0.1275328141940569,7.1246e-05,3.008324885589342e-06,2.4401755,0.10303512733143495,0
0.06889,5433.076140046963,0.23357214690901212,0.23376518830782347,7.1246e-05,3.008324885589342e-06,2.4401755,0.10303512733143495,0
0.06889,1617.0784348287189,0.42813323987193913,0.42848708043670236,7.1246e-05,3.008324885589342e-06,2.4401755,0.10303512733143495,0
0.06889,481.30285853906844,0.7847599703514607,0.7854085501035919,7.1246e-05,3.008324885589342e-06,2.4401755,0.10303512733143495,0
0.06889,143.25571090500821,1.438449888287663,1.4396387060967597,7.1246e-05,3.008324885589342e-06,2.4401755,0.10303512733143495,0
0.06889,42.57207633439355,2.636650898730358,2.6388319142272314,7.1246e-05,3.008324885589342e-06,2.4401755,0.10303512733143495,1
0.06889,12.670348105789651,4.832930238571752,4.836928259160778,7.1246e-05,3.008324885589342e-06,2.4401755,0.10303512733143495,1
0.06889,3.771024959654524,8.858667904100823,8.865997354920964,7.1246e-05,3.008324885589342e-06,2.4401755,0.10303512733143495,1
0.06889,1.1224585281810122,16.23776739188721,16.25120539812111,7.1246e-05,3.008324885589342e-06,2.4401755,0.10303512733143495,1
0.06889,0.33402871271433443,29.763514416313193,29.78813649310869,7.1246e-05,3.008324885589342e-06,2.4401755,0.10303512733143495,1
0.06889,0.0994296173658375,54.555947811685144,54.601073650927965,7.1246e-05,3.008324885589342e-06,2.4401755,0.10303512733143495,1
0.06889,0.02960010731857142,100.0,100.08270538644925,7.1246e-05,3.008324885589342e-06,2.4401755,0.10303512733143495,1
0.0742,237217035.08640334,0.001,0.0010008269006401287,6.0587e-05,2.8422937727603787e-06,2.07510475,0.09734856171704297,1
0.0742,70604126.44040762,0.0018329807108324356,0.001834496403755504,6.0587e-05,2.8422937727603787e-06,2.07510475,0.09734856171704297,1
0.0742,21014269.356110267,0.003359818286283781,0.003362596522174928,6.0587e-05,2.8422937727603787e-06,2.07510475,0.09734856171704297,1
0.0742,6254585.09378238,0.006158482110660267,0.0061635745634565356,6.0587e-05,2.8422937727603787e-06,2.07510475,0.09734856171704297,1
0.0742,1861584.3405368945,0.011288378916846888,0.01129771328457889,6.0587e-05,2.8422937727603787e-06,2.07510475,0.09734856171704297,1
0.0742,554072.9279906218,0.02069138081114789,0.020708490527060683,6.0587e-05,2.8422937727603787e-06,2.07510475,0.09734856171704297,1
0.0742,164911.58014250424,0.0379269019073225,0.037958263686026485,6.0587e-05,2.8422937727603787e-06,2.07510475,0.09734856171704297,1
0.0742,49083.486136059095,0.06951927961775606,0.06957676514999254,6.0587e-05,2.8422937727603787e-06,2.07510475,0.09734856171704297,1
0.0742,14608.974455868025,0.12742749857031335,0.1275328684233524,6.0587e-05,2.8422937727603787e-06,2.07510475,0.09734856171704297,0
0.0742,4348.147871690645,0.23357214690901212,0.23376528771040989,6.0587e-05,2.8422937727603787e-06,2.07510475,0.09734856171704297,0
0.0742,1294.164847544427,0.42813323987193913,0.42848726264706627,6.0587e-05,2.8422937727603787e-06,2.07510475,0.09734856171704297,0
0.0742,385.1917303800106,0.7847599703514607,0.7854088841313053,6.0587e-05,2.8422937727603787e-06,2.07510475,0.09734856171704297,0
0.0742,114.64904928902953,1.438449888287663,1.439639318580757,6.0587e-05,2.8422937727603787e-06,2.07510475,0.09734856171704297,0
0.0742,34.07088030313789,2.636650898730358,2.6388330116971233,6.0587e-05,2.8422937727603787e-06,2.07510475,0.09734856171704297,1
0.0742,10.140212814566535,4.832930238571752,4.836930270218087,6.0587e-05,2.8422937727603787e-06,2.07510475,0.09734856171704297,1
0.0742,3.0179909293183353,8.858667904100823,8.86600104304825,6.0587e-05,2.8422937727603787e-06,2.07510475,0.09734856171704297,1
0.0742,0.8983153635831819,16.23776739188721,16.251212176230368,6.0587e-05,2.8422937727603787e-06,2.07510475,0.09734856171704297,1
0.0742,0.26732669144966587,29.763514416313193,29.78814884727553,6.0587e-05,2.8422937727603787e-06,2.07510475,0.09734856171704297,1
0.0742,0.07957456822704431,54.555947811685144,54.60109632943169,6.0587e-05,2.8422937727603787e-06,2.07510475,0.09734856171704297,1
0.0742,0.023689277047029427,100.0,100.0827470954227,6.0587e-05,2.8422937727603787e-06,2.07510475,0.09734856171704297,1
0.080189,187937897.5405738,0.001,0.0010008276713395234,5.1209e-05,2.674409010989011e-06,1.7539082499999998,0.09159850862637363,1
0.080189,55936923.23178177,0.0018329807108324356,0.0018344978164326297,5.1209e-05,2.674409010989011e-06,1.7539082499999998,0.09159850862637363,1
0.080189,16648794.2137045,0.003359818286283781,0.0033625991115848568,5.1209e-05,2.674409010989011e-06,1.7539082499999998,0.09159850862637363,1
0.080189,4955266.269498301,0.006158482110660267,0.006163579309795028,5.1209e-05,2.674409010989011e-06,1.7539082499999998,0.09159850862637363,1
0.080189,1474861.3940289035,0.011288378916846888,0.011297721984526039,5.1209e-05,2.674409010989011e-06,1.7539082499999998,0.09159850862637363,1
0.080189,438970.58713660785,0.02069138081114789,0.020708506473897492,5.1209e-05,2.674409010989011e-06,1.7539082499999998,0.09159850862637363,1
0.080189,130653.0774266027,0.0379269019073225,0.03795829291627982,5.1209e-05,2.674409010989011e-06,1.7539082499999998,0.09159850862637363,1
0.080189,38886.950867547675,0.06951927961775606,0.06957681872853733,5.1209e-05,2.674409010989011e-06,1.7539082499999998,0.09159850862637363,1
0.080189,11574.126383622062,0.12742749857031335,0.12753296663210922,5.1209e-05,2.674409010989011e-06,1.7539082499999998,0.09159850862637363,0
0.080189,3444.8696691751024,0.23357214690901212,0.2337654677269737,5.1209e-05,2.674409010989011e-06,1.7539082499999998,0.09159850862637363,0
0.080189,1025.3168386975628,0.42813323987193913,0.4284875926238995,5.1209e-05,2.674409010989011e-06,1.7539082499999998,0.09159850862637363,0
0.080189,305.17253499492017,0.7847599703514607,0.7854094890261719,5.1209e-05,2.674409010989011e-06,1.7539082499999998,0.09159850862637363,0
0.080189,90.83201489364122,1.438449888287663,1.4396404276365122,5.1209e-05,2.674409010989011e-06,1.7539082499999998,0.09159850862637363,0
0.080189,26.99304364826448,2.636650898730358,2.638835010409693,5.1209e-05,2.674409010989011e-06,1.7539082499999998,0.09159850862637363,1
0.080189,8.033699301385546,4.832930238571752,4.836933933076988,5.1209e-05,2.674409010989011e-06,1.7539082499999998,0.09159850862637363,1
0.080189,2.3910377501148887,8.858667904100823,8.866007759864727,5.1209e-05,2.674409010989011e-06,1.7539082499999998,0.09159850862637363,1
0.080189,0.7117005963065581,16.23776739188721,16.25122451326022,5.1209e-05,2.674409010989011e-06,1.7539082499999998,0.09159850862637363,1
0.080189,0.21179262199639323,29.763514416313193,29.788171362585793,5.1209e-05,2.674409010989011e-06,1.7539082499999998,0.09159850862637363,1
0.080189,0.06304385962563452,54.555947811685144,54.60113764428872,5.1209e-05,2.674409010989011e-06,1.7539082499999998,0.09159850862637363,1
0.080189,0.018768099962339756,100.0,100.08282301446471,5.1209e-05,2.674409010989011e-06,1.7539082499999998,0.09159850862637363,1
0.086176,151425929.95012727,0.001,0.001000828799419282,4.2995e-05,2.5678974576271186e-06,1.4725787499999998,0.08795048792372881,1
0.086176,45069678.49362456,0.0018329807108324356,0.001834499884181069,4.2995e-05,2.5678974576271186e-06,1.4725787499999998,0.08795048792372881,1
0.086176,13414320.258713199,0.003359818286283781,0.003362602901727869,4.2995e-05,2.5678974576271186e-06,1.4725787499999998,0.08795048792372881,1
0.086176,3992573.14692087,0.006158482110660267,0.0061635862570541084,4.2995e-05,2.5678974576271186e-06,1.4725787499999998,0.08795048792372881,1
0.086176,1188330.0870178924,0.011288378916846888,0.011297734718718231,4.2995e-05,2.5678974576271186e-06,1.4725787499999998,0.08795048792372881,1
0.086176,353688.7995862877,0.02069138081114789,0.020708529815428003,4.2995e-05,2.5678974576271186e-06,1.4725787499999998,0.08795048792372881,1
0.086176,105270.21962603566,0.0379269019073225,0.03795833570086623,4.2995e-05,2.5678974576271186e-06,1.4725787499999998,0.08795048792372881,1
0.086176,31332.119679346597,0.06951927961775606,0.069576897151926,4.2995e-05,2.5678974576271186e-06,1.4725787499999998,0.08795048792372881,1
0.086176,9325.542500576961,0.12742749857031335,0.12753311038106066,4.2995e-05,2.5678974576271186e-06,1.4725787499999998,0.08795048792372881,0
0.086176,2775.6115186065717,0.23357214690901212,0.23376573121826263,4.2995e-05,2.5678974576271186e-06,1.4725787499999998,0.08795048792372881,0
0.086176,826.1215955430214,0.42813323987193913,0.4284880756106421,4.2995e-05,2.5678974576271186e-06,1.4725787499999998,0.08795048792372881,0
0.086176,245.88460070633113,0.7847599703514607,0.7854103743979403,4.2995e-05,2.5678974576271186e-06,1.4725787499999998,0.08795048792372881,0
0.086176,73.18546441909089,1.438449888287663,1.4396420508709808,4.2995e-05,2.5678974576271186e-06,1.4725787499999998,0.08795048792372881,0
0.086176,21.74892303467499,2.636650898730358,2.6388379435109983,4.2995e-05,2.5678974576271186e-06,1.4725787499999998,0.08795048792372881,1
0.086176,6.472938368112905,4.832930238571752,4.836939308520585,4.2995e-05,2.5678974576271186e-06,1.4725787499999998,0.08795048792372881,1
0.086176,1.926514724190088,8.858667904100823,8.866017616759803,4.2995e-05,2.5678974576271186e-06,1.4725787499999998,0.08795048792372881,1
0.086176,0.5734337214020908,16.23776739188721,16.2512426129129,4.2995e-05,2.5678974576271186e-06,1.4725787499999998,0.08795048792372881,1
0.086176,0.17064624178718957,29.763514416313193,29.788204414377255,4.2995e-05,2.5678974576271186e-06,1.4725787499999998,0.08795048792372881,1
0.086176,0.05079590395585501,54.555947811685144,54.601198282217766,4.2995e-05,2.5678974576271186e-06,1.4725787499999998,0.08795048792372881,1
0.086176,0.015121894570155952,100.0,100.08293439751995,4.2995e-05,2.5678974576271186e-06,1.4725787499999998,0.08795048792372881,1
0.092714,121597055.37367207,0.001,0.0010008305505038915,3.5029e-05,2.492726085689303e-06,1.19974325,0.08537586843485863,1
0.092714,36191557.10826952,0.0018329807108324356,0.0018345030938853829,3.5029e-05,2.492726085689303e-06,1.19974325,0.08537586843485863,1
0.092714,10771879.319718411,0.003359818286283781,0.0033626087850539754,3.5029e-05,2.492726085689303e-06,1.19974325,0.08537586843485863,1
0.092714,3206089.8565354925,0.006158482110660267,0.006163597041077448,3.5029e-05,2.492726085689303e-06,1.19974325,0.08537586843485863,1
0.092714,954245.0189402176,0.011288378916846888,0.01129775448562542,3.5029e-05,2.492726085689303e-06,1.19974325,0.08537586843485863,1
0.092714,284016.85604632087,0.02069138081114789,0.02070856604779018,3.5029e-05,2.492726085689303e-06,1.19974325,0.08537586843485863,1
0.092714,84533.40012021658,0.0379269019073225,0.03795840211410289,3.5029e-05,2.492726085689303e-06,1.19974325,0.08537586843485863,1
0.092714,25160.11288729429,0.06951927961775606,0.06957701888620148,3.5029e-05,2.492726085689303e-06,1.19974325,0.08537586843485863,1
0.092714,7488.535868268934,0.12742749857031335,0.12753333351818846,3.5029e-05,2.492726085689303e-06,1.19974325,0.08537586843485863,0
0.092714,2228.853325327003,0.23357214690901212,0.23376614022743605,3.5029e-05,2.492726085689303e-06,1.19974325,0.08537586843485863,0
0.092714,663.386735807103,0.42813323987193913,0.42848882533375,3.5029e-05,2.492726085689303e-06,1.19974325,0.08537586843485863,0
0.092714,197.448636481322,0.7847599703514607,0.7854117487187363,3.5029e-05,2.492726085689303e-06,1.19974325,0.08537586843485863,0
0.092714,58.768910731720425,1.438449888287663,1.4396445704850795,3.5029e-05,2.492726085689303e-06,1.19974325,0.08537586843485863,1
0.092714,17.464678061468145,2.636650898730358,2.6388425028276017,3.5029e-05,2.492726085689303e-06,1.19974325,0.08537586843485863,1
0.092714,5.197856676133873,4.832930238571752,4.83694766448087,3.5029e-05,2.492726085689303e-06,1.19974325,0.08537586843485863,1
0.092714,1.5470172659023322,8.858667904100823,8.866032938665498,3.5029e-05,2.492726085689303e-06,1.19974325,0.08537586843485863,1
0.092714,0.4604749982566136,16.23776739188721,16.251270743568956,3.5029e-05,2.492726085689303e-06,1.19974325,0.08537586843485863,1
0.092714,0.13703123077371754,29.763514416313193,29.788255800192463,3.5029e-05,2.492726085689303e-06,1.19974325,0.08537586843485863,1
0.092714,0.04078979496882918,54.555947811685144,54.60129254713739,3.5029e-05,2.492726085689303e-06,1.19974325,0.08537586843485863,1
0.092714,0.012143084912693815,100.0,100.08310751203237,3.5029e-05,2.492726085689303e-06,1.19974325,0.08537586843485863,1
0.09986,97315728.78266181,0.001,0.001000833336477603,2.9062e-05,2.4072675682986205e-06,0.9953735,0.08244891421422776,1
0.09986,28964580.96741988,0.0018329807108324356,0.0018345082005214596,2.9062e-05,2.4072675682986205e-06,0.9953735,0.08244891421422776,1
0.09986,8620877.233711671,0.003359818286283781,0.003362618145419418,2.9062e-05,2.4072675682986205e-06,0.9953735,0.08244891421422776,1
0.09986,2565876.0401116647,0.006158482110660267,0.006163614198446853,2.9062e-05,2.4072675682986205e-06,0.9953735,0.08244891421422776,1
0.09986,763694.8869362485,0.011288378916846888,0.01129778593475322,2.9062e-05,2.4072675682986205e-06,0.9953735,0.08244891421422776,1
0.09986,227302.43958421974,0.02069138081114789,0.020708623693438656,2.9062e-05,2.4072675682986205e-06,0.9953735,0.08244891421422776,1
0.09986,67653.1961557817,0.0379269019073225,0.03795850777748787,2.9062e-05,2.4072675682986205e-06,0.9953735,0.08244891421422776,1
0.09986,20135.970516246845,0.06951927961775606,0.0695772125652871,2.9062e-05,2.4072675682986205e-06,0.9953735,0.08244891421422776,1
0.09986,5993.174121547718,0.12742749857031335,0.1275336885290312,2.9062e-05,2.4072675682986205e-06,0.9953735,0.08244891421422776,0
0.09986,1783.7807422589979,0.23357214690901212,0.23376679096009617,2.9062e-05,2.4072675682986205e-06,0.9953735,0.08244891421422776,0
0.09986,530.9171628353076,0.42813323987193913,0.42849001813966126,2.9062e-05,2.4072675682986205e-06,0.9953735,0.08244891421422776,0
0.09986,158.0207504770323,0.7847599703514607,0.7854139352466799,2.9062e-05,2.4072675682986205e-06,0.9953735,0.08244891421422776,0
0.09986,47.03353507054598,1.438449888287663,1.4396485791065778,2.9062e-05,2.4072675682986205e-06,0.9953735,0.08244891421422776,1
0.09986,13.97721334627067,2.636650898730358,2.6388497628487833,2.9062e-05,2.4072675682986205e-06,0.9953735,0.08244891421422776,1
0.09986,4.159913599164049,4.832930238571752,4.836960970256541,2.9062e-05,2.4072675682986205e-06,0.9953735,0.08244891421422776,1
0.09986,1.2380984232216676,8.858667904100823,8.866057336478573,2.9062e-05,2.4072675682986205e-06,0.9953735,0.08244891421422776,1
0.09986,0.36852424196306427,16.23776739188721,16.25131553342541,2.9062e-05,2.4072675682986205e-06,0.9953735,0.08244891421422776,1
0.09986,0.10966791122153814,29.763514416313193,29.788337632970272,2.9062e-05,2.4072675682986205e-06,0.9953735,0.08244891421422776,1
0.09986,0.03264461369834108,54.555947811685144,54.60144265668684,2.9062e-05,2.4072675682986205e-06,0.9953735,0.08244891421422776,1
0.09986,0.009718271751233843,100.0,100.08338314817392,2.9062e-05,2.4072675682986205e-06,0.9953735,0.08244891421422776,1
0.10756,77888596.14227152,0.001,0.00100075549362601,2.3527e-05,2.2564188442211055e-06,0.80579975,0.07728234541457286,1
0.10756,23182383.54295102,0.0018329807108324356,0.0018343655160760245,2.3527e-05,2.2564188442211055e-06,0.80579975,0.07728234541457286,1
0.10756,6899892.069330809,0.003359818286283781,0.003362356607583267,2.3527e-05,2.2564188442211055e-06,0.80579975,0.07728234541457286,1
0.10756,2053650.3722403145,0.006158482110660267,0.006163134804638449,2.3527e-05,2.2564188442211055e-06,0.80579975,0.07728234541457286,1
0.10756,611238.5260691275,0.011288378916846888,0.011296907215152063,2.3527e-05,2.2564188442211055e-06,0.80579975,0.07728234541457286,1
0.10756,181926.06827648517,0.02069138081114789,0.020707013017375007,2.3527e-05,2.2564188442211055e-06,0.80579975,0.07728234541457286,1
0.10756,54147.592984094306,0.0379269019073225,0.03795555543942572,2.3527e-05,2.2564188442211055e-06,0.80579975,0.07728234541457286,1
0.10756,16116.228024543845,0.06951927961775606,0.06957180098712924,2.3527e-05,2.2564188442211055e-06,0.80579975,0.07728234541457286,1
0.10756,4796.757159070759,0.12742749857031335,0.12752376921394828,2.3527e-05,2.2564188442211055e-06,0.80579975,0.07728234541457286,0
0.10756,1427.6847077576458,0.23357214690901212,0.2337486090656638,2.3527e-05,2.2564188442211055e-06,0.80579975,0.07728234541457286,0
0.10756,424.93020366307354,0.42813323987193913,0.4284566911813226,2.3527e-05,2.2564188442211055e-06,0.80579975,0.07728234541457286,0
0.10756,126.47507801274122,0.7847599703514607,0.7853528481296655,2.3527e-05,2.2564188442211055e-06,0.80579975,0.07728234541457286,0
0.10756,37.64423327255493,1.438449888287663,1.4395366105403584,2.3527e-05,2.2564188442211055e-06,0.80579975,0.07728234541457286,1
0.10756,11.186946008624195,2.636650898730358,2.6386441821592954,2.3527e-05,2.2564188442211055e-06,0.80579975,0.07728234541457286,1
0.10756,3.329471207820145,4.832930238571752,4.836584115764621,2.3527e-05,2.2564188442211055e-06,0.80579975,0.07728234541457286,1
0.10756,0.9909372035257533,8.858667904100823,8.865366468630013,2.3527e-05,2.2564188442211055e-06,0.80579975,0.07728234541457286,1
0.10756,0.29495586510850513,16.23776739188721,16.250048978589106,2.3527e-05,2.2564188442211055e-06,0.80579975,0.07728234541457286,1
0.10756,0.08777493800061112,29.763514416313193,29.78601655711176,2.3527e-05,2.2564188442211055e-06,0.80579975,0.07728234541457286,1
0.10756,0.026127778197645845,54.555947811685144,54.59718895675695,2.3527e-05,2.2564188442211055e-06,0.80579975,0.07728234541457286,1
0.10756,0.0077782154837954245,100.0,100.07558797910161,2.3527e-05,2.2564188442211055e-06,0.80579975,0.07728234541457286,1
0.11585,62336913.77702554,0.001,0.001000748216906046,1.9777e-05,2.083704200700117e-06,0.67736225,0.071366868873979,1
0.11585,18553656.319895696,0.0018329807108324356,0.0018343521779887013,1.9777e-05,2.083704200700117e-06,0.67736225,0.071366868873979,1
0.11585,5522220.174709317,0.003359818286283781,0.0033623321591265414,1.9777e-05,2.083704200700117e-06,0.67736225,0.071366868873979,1
0.11585,1643606.7989804612,0.006158482110660267,0.006163089991089208,1.9777e-05,2.083704200700117e-06,0.67736225,0.071366868873979,1
0.11585,489195.14773572923,0.011288378916846888,0.011296825072782835,1.9777e-05,2.083704200700117e-06,0.67736225,0.071366868873979,1
0.11585,145601.6694820033,0.02069138081114789,0.02070686245200959,1.9777e-05,2.083704200700117e-06,0.67736225,0.071366868873979,1
0.11585,43336.17502743855,0.0379269019073225,0.0379552794560934,1.9777e-05,2.083704200700117e-06,0.67736225,0.071366868873979,1
0.11585,12898.369806566756,0.06951927961775606,0.06957129511547229,1.9777e-05,2.083704200700117e-06,0.67736225,0.071366868873979,1
0.11585,3839.0092032140296,0.12742749857031335,0.12752284196369895,1.9777e-05,2.083704200700117e-06,0.67736225,0.071366868873979,0
0.11585,1142.625017251574,0.23357214690901212,0.2337469094494322,1.9777e-05,2.083704200700117e-06,0.67736225,0.071366868873979,0
0.11585,340.08620983154873,0.42813323987193913,0.4284535759033636,1.9777e-05,2.083704200700117e-06,0.67736225,0.071366868873979,0
0.11585,101.22234074625132,0.7847599703514607,0.7853471383479969,1.9777e-05,2.083704200700117e-06,0.67736225,0.071366868873979,1
0.11585,30.127970299676488,1.438449888287663,1.439526147146492,1.9777e-05,2.083704200700117e-06,0.67736225,0.071366868873979,1
0.11585,8.953298363954774,2.636650898730358,2.638624709916447,1.9777e-05,2.083704200700117e-06,0.67736225,0.071366868873979,1
0.11585,2.66469054390324,4.832930238571752,4.836548413650783,1.9777e-05,2.083704200700117e-06,0.67736225,0.071366868873979,1
0.11585,0.793081192281839,8.858667904100823,8.865301030888377,1.9777e-05,2.083704200700117e-06,0.67736225,0.071366868873979,1
0.11585,0.23606333933736934,16.23776739188721,16.249929174004578,1.9777e-05,2.083704200700117e-06,0.67736225,0.071366868873979,1
0.11585,0.0702493092229128,29.763514416313193,29.785796355992336,1.9777e-05,2.083704200700117e-06,0.67736225,0.071366868873979,1
0.11585,0.020910961393890332,54.555947811685144,54.59678577055697,1.9777e-05,2.083704200700117e-06,0.67736225,0.071366868873979,1
0.11585,0.006225173730283107,100.0,100.07485055234362,1.9777e-05,2.083704200700117e-06,0.67736225,0.071366868873979,1
0.12478,49888264.7112748,0.001,0.0010007491305062078,1.6307e-05,1.9435545454545455e-06,0.5585147500000001,0.06656674318181818,1
0.12478,14848500.860337578,0.0018329807108324356,0.0018343538526001952,1.6307e-05,1.9435545454545455e-06,0.5585147500000001,0.06656674318181818,1
0.12478,4419435.695120162,0.003359818286283781,0.0033623352286572305,1.6307e-05,1.9435545454545455e-06,0.5585147500000001,0.06656674318181818,1
0.12478,1315379.3811810513,0.006158482110660267,0.006163095617480507,1.6307e-05,1.9435545454545455e-06,0.5585147500000001,0.06656674318181818,1
0.12478,391503.1326860045,0.011288378916846888,0.0112968353858542,1.6307e-05,1.9435545454545455e-06,0.5585147500000001,0.06656674318181818,1
0.12478,116525.09226676704,0.02069138081114789,0.020706881355698738,1.6307e-05,1.9435545454545455e-06,0.5585147500000001,0.06656674318181818,1
0.12478,34681.96354808668,0.0379269019073225,0.03795531410636219,1.6307e-05,1.9435545454545455e-06,0.5585147500000001,0.06656674318181818,1
0.12478,10322.57210436005,0.06951927961775606,0.06957135862977021,1.6307e-05,1.9435545454545455e-06,0.5585147500000001,0.06656674318181818,0
0.12478,3072.361073534243,0.12742749857031335,0.1275229583901777,1.6307e-05,1.9435545454545455e-06,0.5585147500000001,0.06656674318181818,0
0.12478,914.4433987510586,0.23357214690901212,0.23374712289102947,1.6307e-05,1.9435545454545455e-06,0.5585147500000001,0.06656674318181818,0
0.12478,272.17117131017477,0.42813323987193913,0.42845396732541247,1.6307e-05,1.9435545454545455e-06,0.5585147500000001,0.06656674318181818,0
0.12478,81.00829194483711,0.7847599703514607,0.7853478568301042,1.6307e-05,1.9435545454545455e-06,0.5585147500000001,0.06656674318181818,1
0.12478,24.111430114090336,1.438449888287663,1.4395274696611282,1.6307e-05,1.9435545454545455e-06,0.5585147500000001,0.06656674318181818,1
0.12478,7.165332779275486,2.636650898730358,2.638626490849057,1.6307e-05,1.9435545454545455e-06,0.5585147500000001,0.06656674318181818,1
0.12478,2.1325542682534473,4.832930238571752,4.836551660659014,1.6307e-05,1.9435545454545455e-06,0.5585147500000001,0.06656674318181818,1
0.12478,0.634703595735997,8.858667904100823,8.865307015959672,1.6307e-05,1.9435545454545455e-06,0.5585147500000001,0.06656674318181818,1
0.12478,0.1889216948815713,16.23776739188721,16.249940546267023,1.6307e-05,1.9435545454545455e-06,0.5585147500000001,0.06656674318181818,1
0.12478,0.056220589005825564,29.763514416313193,29.78581558769464,1.6307e-05,1.9435545454545455e-06,0.5585147500000001,0.06656674318181818,1
0.12478,0.016735061744622963,54.555947811685144,54.59682191738019,1.6307e-05,1.9435545454545455e-06,0.5585147500000001,0.06656674318181818,1
0.12478,0.004982011940424901,100.0,100.07492035933204,1.6307e-05,1.9435545454545455e-06,0.5585147500000001,0.06656674318181818,1
0.13439,39926867.26233132,0.001,0.001000827327562699,1.2406e-05,1.833356783919598e-06,0.4249055,0.06279246984924623,1
0.13439,11883638.894364366,0.0018329807108324356,0.0018344971862964807,1.2406e-05,1.833356783919598e-06,0.4249055,0.06279246984924623,1
0.13439,3536988.5762636024,0.003359818286283781,0.0033625979565583067,1.2406e-05,1.833356783919598e-06,0.4249055,0.06279246984924623,1
0.13439,1052732.1055540887,0.006158482110660267,0.006163577192658899,1.2406e-05,1.833356783919598e-06,0.4249055,0.06279246984924623,1
0.13439,313330.0727520355,0.011288378916846888,0.011297718103888561,1.2406e-05,1.833356783919598e-06,0.4249055,0.06279246984924623,1
0.13439,93258.04211687481,0.02069138081114789,0.020708499360960347,1.2406e-05,1.833356783919598e-06,0.4249055,0.06279246984924623,1
0.13439,27756.87153907598,0.0379269019073225,0.037958279879593076,1.2406e-05,1.833356783919598e-06,0.4249055,0.06279246984924623,1
0.13439,8261.421168299305,0.06951927961775606,0.06957679483965576,1.2406e-05,1.833356783919598e-06,0.4249055,0.06279246984924623,0
0.13439,2458.8899493113195,0.12742749857031335,0.12753292288591972,1.2406e-05,1.833356783919598e-06,0.4249055,0.06279246984924623,0
0.13439,731.8526779682194,0.23357214690901212,0.23376538777809386,1.2406e-05,1.833356783919598e-06,0.4249055,0.06279246984924623,0
0.13439,217.82561944182098,0.42813323987193913,0.42848744738376465,1.2406e-05,1.833356783919598e-06,0.4249055,0.06279246984924623,1
0.13439,64.8330279655362,0.7847599703514607,0.785409229844036,1.2406e-05,1.833356783919598e-06,0.4249055,0.06279246984924623,1
0.13439,19.296999468168,1.438449888287663,1.4396399911279625,1.2406e-05,1.833356783919598e-06,0.4249055,0.06279246984924623,1
0.13439,5.73461369122501,2.636650898730358,2.6388297409058117,1.2406e-05,1.833356783919598e-06,0.4249055,0.06279246984924623,1
0.13439,1.7067421149313007,4.832930238571752,4.836924151539516,1.2406e-05,1.833356783919598e-06,0.4249055,0.06279246984924623,1
0.13439,0.5079707975191403,8.858667904100823,8.865990052212672,1.2406e-05,1.833356783919598e-06,0.4249055,0.06279246984924623,1
0.13439,0.1511992021196825,16.23776739188721,16.251194810907204,1.2406e-05,1.833356783919598e-06,0.4249055,0.06279246984924623,1
0.13439,0.0449949023605398,29.763514416313193,29.78810582377448,1.2406e-05,1.833356783919598e-06,0.4249055,0.06279246984924623,1
0.13439,0.013393533848732011,54.555947811685144,54.60102376152936,1.2406e-05,1.833356783919598e-06,0.4249055,0.06279246984924623,1
0.13439,0.003987240940224022,100.0,100.08263893053102,1.2406e-05,1.833356783919598e-06,0.4249055,0.06279246984924623,1
0.14475,31975311.640991088,0.001,0.0010004772557970004,9.5884e-06,1.7641450980392158e-06,0.3284027,0.06042196960784314,1
0.14475,9516976.490537506,0.0018329807108324356,0.0018338555115022695,9.5884e-06,1.7641450980392158e-06,0.3284027,0.06042196960784314,1
0.14475,2832586.670367284,0.003359818286283781,0.003361421779036178,9.5884e-06,1.7641450980392158e-06,0.3284027,0.06042196960784314,1
0.14475,843077.3425964657,0.006158482110660267,0.006161421281937805,9.5884e-06,1.7641450980392158e-06,0.3284027,0.06042196960784314,1
0.14475,250929.44700809653,0.011288378916846888,0.011293766361058093,9.5884e-06,1.7641450980392158e-06,0.3284027,0.06042196960784314,1
0.14475,74685.4227326366,0.02069138081114789,0.020701255892184908,9.5884e-06,1.7641450980392158e-06,0.3284027,0.06042196960784314,1
0.14475,22229.00714871676,0.0379269019073225,0.03794500273866852,9.5884e-06,1.7641450980392158e-06,0.3284027,0.06042196960784314,1
0.14475,6616.134315614704,0.06951927961775606,0.0695524580822207,9.5884e-06,1.7641450980392158e-06,0.3284027,0.06042196960784314,0
0.14475,1969.1946290839658,0.12742749857031335,0.12748831399566915,9.5884e-06,1.7641450980392158e-06,0.3284027,0.06042196960784314,0
0.14475,586.1020209471623,0.23357214690901212,0.23368362006897025,9.5884e-06,1.7641450980392158e-06,0.3284027,0.06042196960784314,0
0.14475,174.44499578402718,0.42813323987193913,0.42833756614308655,9.5884e-06,1.7641450980392158e-06,0.3284027,0.06042196960784314,1
0.14475,51.92133838423728,0.7847599703514607,0.7851344863365982,9.5884e-06,1.7641450980392158e-06,0.3284027,0.06042196960784314,1
0.14475,15.453946524696446,1.438449888287663,1.439136313979964,9.5884e-06,1.7641450980392158e-06,0.3284027,0.06042196960784314,1
0.14475,4.5925176326586925,2.636650898730358,2.637915486473113,9.5884e-06,1.7641450980392158e-06,0.3284027,0.06042196960784314,1
0.14475,1.3668301245491656,4.832930238571752,4.835248498744483,9.5884e-06,1.7641450980392158e-06,0.3284027,0.06042196960784314,1
0.14475,0.406804247448531,8.858667904100823,8.862917636134277,9.5884e-06,1.7641450980392158e-06,0.3284027,0.06042196960784314,1
0.14475,0.12108675181683098,16.23776739188721,16.24555570553892,9.5884e-06,1.7641450980392158e-06,0.3284027,0.06042196960784314,1
0.14475,0.036033762844329485,29.763514416313193,29.777797819399538,9.5884e-06,1.7641450980392158e-06,0.3284027,0.06042196960784314,1
0.14475,0.01072609550162904,54.555947811685144,54.58211821717634,9.5884e-06,1.7641450980392158e-06,0.3284027,0.06042196960784314,1
0.14475,0.0031931505452121177,100.0,100.04793536460701,9.5884e-06,1.7641450980392158e-06,0.3284027,0.06042196960784314,1
0.15591,25585360.850548837,0.001,0.0010005434957977071,8.0248e-06,1.7180468804159445e-06,0.27484939999999997,0.0588431056542461,1
0.15591,7615102.565706169,0.0018329807108324356,0.00183397692814595,8.0248e-06,1.7180468804159445e-06,0.27484939999999997,0.0588431056542461,1
0.15591,2266522.150447477,0.003359818286283781,0.0033616443334026293,8.0248e-06,1.7180468804159445e-06,0.27484939999999997,0.0588431056542461,1
0.15591,674596.6474823498,0.006158482110660267,0.006161829219802369,8.0248e-06,1.7180468804159445e-06,0.27484939999999997,0.0588431056542461,1
0.15591,200783.67090763611,0.011288378916846888,0.011294514103318025,8.0248e-06,1.7180468804159445e-06,0.27484939999999997,0.0588431056542461,1
0.15591,59760.277313569,0.02069138081114789,0.02070262648946413,8.0248e-06,1.7180468804159445e-06,0.27484939999999997,0.0588431056542461,1
0.15591,17786.75922219437,0.0379269019073225,0.03794751501789194,8.0248e-06,1.7180468804159445e-06,0.27484939999999997,0.0588431056542461,1
0.15591,5293.965099253838,0.06951927961775606,0.0695570630466487,8.0248e-06,1.7180468804159445e-06,0.27484939999999997,0.0588431056542461,0
0.15591,1575.670495465302,0.12742749857031335,0.12749675483634176,8.0248e-06,1.7180468804159445e-06,0.27484939999999997,0.0588431056542461,0
0.15591,468.9753093796325,0.23357214690901212,0.23369909213604206,8.0248e-06,1.7180468804159445e-06,0.27484939999999997,0.0588431056542461,0
0.15591,139.583882307863,0.42813323987193913,0.4283659270732932,8.0248e-06,1.7180468804159445e-06,0.27484939999999997,0.0588431056542461,1
0.15591,41.54536999478217,0.7847599703514607,0.7851864763946088,8.0248e-06,1.7180468804159445e-06,0.27484939999999997,0.0588431056542461,1
0.15591,12.36562695818543,1.438449888287663,1.439231638337544,8.0248e-06,1.7180468804159445e-06,0.27484939999999997,0.0588431056542461,1
0.15591,3.6747569484154217,2.636650898730358,2.638087020707189,8.0248e-06,1.7180468804159445e-06,0.27484939999999997,0.0588431056542461,1
0.15591,1.0936852173450573,4.832930238571752,4.835562846806369,8.0248e-06,1.7180468804159445e-06,0.27484939999999997,0.0588431056542461,1
0.15591,0.3255091894120999,8.858667904100823,8.863494089241886,8.0248e-06,1.7180468804159445e-06,0.27484939999999997,0.0588431056542461,1
0.15591,0.09688895681142363,16.23776739188721,16.246614660422754,8.0248e-06,1.7180468804159445e-06,0.27484939999999997,0.0588431056542461,1
0.15591,0.028832847239735247,29.763514416313193,29.77972978239043,8.0248e-06,1.7180468804159445e-06,0.27484939999999997,0.0588431056542461,1
0.15591,0.008582612554811074,54.555947811685144,54.58566367161082,8.0248e-06,1.7180468804159445e-06,0.27484939999999997,0.0588431056542461,1
0.15591,0.0025550363824019652,100.0,100.05445183736188,8.0248e-06,1.7180468804159445e-06,0.27484939999999997,0.0588431056542461,1
0.16793,20476750.648198802,0.001,0.0010005065830821168,6.5766e-06,1.6921924376508447e-06,0.22524855,0.05795759098954143,1
0.16793,6094600.6315590115,0.0018329807108324356,0.0018339092678503121,6.5766e-06,1.6921924376508447e-06,0.22524855,0.05795759098954143,1
0.16793,1813967.3379799756,0.003359818286283781,0.00336152031338598,6.5766e-06,1.6921924376508447e-06,0.22524855,0.05795759098954143,1
0.16793,539900.430534874,0.006158482110660267,0.00616160189350498,6.5766e-06,1.6921924376508447e-06,0.22524855,0.05795759098954143,1
0.16793,160693.3428617983,0.011288378916846888,0.011294097418605273,6.5766e-06,1.6921924376508447e-06,0.22524855,0.05795759098954143,1
0.16793,47827.98665062916,0.02069138081114789,0.020701862714456284,6.5766e-06,1.6921924376508447e-06,0.22524855,0.05795759098954143,1
0.16793,14235.290076789988,0.0379269019073225,0.037946115033235736,6.5766e-06,1.6921924376508447e-06,0.22524855,0.05795759098954143,1
0.16793,4236.922977382169,0.06951927961775606,0.06955449690297794,6.5766e-06,1.6921924376508447e-06,0.22524855,0.05795759098954143,0
0.16793,1261.0575251477294,0.12742749857031335,0.1274920511515202,6.5766e-06,1.6921924376508447e-06,0.22524855,0.05795759098954143,0
0.16793,375.33535374376385,0.23357214690901212,0.23369047041249008,6.5766e-06,1.6921924376508447e-06,0.22524855,0.05795759098954143,1
0.16793,111.71327091473962,0.42813323987193913,0.4283501238404955,6.5766e-06,1.6921924376508447e-06,0.22524855,0.05795759098954143,1
0.16793,33.250036341630626,0.7847599703514607,0.785157510560198,6.5766e-06,1.6921924376508447e-06,0.22524855,0.05795759098954143,1
0.16793,9.896591175112436,1.438449888287663,1.4391785509749786,6.5766e-06,1.6921924376508447e-06,0.22524855,0.05795759098954143,1
0.16793,2.9410225607073683,2.636650898730358,2.637988963034592,6.5766e-06,1.6921924376508447e-06,0.22524855,0.05795759098954143,1
0.16793,0.8753103902195104,4.832930238571752,4.83538307913268,6.5766e-06,1.6921924376508447e-06,0.22524855,0.05795759098954143,1
0.16793,0.2605151577057515,8.858667904100823,8.863164559897863,6.5766e-06,1.6921924376508447e-06,0.22524855,0.05795759098954143,1
0.16793,0.07754325186162303,16.23776739188721,16.24601090279748,6.5766e-06,1.6921924376508447e-06,0.22524855,0.05795759098954143,1
0.16793,0.02307582814921299,29.763514416313193,29.778621884880636,6.5766e-06,1.6921924376508447e-06,0.22524855,0.05795759098954143,1
0.16793,0.006868932577356301,54.555947811685144,54.583634109608624,6.5766e-06,1.6921924376508447e-06,0.22524855,0.05795759098954143,1
0.16793,0.0020448751589358977,100.0,100.05073576849178,6.5766e-06,1.6921924376508447e-06,0.22524855,0.05795759098954143,1
0.18087,16391300.177711202,0.001,0.0010004296755656652,5.2044e-06,1.6868289768483943e-06,0.17825069999999998,0.0577738924570575,1
0.18087,4878626.991726243,0.0018329807108324356,0.0018337682978561524,5.2044e-06,1.6868289768483943e-06,0.17825069999999998,0.0577738924570575,1
0.18087,1452050.8483120506,0.003359818286283781,0.003361261918105971,5.2044e-06,1.6868289768483943e-06,0.17825069999999998,0.0577738924570575,1
0.18087,432181.3638800571,0.006158482110660267,0.006161128259941515,5.2044e-06,1.6868289768483943e-06,0.17825069999999998,0.0577738924570575,1
0.18087,128632.36285181911,0.011288378916846888,0.011293229257422878,5.2044e-06,1.6868289768483943e-06,0.17825069999999998,0.0577738924570575,1
0.18087,38285.51216707421,0.02069138081114789,0.02070027139177605,5.2044e-06,1.6868289768483943e-06,0.17825069999999998,0.0577738924570575,1
0.18087,11395.114233309452,0.0379269019073225,0.03794319816958529,5.2044e-06,1.6868289768483943e-06,0.17825069999999998,0.0577738924570575,1
0.18087,3391.5867582259893,0.06951927961775606,0.06954915034893101,5.2044e-06,1.6868289768483943e-06,0.17825069999999998,0.0577738924570575,0
0.18087,1009.455688995186,0.12742749857031335,0.12748225102554156,5.2044e-06,1.6868289768483943e-06,0.17825069999999998,0.0577738924570575,0
0.18087,300.4497419662551,0.23357214690901212,0.23367250699600284,5.2044e-06,1.6868289768483943e-06,0.17825069999999998,0.0577738924570575,1
0.18087,89.42462537519282,0.42813323987193913,0.4283171973844287,5.2044e-06,1.6868289768483943e-06,0.17825069999999998,0.0577738924570575,1
0.18087,26.616104009122513,0.7847599703514607,0.7850971577526614,5.2044e-06,1.6868289768483943e-06,0.17825069999999998,0.0577738924570575,1
0.18087,7.922057464054593,1.438449888287663,1.4390679294617252,5.2044e-06,1.6868289768483943e-06,0.17825069999999998,0.0577738924570575,1
0.18087,2.354240729015161,2.636650898730358,2.637785726603523,5.2044e-06,1.6868289768483943e-06,0.17825069999999998,0.0577738924570575,1
0.18087,0.7006717412934076,4.832930238571752,4.835010518433033,5.2044e-06,1.6868289768483943e-06,0.17825069999999998,0.0577738924570575,1
0.18087,0.20853815412341706,8.858667904100823,8.862481570113909,5.2044e-06,1.6868289768483943e-06,0.17825069999999998,0.0577738924570575,1
0.18087,0.0620721151373544,16.23776739188721,16.244758870378813,5.2044e-06,1.6868289768483943e-06,0.17825069999999998,0.0577738924570575,1
0.18087,0.018471825854152295,29.763514416313193,29.77632710197624,5.2044e-06,1.6868289768483943e-06,0.17825069999999998,0.0577738924570575,1
0.18087,0.005498468834273029,54.555947811685144,54.579428775014506,5.2044e-06,1.6868289768483943e-06,0.17825069999999998,0.0577738924570575,1
0.18087,0.0016368892326793024,100.0,100.04302994256814,5.2044e-06,1.6868289768483943e-06,0.17825069999999998,0.0577738924570575,1
0.19481,13122060.241939988,0.001,0.001000288648651468,4.0188e-06,1.7028529819694869e-06,0.1376439,0.058322714632454926,1
0.19481,3905586.2920768084,0.0018329807108324356,0.0018335097982427374,4.0188e-06,1.7028529819694869e-06,0.1376439,0.058322714632454926,1
0.19481,1162439.7393331071,0.003359818286283781,0.003360788093300922,4.0188e-06,1.7028529819694869e-06,0.1376439,0.058322714632454926,1
0.19481,345982.9196458669,0.006158482110660267,0.006160259748214154,4.0188e-06,1.7028529819694869e-06,0.1376439,0.058322714632454926,1
0.19481,102976.67641388821,0.011288378916846888,0.011291637292183226,4.0188e-06,1.7028529819694869e-06,0.1376439,0.058322714632454926,1
0.19481,30649.47817449156,0.02069138081114789,0.020697353350222204,4.0188e-06,1.7028529819694869e-06,0.1376439,0.058322714632454926,1
0.19481,9122.362095170773,0.0379269019073225,0.03793784945584152,4.0188e-06,1.7028529819694869e-06,0.1376439,0.058322714632454926,1
0.19481,2715.1357899115947,0.06951927961775606,0.0695393462606359,4.0188e-06,1.7028529819694869e-06,0.1376439,0.058322714632454926,0
0.19481,808.1200525579625,0.12742749857031335,0.12746428032564908,4.0188e-06,1.7028529819694869e-06,0.1376439,0.058322714632454926,0
0.19481,240.5251303830016,0.23357214690901212,0.2336395670773287,4.0188e-06,1.7028529819694869e-06,0.1376439,0.058322714632454926,1
0.19481,71.58891041736972,0.42813323987193913,0.4282568193008813,4.0188e-06,1.7028529819694869e-06,0.1376439,0.058322714632454926,1
0.19481,21.307529929484705,0.7847599703514607,0.7849864867041663,4.0188e-06,1.7028529819694869e-06,0.1376439,0.058322714632454926,1
0.19481,6.3420054060395055,1.438449888287663,1.4388650758459622,4.0188e-06,1.7028529819694869e-06,0.1376439,0.058322714632454926,1
0.19481,1.8846888186550068,2.636650898730358,2.637413397068783,4.0188e-06,1.7028529819694869e-06,0.1376439,0.058322714632454926,1
0.19481,0.5609231915373699,4.832930238571752,4.834327996267803,4.0188e-06,1.7028529819694869e-06,0.1376439,0.058322714632454926,1
0.19481,0.16694535411839798,8.858667904100823,8.861230331439044,4.0188e-06,1.7028529819694869e-06,0.1376439,0.058322714632454926,1
0.19481,0.04969187468146731,16.23776739188721,16.24246492345462,4.0188e-06,1.7028529819694869e-06,0.1376439,0.058322714632454926,1
0.19481,0.014787631757956487,29.763514416313193,29.772123539075135,4.0188e-06,1.7028529819694869e-06,0.1376439,0.058322714632454926,1
0.19481,0.004401802466273786,54.555947811685144,54.571724982178885,4.0188e-06,1.7028529819694869e-06,0.1376439,0.058322714632454926,1
0.19481,0.0013104125730797533,100.0,100.02891159593962,4.0188e-06,1.7028529819694869e-06,0.1376439,0.058322714632454926,1
0.20983,10509942.671993865,0.001,0.0009998660133219764,3.0228e-06,1.7482255813953488e-06,0.10353090000000001,0.059876726162790696,1
0.20983,3128128.3025250123,0.0018329807108324356,0.0018327351158361003,3.0228e-06,1.7482255813953488e-06,0.10353090000000001,0.059876726162790696,1
0.20983,931040.918482332,0.003359818286283781,0.0033593681153927623,3.0228e-06,1.7482255813953488e-06,0.10353090000000001,0.059876726162790696,1
0.20983,277110.4981931739,0.006158482110660267,0.006157656956100088,3.0228e-06,1.7482255813953488e-06,0.10353090000000001,0.059876726162790696,1
0.20983,82477.82327663645,0.011288378916846888,0.011286866424452402,3.0228e-06,1.7482255813953488e-06,0.10353090000000001,0.059876726162790696,1
0.20983,24548.299016991114,0.02069138081114789,0.020688608441749964,3.0228e-06,1.7482255813953488e-06,0.10353090000000001,0.059876726162790696,1
0.20983,7306.436709129737,0.0379269019073225,0.03792182020761079,3.0228e-06,1.7482255813953488e-06,0.10353090000000001,0.059876726162790696,1
0.20983,2174.6525294256166,0.06951927961775606,0.06950996495971673,3.0228e-06,1.7482255813953488e-06,0.10353090000000001,0.059876726162790696,0
0.20983,647.2531954377376,0.12742749857031335,0.12741042497893904,3.0228e-06,1.7482255813953488e-06,0.10353090000000001,0.059876726162790696,1
0.20983,192.645459849734,0.23357214690901212,0.23354085132914204,3.0228e-06,1.7482255813953488e-06,0.10353090000000001,0.059876726162790696,1
0.20983,57.33820213707611,0.42813323987193913,0.4280758755886005,3.0228e-06,1.7482255813953488e-06,0.10353090000000001,0.059876726162790696,1
0.20983,17.06598752786163,0.7847599703514607,0.7846548222398488,3.0228e-06,1.7482255813953488e-06,0.10353090000000001,0.059876726162790696,1
0.20983,5.079546247640601,1.438449888287663,1.4382571509917081,3.0228e-06,1.7482255813953488e-06,0.10353090000000001,0.059876726162790696,1
0.20983,1.509518160076598,2.636650898730358,2.63629793729555,3.0228e-06,1.7482255813953488e-06,0.10353090000000001,0.059876726162790696,1
0.20983,0.44926450668739265,4.832930238571752,4.83228324215743,3.0228e-06,1.7482255813953488e-06,0.10353090000000001,0.059876726162790696,1
0.20983,0.1337128383799629,8.858667904100823,8.857481753084087,3.0228e-06,1.7482255813953488e-06,0.10353090000000001,0.059876726162790696,1
0.20983,0.039800106644322285,16.23776739188721,16.235592278347795,3.0228e-06,1.7482255813953488e-06,0.10353090000000001,0.059876726162790696,1
0.20983,0.01184397141378183,29.763514416313193,29.759530599900263,3.0228e-06,1.7482255813953488e-06,0.10353090000000001,0.059876726162790696,1
0.20983,0.0035255690158181117,54.555947811685144,54.54864562897276,3.0228e-06,1.7482255813953488e-06,0.10353090000000001,0.059876726162790696,1
0.20983,0.0010495585563826807,100.0,99.98661325513855,3.0228e-06,1.7482255813953488e-06,0.10353090000000001,0.059876726162790696,1
0.22072,8673717.013988497,0.001,0.000999833259707567,2.2267e-06,1.7509e-06,0.076264475,0.059968325,1
0.22072,2581603.0140560605,0.0018329807108324356,0.0018326750790926818,2.2267e-06,1.7509e-06,0.076264475,0.059968325,1
0.22072,768375.7854276549,0.003359818286283781,0.0033592580692001603,2.2267e-06,1.7509e-06,0.076264475,0.059968325,1
0.22072,228695.63783380954,0.006158482110660267,0.006157455243551902,2.2267e-06,1.7509e-06,0.076264475,0.059968325,1
0.22072,68067.8593018059,0.011288378916846888,0.011286496689243385,2.2267e-06,1.7509e-06,0.076264475,0.059968325,1
0.22072,20259.387280159954,0.02069138081114789,0.020687930724249463,2.2267e-06,1.7509e-06,0.076264475,0.059968325,1
0.22072,6029.905814831526,0.0379269019073225,0.03792057796453978,2.2267e-06,1.7509e-06,0.076264475,0.059968325,1
0.22072,1794.7120424847687,0.06951927961775606,0.06950768795233762,2.2267e-06,1.7509e-06,0.076264475,0.059968325,0
0.22072,534.1695252942386,0.12742749857031335,0.12740625126955604,2.2267e-06,1.7509e-06,0.076264475,0.059968325,1
0.22072,158.98775928602694,0.23357214690901212,0.2335332010073115,2.2267e-06,1.7509e-06,0.076264475,0.059968325,1
0.22072,47.320464595644474,0.42813323987193913,0.4280618527346016,2.2267e-06,1.7509e-06,0.076264475,0.059968325,1
0.22072,14.084336936291335,0.7847599703514607,0.7846291188244614,2.2267e-06,1.7509e-06,0.076264475,0.059968325,1
0.22072,4.192084567818206,1.438449888287663,1.4382100382118805,2.2267e-06,1.7509e-06,0.076264475,0.059968325,1
0.22072,1.2457694739057028,2.636650898730358,2.6362114532431287,2.2267e-06,1.7509e-06,0.076264475,0.059968325,1
0.22072,0.3707660767612729,4.832930238571752,4.832124706880325,2.2267e-06,1.7509e-06,0.076264475,0.059968325,1
0.22072,0.11034842245241554,8.858667904100823,8.857191118044646,2.2267e-06,1.7509e-06,0.076264475,0.059968325,1
0.22072,0.032844907360760886,16.23776739188721,16.23505945306816,2.2267e-06,1.7509e-06,0.076264475,0.059968325,1
0.22072,0.009774551430160214,29.763514416313193,29.758554189304604,2.2267e-06,1.7509e-06,0.076264475,0.059968325,1
0.22072,0.0029095878178446747,54.555947811685144,54.546856192758185,2.2267e-06,1.7509e-06,0.076264475,0.059968325,1
0.22072,0.0008661824996285257,100.0,99.983333905081,2.2267e-06,1.7509e-06,0.076264475,0.059968325,1
