#  m  [GeV] ,  tau  [ps] ,  c ,  BR_theo(B0->K0  mu  mu) 

0.20000000000000004,17188900895.884415,0.00012245513306678618,0.0
0.20000000000000004,7878054857.959083,0.00018088040080399561,0.0
0.20000000000000004,3610686124.8195605,0.0002671812816304737,0.0
0.20000000000000004,1654855131.1819127,0.0003946576684726452,0.0
0.20000000000000004,758453288.4362494,0.0005829550421113759,0.0
0.20000000000000004,347611735.31755495,0.0008610920508355232,0.0
0.20000000000000004,159313992.2122872,0.001271932595910999,0.0
0.20000000000000004,73013769.79484884,0.0018787916192828846,0.0
0.20000000000000004,33461600.661807656,0.0027751926163661227,0.0
0.20000000000000004,15334955.124068296,0.0040992806114776605,0.0
0.20000000000000004,7027755.98429676,0.006055111790272853,0.0
0.20000000000000004,3220723.005661272,0.008944100750274077,0.0
0.20000000000000004,1476029.9772575903,0.013211471728657949,0.0
0.20000000000000004,676461.2566714758,0.019514872440561434,0.0
0.20000000000000004,310024.69708313403,0.02882572465755633,0.0
0.20000000000000004,142087.0076477278,0.04257893073931596,0.0
0.20000000000000004,65120.25964208965,0.06289400750340614,0.0
0.20000000000000004,29845.620943581587,0.09290172653833195,0.0
0.20000000000000004,13678.771420842184,0.13722659974140763,0.0
0.20000000000000004,6269.240985131536,0.2026995662865173,0.0
0.21357941055617136,2594919.585854654,0.00012245513306678618,1.556114937619559e-09
0.21357941055617136,1189309.247568045,0.00018088040080399561,3.395247761529244e-09
0.21357941055617136,545086.6282612631,0.0002671812816304737,7.408032714840774e-09
0.21357941055617136,249824.92166408204,0.0003946576684726452,1.6163647774144278e-08
0.21357941055617136,114499.76147049743,0.0005829550421113759,3.5268750705457845e-08
0.21357941055617136,52477.13082156464,0.0008610920508355232,7.696162175053592e-08
0.21357941055617136,24050.791800058625,0.001271932595910999,1.679657448771008e-07
0.21357941055617136,11022.494484731478,0.0018787916192828846,3.666532155151509e-07
0.21357941055617136,5051.511423200653,0.0027751926163661227,8.005366920544253e-07
0.21357941055617136,2315.02957222344,0.0040992806114776605,1.7481132966358833e-06
0.21357941055617136,1060.9381991325463,0.006055111790272853,3.817459242006121e-06
0.21357941055617136,486.2126017933956,0.008944100750274077,8.335913018962755e-06
0.21357941055617136,222.82685059134266,0.013211471728657949,1.8200351163029565e-05
0.21357941055617136,102.12095830513836,0.019514872440561434,3.9732473527436614e-05
0.21357941055617136,46.8023811675911,0.02882572465755633,8.672696292610155e-05
0.21357941055617136,21.449926521340938,0.04257893073931596,0.0001892843004429735
0.21357941055617136,9.830767144196377,0.06289400750340614,0.0004130831946509098
0.21357941055617136,4.505591315442784,0.09290172653833195,0.0009014310629614857
0.21357941055617136,2.064991146377383,0.13722659974140763,0.0019670135237577165
0.21357941055617136,0.9464245860094062,0.2026995662865173,0.004292081073713918
0.228080823067608,937561.0953548774,0.00012245513306678618,1.5570258574379442e-09
0.228080823067608,429705.061747162,0.00018088040080399561,3.397235274475864e-09
0.228080823067608,196943.2960649351,0.0002671812816304737,7.412369235630717e-09
0.228080823067608,90263.3470755975,0.0003946576684726452,1.6173109667351035e-08
0.228080823067608,41369.4984537813,0.0005829550421113759,3.528939637699379e-08
0.228080823067608,18960.324064753597,0.0008610920508355232,7.700667370630667e-08
0.228080823067608,8689.705393558579,0.001271932595910999,1.6806406918836846e-07
0.228080823067608,3982.497983548128,0.0018787916192828846,3.668678485858667e-07
0.228080823067608,1825.143492379812,0.0027751926163661227,8.010053148448754e-07
0.228080823067608,836.4350409187781,0.0040992806114776605,1.7491366195864145e-06
0.228080823067608,383.3237803405399,0.006055111790272853,3.819693937697565e-06
0.228080823067608,175.67173371626805,0.008944100750274077,8.340792771947059e-06
0.228080823067608,80.50877138975132,0.013211471728657949,1.8211005463804904e-05
0.228080823067608,36.89695775714847,0.019514872440561434,3.975573253460835e-05
0.228080823067608,16.91000075470468,0.02882572465755633,8.67777320868296e-05
0.228080823067608,7.749996149559267,0.04257893073931596,0.0001893951057687065
0.228080823067608,3.5519192788455856,0.06289400750340614,0.0004133250099102712
0.228080823067608,1.6278990667823565,0.09290172653833195,0.0009019587528698972
0.228080823067608,0.7460945579206013,0.13722659974140763,0.001968164996545662
0.228080823067608,0.3419492787774466,0.2026995662865173,0.0042945936212881244
0.24356683874973065,664366.8409119858,0.00012245513306678618,1.5579084609944957e-09
0.24356683874973065,304494.0706387291,0.00018088040080399561,3.39916100483936e-09
0.24356683874973065,139556.34048190605,0.0002671812816304737,7.416570953743392e-09
0.24356683874973065,63961.671452227936,0.0003946576684726452,1.618227743162013e-08
0.24356683874973065,29314.914126679723,0.0005829550421113759,3.530940025608933e-08
0.24356683874973065,13435.509072631306,0.0008610920508355232,7.705032513983045e-08
0.24356683874973065,6157.62764760538,0.001271932595910999,1.6815933679473546e-07
0.24356683874973065,2822.0450043941237,0.0018787916192828846,3.6707580883284193e-07
0.24356683874973065,1293.318188212881,0.0027751926163661227,8.014593676728534e-07
0.24356683874973065,592.7077277049582,0.0040992806114776605,1.7501281248414143e-06
0.24356683874973065,271.6277484797733,0.006055111790272853,3.821859148147174e-06
0.24356683874973065,124.48306096943583,0.008944100750274077,8.345520789614352e-06
0.24356683874973065,57.04946429765592,0.013211471728657949,1.8221328461855703e-05
0.24356683874973065,26.145619147695225,0.019514872440561434,3.977826827337339e-05
0.24356683874973065,11.982625844570792,0.02882572465755633,8.682692249436544e-05
0.24356683874973065,5.4917386177286724,0.04257893073931596,0.00018950246538164712
0.24356683874973065,2.516931866322561,0.06289400750340614,0.00041355930539103714
0.24356683874973065,1.1535484663293967,0.09290172653833195,0.0009024700330214064
0.24356683874973065,0.5286913977845441,0.13722659974140763,0.001969280661469716
0.24356683874973065,0.24230928942624536,0.2026995662865173,0.00429702803487843
0.2601043092559875,530598.6600521753,0.00012245513306678618,1.5588998004041514e-09
0.2601043092559875,243185.14399826984,0.00018088040080399561,3.4013239832006872e-09
0.2601043092559875,111457.10878653312,0.0002671812816304737,7.421290319147396e-09
0.2601043092559875,51083.18940326971,0.0003946576684726452,1.6192574654581345e-08
0.2601043092559875,23412.4480599138,0.0005829550421113759,3.5331868590061864e-08
0.2601043092559875,10730.311437252967,0.0008610920508355232,7.709935437371326e-08
0.2601043092559875,4917.808623591072,0.001271932595910999,1.682663412277244e-07
0.2601043092559875,2253.835089633869,0.0018787916192828846,3.673093894171191e-07
0.2601043092559875,1032.91262570699,0.0027751926163661227,8.019693588846569e-07
0.2601043092559875,473.3678850705508,0.0040992806114776605,1.7512417812596845e-06
0.2601043092559875,216.9363530338059,0.006055111790272853,3.8242911070344226e-06
0.2601043092559875,99.41878699782515,0.008944100750274077,8.350831286186959e-06
0.2601043092559875,45.56273356825184,0.013211471728657949,1.82329232236867e-05
0.2601043092559875,20.88128072887539,0.019514872440561434,3.9803580348203134e-05
0.2601043092559875,9.569961711460401,0.02882572465755633,8.688217301024556e-05
0.2601043092559875,4.3859942710646465,0.04257893073931596,0.00018962305136608888
0.2601043092559875,2.0101555291710698,0.06289400750340614,0.00041382246534002004
0.2601043092559875,0.9212851006851499,0.09290172653833195,0.0009030443012705351
0.2601043092559875,0.4222410430722887,0.13722659974140763,0.0019705337727642567
0.2601043092559875,0.19352107400421678,0.2026995662865173,0.0042997623604516776
0.27776462527006957,446369.33556440496,0.00012245513306678618,1.5600256735080994e-09
0.27776462527006957,204580.9748841802,0.00018088040080399561,3.40378049722004e-09
0.27776462527006957,93763.96764404055,0.0002671812816304737,7.426650144947111e-09
0.27776462527006957,42974.0423965567,0.0003946576684726452,1.6204269303313784e-08
0.27776462527006957,19695.86369416922,0.0005829550421113759,3.535738607836797e-08
0.27776462527006957,9026.939469629498,0.0008610920508355232,7.715503731146514e-08
0.27776462527006957,4137.136282741964,0.001271932595910999,1.6838786710682664e-07
0.27776462527006957,1896.0524167824865,0.0018787916192828846,3.675746689243896e-07
0.27776462527006957,868.9440011496396,0.0027751926163661227,8.025485602960419e-07
0.27776462527006957,398.2235998853054,0.0040992806114776605,1.7525065703264497e-06
0.27776462527006957,182.49902073896496,0.006055111790272853,3.827053103204199e-06
0.27776462527006957,83.63665665540795,0.008944100750274077,8.356862461429896e-06
0.27776462527006957,38.32992555659614,0.013211471728657949,1.8246091490729355e-05
0.27776462527006957,17.566503879823312,0.019514872440561434,3.983232748016673e-05
0.27776462527006957,8.05078825091555,0.02882572465755633,8.694492147474708e-05
0.27776462527006957,3.689744244970691,0.04257893073931596,0.00018976000185609002
0.27776462527006957,1.6910555138418346,0.06289400750340614,0.00041412133824518846
0.27776462527006957,0.7750366709442252,0.09290172653833195,0.0009036965024093701
0.27776462527006957,0.3552128349045459,0.13722659974140763,0.001971956941483049
0.27776462527006957,0.16280077562384868,0.2026995662865173,0.00430286775629595
0.29662402469268634,386567.5821160382,0.00012245513306678618,1.561308216147507e-09
0.29662402469268634,177172.50381452648,0.00018088040080399561,3.40657884452988e-09
0.29662402469268634,81202.061552966,0.0002671812816304737,7.432755810925401e-09
0.29662402469268634,37216.650740853045,0.0003946576684726452,1.621759130688786e-08
0.29662402469268634,17057.135872697065,0.0005829550421113759,3.538645442181397e-08
0.29662402469268634,7817.5669493403375,0.0008610920508355232,7.721846873932854e-08
0.29662402469268634,3582.8688095702196,0.001271932595910999,1.685263037637123e-07
0.29662402469268634,1642.0312511190305,0.0018787916192828846,3.678768630470458e-07
0.29662402469268634,752.5283547191466,0.0027751926163661227,8.032083596727776e-07
0.29662402469268634,344.8721092641893,0.0040992806114776605,1.753947359284422e-06
0.29662402469268634,158.0489510313623,0.006055111790272853,3.830199440821026e-06
0.29662402469268634,72.43154402660403,0.008944100750274077,8.363732895615286e-06
0.29662402469268634,33.19472348733084,0.013211471728657949,1.8261092167394746e-05
0.29662402469268634,15.21305430577806,0.019514872440561434,3.986507487373725e-05
0.29662402469268634,6.972194337540396,0.02882572465755633,8.701640160144892e-05
0.29662402469268634,3.1954155459573603,0.04257893073931596,0.0001899160094709571
0.29662402469268634,1.4644985450515486,0.06289400750340614,0.0004144618003258486
0.29662402469268634,0.6712021383819684,0.09290172653833195,0.0009044394595388931
0.29662402469268634,0.30762365616331494,0.13722659974140763,0.001973578148929418
0.29662402469268634,0.14098975291314084,0.2026995662865173,0.004306405278438863
0.31676392175331586,341001.61380345887,0.00012245513306678618,1.5627710553670465e-09
0.31676392175331586,156288.60907498404,0.00018088040080399561,3.409770576381163e-09
0.31676392175331586,71630.51252831788,0.0002671812816304737,7.439719795874999e-09
0.31676392175331586,32829.804024515965,0.0003946576684726452,1.6232786083737057e-08
0.31676392175331586,15046.556226372712,0.0005829550421113759,3.541960911855852e-08
0.31676392175331586,6896.085107104711,0.0008610920508355232,7.729081719386784e-08
0.31676392175331586,3160.544501973964,0.001271932595910999,1.6868420148564398e-07
0.31676392175331586,1448.4797293507047,0.0018787916192828846,3.682215388237694e-07
0.31676392175331586,663.8254095765661,0.0027751926163661227,8.039609118863301e-07
0.31676392175331586,304.2209211241268,0.0040992806114776605,1.75559069046541e-06
0.31676392175331586,139.4192113169908,0.006055111790272853,3.83378808200027e-06
0.31676392175331586,63.89380428899595,0.008944100750274077,8.371569156548799e-06
0.31676392175331586,29.28195435977811,0.013211471728657949,1.827820159768417e-05
0.31676392175331586,13.419842527172223,0.019514872440561434,3.990242580487926e-05
0.31676392175331586,6.150359303955734,0.02882572465755633,8.709793020504154e-05
0.31676392175331586,2.8187616098404873,0.04257893073931596,0.00019009394820029458
0.31676392175331586,1.2918733783998133,0.06289400750340614,0.0004148501236127224
0.31676392175331586,0.5920853776695149,0.09290172653833195,0.0009052868594995647
0.31676392175331586,0.2713630637185137,0.13722659974140763,0.001975427261171768
0.31676392175331586,0.12437083604524161,0.2026995662865173,0.004310440095518201
0.3382712584676719,304635.1279045979,0.00012245513306678618,1.5644406633259972e-09
0.3382712584676719,139621.04133344826,0.00018088040080399561,3.4134134517080804e-09
0.3382712584676719,63991.39905119782,0.0002671812816304737,7.447668123024446e-09
0.3382712584676719,29328.634069011452,0.0003946576684726452,1.6250128605002303e-08
0.3382712584676719,13441.89996505623,0.0005829550421113759,3.54574501501236e-08
0.3382712584676719,6160.644653149867,0.0008610920508355232,7.737339192369436e-08
0.3382712584676719,2823.4848158828386,0.001271932595910999,1.688644176578827e-07
0.3382712584676719,1294.005042500245,0.0018787916192828846,3.686149336573468e-07
0.3382712584676719,593.0310311749274,0.0027751926163661227,8.048198354519878e-07
0.3382712584676719,271.77695220405366,0.0040992806114776605,1.75746630231843e-06
0.3382712584676719,124.55069888569221,0.006055111790272853,3.837883968394533e-06
0.3382712584676719,57.079780510054285,0.008944100750274077,8.380513052727416e-06
0.3382712584676719,26.159148711744944,0.013211471728657949,1.829772940156737e-05
0.3382712584676719,11.988668929302749,0.019514872440561434,3.994505619295162e-05
0.3382712584676719,5.494447595236532,0.02882572465755633,8.719098266413379e-05
0.3382712584676719,2.5181517347103113,0.04257893073931596,0.0001902970381042366
0.3382712584676719,1.1541001472877723,0.06289400750340614,0.00041529333538074397
0.3382712584676719,0.5289417933958188,0.09290172653833195,0.0009062540372270611
0.3382712584676719,0.24242325685332552,0.13722659974140763,0.001977537740587977
0.3382712584676719,0.11110717398035051,0.2026995662865173,0.004315045223423411
0.3612388799580982,274649.75859006785,0.00012245513306678618,1.5663471340559223e-09
0.3612388799580982,125878.0809689351,0.00018088040080399561,3.4175731319161282e-09
0.3612388799580982,57692.6975631383,0.0002671812816304737,7.456744057867932e-09
0.3612388799580982,26441.803748365597,0.0003946576684726452,1.6269931462862908e-08
0.3612388799580982,12118.807853502858,0.0005829550421113759,3.550065958635492e-08
0.3612388799580982,5554.249697059851,0.0008610920508355232,7.746768130619484e-08
0.3612388799580982,2545.5679669562974,0.001271932595910999,1.6907020060704813e-07
0.3612388799580982,1166.6355587676755,0.0018787916192828846,3.6906413833768395e-07
0.3612388799580982,534.6587268780116,0.0027751926163661227,8.058006121365905e-07
0.3612388799580982,245.025827766486,0.0040992806114776605,1.7596080020284316e-06
0.3612388799580982,112.29111908011528,0.006055111790272853,3.8425609267920006e-06
0.3612388799580982,51.46139274677773,0.008944100750274077,8.390725794473922e-06
0.3612388799580982,23.584292267610824,0.013211471728657949,1.8320027560289026e-05
0.3612388799580982,10.808619007501441,0.019514872440561434,3.99937344345259e-05
0.3612388799580982,4.953626718109353,0.02882572465755633,8.729723621403791e-05
0.3612388799580982,2.2702889596289393,0.04257893073931596,0.0001905289398014008
0.3612388799580982,1.0405015658068897,0.06289400750340614,0.0004157994243543021
0.3612388799580982,0.4768778217156686,0.09290172653833195,0.0009073584257340403
0.3612388799580982,0.21856142983861893,0.13722659974140763,0.001979947627771343
0.3612388799580982,0.10017084633850183,0.2026995662865173,0.004320303667843656
0.3857659352571108,249325.75632931682,0.00012245513306678618,1.5685248728351217e-09
0.3857659352571108,114271.52859702535,0.00018088040080399561,3.422324685010812e-09
0.3857659352571108,52373.15892247918,0.0002671812816304737,7.46711138999828e-09
0.3857659352571108,24003.744813719484,0.0003946576684726452,1.6292552031197377e-08
0.3857659352571108,11001.396649656888,0.0005829550421113759,3.555001720984916e-08
0.3857659352571108,5042.12169633126,0.0008610920508355232,7.757538694238351e-08
0.3857659352571108,2310.854602719286,0.001271932595910999,1.6930526401195401e-07
0.3857659352571108,1059.0662619075586,0.0018787916192828846,3.695772594739733e-07
0.3857659352571108,485.3606725537706,0.0027751926163661227,8.069209416076964e-07
0.3857659352571108,222.43329177905946,0.0040992806114776605,1.7620544399573897e-06
0.3857659352571108,101.93734877272787,0.006055111790272853,3.847903360313375e-06
0.3857659352571108,46.71640985909991,0.008944100750274077,8.402391686889381e-06
0.3857659352571108,21.40970940177631,0.013211471728657949,1.8345498479447604e-05
0.3857659352571108,9.812013411764877,0.019514872440561434,4.004933900559552e-05
0.3857659352571108,4.496878997165659,0.02882572465755633,8.741860836842081e-05
0.3857659352571108,2.060957622018007,0.04257893073931596,0.00019079383832538302
0.3857659352571108,0.9445624196279107,0.06289400750340614,0.0004163775237109038
0.3857659352571108,0.4329074400050661,0.09290172653833195,0.0009086199554612416
0.3857659352571108,0.19840903638373444,0.13722659974140763,0.0019827004129551276
0.3857659352571108,0.09093462241271565,0.2026995662865173,0.004326310325741859
0.41195830532431943,227544.37376165198,0.00012245513306678618,1.5710133261856221e-09
0.41195830532431943,104288.63746864094,0.00018088040080399561,3.427754178359612e-09
0.41195830532431943,47797.77999847082,0.0002671812816304737,7.47895790832711e-09
0.41195830532431943,21906.750277436273,0.0003946576684726452,1.6318400048196128e-08
0.41195830532431943,10040.302085488172,0.0005829550421113759,3.560641706106674e-08
0.41195830532431943,4601.636192027784,0.0008610920508355232,7.769845976080422e-08
0.41195830532431943,2108.975708268105,0.001271932595910999,1.695738656990456e-07
0.41195830532431943,966.5450252296386,0.0018787916192828846,3.7016359149783173e-07
0.41195830532431943,442.95901070291023,0.0027751926163661227,8.082011169791831e-07
0.41195830532431943,203.00126582599327,0.0040992806114776605,1.76484992971549e-06
0.41195830532431943,93.03198580740633,0.006055111790272853,3.854008039252141e-06
0.41195830532431943,42.63521106728861,0.008944100750274077,8.415722040386509e-06
0.41195830532431943,19.539332801256002,0.013211471728657949,1.8374603527127607e-05
0.41195830532431943,8.954824745742663,0.019514872440561434,4.011287710084704e-05
0.41195830532431943,4.104026527490112,0.02882572465755633,8.755729760461283e-05
0.41195830532431943,1.880910017655969,0.04257893073931596,0.0001910965319217337
0.41195830532431943,0.8620443713025934,0.06289400750340614,0.0004170381048666356
0.41195830532431943,0.3950881532256167,0.09290172653833195,0.0009100614771565979
0.41195830532431943,0.18107579710563432,0.13722659974140763,0.001985845958777514
0.41195830532431943,0.08299047028573392,0.2026995662865173,0.004333173998854976
0.439929060124437,208540.92751626833,0.00012245513306678618,1.5738577212358307e-09
0.439929060124437,95578.93622068486,0.00018088040080399561,3.433960291886432e-09
0.439929060124437,43805.932044622015,0.0002671812816304737,7.492498920871643e-09
0.439929060124437,20077.20053129542,0.0003946576684726452,1.634794529613054e-08
0.439929060124437,9201.782821139166,0.0005829550421113759,3.56708841950284e-08
0.439929060124437,4217.328971069384,0.0008610920508355232,7.783913658150406e-08
0.439929060124437,1932.8438806759816,0.001271932595910999,1.6988088743654995e-07
0.439929060124437,885.8236870580345,0.0018787916192828846,3.7083379083178517e-07
0.439929060124437,405.9651376347697,0.0027751926163661227,8.096644050498412e-07
0.439929060124437,186.04754584651093,0.0040992806114776605,1.768045278407935e-06
0.439929060124437,85.26238780354021,0.006055111790272853,3.8609859139990135e-06
0.439929060124437,39.07451689739822,0.008944100750274077,8.430959129205378e-06
0.439929060124437,17.907498774633083,0.013211471728657949,1.8407871676391507e-05
0.439929060124437,8.206959512497782,0.019514872440561434,4.018550350010538e-05
0.439929060124437,3.761277357400743,0.02882572465755633,8.771582454376855e-05
0.439929060124437,1.7238251785905965,0.04257893073931596,0.00019144252192339987
0.439929060124437,0.7900504428764807,0.06289400750340614,0.00041779317361282487
0.439929060124437,0.3620922319590937,0.09290172653833195,0.0009117091898815656
0.439929060124437,0.16595319043509107,0.13722659974140763,0.001989441434229322
0.439929060124437,0.07605949298705658,0.2026995662865173,0.004341019431587366
0.4697989467395386,191771.69425946157,0.00012245513306678618,1.5771100396102791e-09
0.4697989467395386,87893.22437987565,0.00018088040080399561,3.4410564429775127e-09
0.4697989467395386,40283.400994205265,0.0002671812816304737,7.507981891054069e-09
0.4697989467395386,18462.74881277045,0.0003946576684726452,1.6381727717353758e-08
0.4697989467395386,8461.847287670325,0.0005829550421113759,3.5744596754325314e-08
0.4697989467395386,3878.2043013260363,0.0008610920508355232,7.799998828300924e-08
0.4697989467395386,1777.419666338942,0.001271932595910999,1.7023194005836902e-07
0.4697989467395386,814.592662298158,0.0018787916192828846,3.7160010536839075e-07
0.4697989467395386,373.32059097350987,0.0027751926163661227,8.113375473480392e-07
0.4697989467395386,171.08705489041097,0.0040992806114776605,1.7716988807725551e-06
0.4697989467395386,78.4062523404534,0.006055111790272853,3.8689645044096596e-06
0.4697989467395386,35.93244936940218,0.008944100750274077,8.448381408965234e-06
0.4697989467395386,16.467517561574695,0.013211471728657949,1.8445910897207025e-05
0.4697989467395386,7.547019917622092,0.019514872440561434,4.026854543776622e-05
0.4697989467395386,3.458824805118408,0.02882572465755633,8.789708623544123e-05
0.4697989467395386,1.5852086197116888,0.04257893073931596,0.0001918381312288914
0.4697989467395386,0.7265207561135094,0.06289400750340614,0.0004186565286765857
0.4697989467395386,0.3329756024223657,0.09290172653833195,0.0009135932052434135
0.4697989467395386,0.1526085308769731,0.13722659974140763,0.001993552545867123
0.4697989467395386,0.06994338255196692,0.2026995662865173,0.004349989997555846
0.5016969106227039,176837.379949521,0.00012245513306678618,1.5808304172574498e-09
0.5016969106227039,81048.49662347915,0.00018088040080399561,3.4491738407377973e-09
0.5016969106227039,37146.311476277726,0.0002671812816304737,7.525693101779842e-09
0.5016969106227039,17024.953235971443,0.0003946576684726452,1.6420371954989778e-08
0.5016969106227039,7802.876799449974,0.0005829550421113759,3.582891769797536e-08
0.5016969106227039,3576.1872483601765,0.0008610920508355232,7.818398904484723e-08
0.5016969106227039,1639.0022423992982,0.001271932595910999,1.7063351460117404e-07
0.5016969106227039,751.155861305704,0.0018787916192828846,3.724767044374744e-07
0.5016969106227039,344.24806790130225,0.0027751926163661227,8.132514806859089e-07
0.5016969106227039,157.76356710554785,0.0040992806114776605,1.7758782928792785e-06
0.5016969106227039,72.30032724723091,0.006055111790272853,3.878091336844324e-06
0.5016969106227039,33.13419238114831,0.008944100750274077,8.468311022689765e-06
0.5016969106227039,15.185101617945529,0.013211471728657949,1.8489424546199003e-05
0.5016969106227039,6.959292070292477,0.019514872440561434,4.0363538384793425e-05
0.5016969106227039,3.1894671413389597,0.02882572465755633,8.810443426495914e-05
0.5016969106227039,1.4617597276953422,0.04257893073931596,0.00019229067477930396
0.5016969106227039,0.6699425990349882,0.06289400750340614,0.0004196441337680435
0.5016969106227039,0.30704496552492133,0.09290172653833195,0.0009157483592894767
0.5016969106227039,0.14072406735744214,0.13722659974140763,0.0019982553094663336
0.5016969106227039,0.06449650764043485,0.2026995662865173,0.0043602515654152605
0.5357606522432464,163436.68196572518,0.00012245513306678618,1.5850882208648083e-09
0.5357606522432464,74906.65927218519,0.00018088040080399561,3.45846383458733e-09
0.5357606522432464,34331.37211546098,0.0002671812816304737,7.545962779758632e-09
0.5357606522432464,15734.806002744484,0.0003946576684726452,1.6464598533494603e-08
0.5357606522432464,7211.576502053471,0.0005829550421113759,3.5925419196028064e-08
0.5357606522432464,3305.1845609399543,0.0008610920508355232,7.839456957556932e-08
0.5357606522432464,1514.7990111396957,0.001271932595910999,1.710930984573523e-07
0.5357606522432464,694.2334346345866,0.0018787916192828846,3.734799323153861e-07
0.5357606522432464,318.1610247830076,0.0027751926163661227,8.154418905639326e-07
0.5357606522432464,145.80827861955552,0.0040992806114776605,1.7806614403829769e-06
0.5357606522432464,66.8214243394375,0.006055111790272853,3.88853658231581e-06
0.5357606522432464,30.623290574095623,0.008944100750274077,8.491119560862621e-06
0.5357606522432464,14.034377962514549,0.013211471728657949,1.85392239418239e-05
0.5357606522432464,6.431918451572819,0.019514872440561434,4.0472253499260864e-05
0.5357606522432464,2.9477700250197656,0.02882572465755633,8.834173466885521e-05
0.5357606522432464,1.3509878981697767,0.04257893073931596,0.00019280859032120112
0.5357606522432464,0.6191744967987435,0.06289400750340614,0.0004207744029430496
0.5357606522432464,0.2837771658466309,0.09290172653833195,0.0009182148352162219
0.5357606522432464,0.13006002861626373,0.13722659974140763,0.0020036374088201283
0.5357606522432464,0.059608976539037475,0.2026995662865173,0.004371995463775029
0.5721372215265124,151336.93183914304,0.00012245513306678618,1.5899636117273528e-09
0.5721372215265124,69361.07520197004,0.00018088040080399561,3.4691013264264837e-09
0.5721372215265124,31789.708768638244,0.0002671812816304737,7.569172540449537e-09
0.5721372215265124,14569.907042461024,0.0003946576684726452,1.6515240102846843e-08
0.5721372215265124,6677.679994817218,0.0005829550421113759,3.6035918074073157e-08
0.5721372215265124,3060.4909781764118,0.0008610920508355232,7.863569445796135e-08
0.5721372215265124,1402.653504634501,0.001271932595910999,1.7161934417811584e-07
0.5721372215265124,642.837071554394,0.0018787916192828846,3.7462867670663917e-07
0.5721372215265124,294.60652758551174,0.0027751926163661227,8.179500157010117e-07
0.5721372215265124,135.01361677205676,0.0040992806114776605,1.7861383753596467e-06
0.5721372215265124,61.87441664174653,0.006055111790272853,3.900496893002379e-06
0.5721372215265124,28.35614863465381,0.008944100750274077,8.517236438955339e-06
0.5721372215265124,12.99536725647019,0.013211471728657949,1.8596246655596324e-05
0.5721372215265124,5.955742583238475,0.019514872440561434,4.059673755723605e-05
0.5721372215265124,2.729537011201046,0.02882572465755633,8.861345509495105e-05
0.5721372215265124,1.2509698649828933,0.04257893073931596,0.00019340162863627314
0.5721372215265124,0.5733349926965842,0.06289400750340614,0.0004220686157495563
0.5721372215265124,0.2627682182640533,0.09290172653833195,0.0009210390693027183
0.5721372215265124,0.12043126122003675,0.13722659974140763,0.0020098001725778777
0.5721372215265124,0.055195929919623105,0.2026995662865173,0.004385442794718735
0.6109836526543906,140354.8385788452,0.00012245513306678618,1.5955494146057977e-09
0.6109836526543906,64327.73808304545,0.00018088040080399561,3.481288848250505e-09
0.6109836526543906,29482.819484237818,0.0002671812816304737,7.595764284939432e-09
0.6109836526543906,13512.610082887453,0.0003946576684726452,1.657326085072746e-08
0.6109836526543906,6193.0996380180095,0.0005829550421113759,3.616251817025822e-08
0.6109836526543906,2838.399801281264,0.0008610920508355232,7.891195457845585e-08
0.6109836526543906,1300.8669059111069,0.001271932595910999,1.722222711975741e-07
0.6109836526543906,596.1882030785833,0.0018787916192828846,3.7594480908964715e-07
0.6109836526543906,273.22776505341005,0.0027751926163661227,8.208236094716875e-07
0.6109836526543906,125.21606048391615,0.0040992806114776605,1.7924133757808546e-06
0.6109836526543906,57.384365259480404,0.006055111790272853,3.9141999870074435e-06
0.6109836526543906,26.29842315374498,0.008944100750274077,8.547158908860942e-06
0.6109836526543906,12.052330225290042,0.013211471728657949,1.866157837075103e-05
0.6109836526543906,5.523551197311655,0.019514872440561434,4.073936067162628e-05
0.6109836526543906,2.5314622347483153,0.02882572465755633,8.892476896184727e-05
0.6109836526543906,1.160190522232418,0.04257893073931596,0.0001940810808728101
0.6109836526543906,0.531729694919397,0.06289400750340614,0.0004235514133429903
0.6109836526543906,0.2436998723647198,0.09290172653833195,0.0009242748335350226
0.6109836526543906,0.11169190544976465,0.13722659974140763,0.002016860936641246
0.6109836526543906,0.05119051750814599,0.2026995662865173,0.00440084958862227
0.6524676419669064,130343.46331644036,0.00012245513306678618,1.601953353924073e-09
0.6524676419669064,59739.30257031687,0.00018088040080399561,3.495261441252311e-09
0.6524676419669064,27379.83840700803,0.0002671812816304737,7.626250845574238e-09
0.6524676419669064,12548.768638915928,0.0003946576684726452,1.6639779730315077e-08
0.6524676419669064,5751.351814413003,0.0005829550421113759,3.630766101788702e-08
0.6524676419669064,2635.9394814450943,0.0008610920508355232,7.922867772413056e-08
0.6524676419669064,1208.0773245526216,0.001271932595910999,1.7291350720666015e-07
0.6524676419669064,553.6626738915027,0.0018787916192828846,3.774537116137722e-07
0.6524676419669064,253.73869234516192,0.0027751926163661227,8.241180903149438e-07
0.6524676419669064,116.28451982838921,0.0040992806114776605,1.7996074576383714e-06
0.6524676419669064,53.2911939364078,0.006055111790272853,3.9299101342430595e-06
0.6524676419669064,24.422582053941326,0.008944100750274077,8.581464038038395e-06
0.6524676419669064,11.19264916625634,0.013211471728657949,1.8736479037123697e-05
0.6524676419669064,5.129561633921538,0.019514872440561434,4.0902873389908006e-05
0.6524676419669064,2.350895483061162,0.02882572465755633,8.928168009034808e-05
0.6524676419669064,1.0774352551065138,0.04257893073931596,0.0001948600505577536
0.6524676419669064,0.493801930447778,0.06289400750340614,0.00042525139210986636
0.6524676419669064,0.22631699636881364,0.09290172653833195,0.0009279845310131325
0.6524676419669064,0.10372502995745915,0.13722659974140763,0.0020249558708731416
0.6524676419669064,0.047539147451325925,0.2026995662865173,0.004418512972115897
0.6967682718913346,121183.17326724347,0.00012245513306678618,1.609300747807141e-09
0.6967682718913346,55540.93830298522,0.00018088040080399561,3.5112925338754157e-09
0.6967682718913346,25455.6355747002,0.0002671812816304737,7.661228811182056e-09
0.6967682718913346,11666.865108528516,0.0003946576684726452,1.6716098443749097e-08
0.6967682718913346,5347.157776491233,0.0005829550421113759,3.647418690478091e-08
0.6967682718913346,2450.6906815447323,0.0008610920508355232,7.95920618233069e-08
0.6967682718913346,1123.1759542571506,0.001271932595910999,1.7370657894573525e-07
0.6967682718913346,514.752317300833,0.0018787916192828846,3.791849118723751e-07
0.6967682718913346,235.90642117532178,0.0027751926163661227,8.278979276747316e-07
0.6967682718913346,108.11226570594361,0.0040992806114776605,1.807861401392622e-06
0.6967682718913346,49.54599056380509,0.006055111790272853,3.947934765470546e-06
0.6967682718913346,22.706209624733194,0.008944100750274077,8.620823141210652e-06
0.6967682718913346,10.406051161431382,0.013211471728657949,1.882241438084711e-05
0.6967682718913346,4.769065841867963,0.019514872440561434,4.10904754817322e-05
0.6967682718913346,2.1856790403288446,0.02882572465755633,8.969117285121014e-05
0.6967682718913346,1.0017151642294362,0.04257893073931596,0.00019575378129889337
0.6967682718913346,0.4590984744433495,0.06289400750340614,0.00042720181882633783
0.6967682718913346,0.21041187038386552,0.09290172653833195,0.0009322407565716795
0.6967682718913346,0.09643543309063904,0.13722659974140763,0.002034243384529698
0.6967682718913346,0.04419818702722113,0.2026995662865173,0.004438778598836775
0.7440767840239668,112775.21354499331,0.00012245513306678618,1.6177377749984643e-09
0.7440767840239668,51687.383724541236,0.00018088040080399561,3.529701069818465e-09
0.7440767840239668,23689.46661886894,0.0002671812816304737,7.701394079544079e-09
0.7440767840239668,10857.391901641557,0.0003946576684726452,1.680373537619668e-08
0.7440767840239668,4976.160005437755,0.0005829550421113759,3.66654089167334e-08
0.7440767840239668,2280.6562787748785,0.0008610920508355232,8.000933651934273e-08
0.7440767840239668,1045.2474937495626,0.001271932595910999,1.7461726483324313e-07
0.7440767840239668,479.0376501008357,0.0018787916192828846,3.811728526579433e-07
0.7440767840239668,219.5387061129751,0.0027751926163661227,8.322383226549468e-07
0.7440767840239668,100.61119500852419,0.0040992806114776605,1.8173394219816103e-06
0.7440767840239668,46.10837900405629,0.006055111790272853,3.968632486721311e-06
0.7440767840239668,21.130802067410585,0.008944100750274077,8.666019280889041e-06
0.7440767840239668,9.684056086753925,0.013211471728657949,1.8921094114415944e-05
0.7440767840239668,4.438177402650734,0.019514872440561434,4.130589935383621e-05
0.7440767840239668,2.034031747787773,0.02882572465755633,9.016139424097074e-05
0.7440767840239668,0.9322139294991045,0.04257893073931596,0.0001967800541710787
0.7440767840239668,0.42724519728724114,0.06289400750340614,0.0004294414978911198
0.7440767840239668,0.19581302506915585,0.09290172653833195,0.0009371281892576321
0.7440767840239668,0.08974452745742258,0.13722659974140763,0.00204490825583769
0.7440767840239668,0.04113161814444954,0.2026995662865173,0.004462049660287916
0.7945974047018524,105037.0464393513,0.00012245513306678618,1.6274354630513143e-09
0.7945974047018524,48140.8099701855,0.00018088040080399561,3.5508602097688772e-09
0.7945974047018524,22063.99373741899,0.0002671812816304737,7.747560843557974e-09
0.7945974047018524,10112.402730774042,0.0003946576684726452,1.6904467021921385e-08
0.7945974047018524,4634.716558667056,0.0005829550421113759,3.688520332835865e-08
0.7945974047018524,2124.1671107281954,0.0008610920508355232,8.048896041684847e-08
0.7945974047018524,973.5269492714846,0.001271932595910999,1.7566402544802425e-07
0.7945974047018524,446.16807512400374,0.0018787916192828846,3.834578316642983e-07
0.7945974047018524,204.47487158702322,0.0027751926163661227,8.372272597302965e-07
0.7945974047018524,93.70767260648728,0.0040992806114776605,1.8282336490957148e-06
0.7945974047018524,42.94461354490099,0.006055111790272853,3.992422863143201e-06
0.7945974047018524,19.680894211082954,0.008944100750274077,8.717968631665086e-06
0.7945974047018524,9.01957639387573,0.013211471728657949,1.9034518582769606e-05
0.7945974047018524,4.133648111543517,0.019514872440561434,4.1553511881294655e-05
0.7945974047018524,1.894464942207428,0.02882572465755633,9.070187615645674e-05
0.7945974047018524,0.8682492839857111,0.04257893073931596,0.00019795967283729987
0.7945974047018524,0.39792940759050854,0.06289400750340614,0.0004320158300259507
0.7945974047018524,0.18237714916670106,0.09290172653833195,0.0009427459026288684
0.7945974047018524,0.08358663100673498,0.13722659974140763,0.0020571666732992276
0.7945974047018524,0.03830933747394625,0.2026995662865173,0.004488797886112773
0.8485482266284258,97898.9115669419,0.00012245513306678618,1.6385945913343391e-09
0.8485482266284258,44869.24430769366,0.00018088040080399561,3.575208029146532e-09
0.8485482266284258,20564.563122822874,0.0002671812816304737,7.80068493246123e-09
0.8485482266284258,9425.181440863815,0.0003946576684726452,1.702037891269323e-08
0.8485482266284258,4319.74928790017,0.0005829550421113759,3.713812072785631e-08
0.8485482266284258,1979.8124112347136,0.0008610920508355232,8.104086357237008e-08
0.8485482266284258,907.3677526337841,0.001271932595910999,1.7686853275592112e-07
0.8485482266284258,415.8472697227067,0.0018787916192828846,3.860871567381874e-07
0.8485482266284258,190.5791155570937,0.0027751926163661227,8.429680290795153e-07
0.8485482266284258,87.3394625245987,0.0040992806114776605,1.8407696351395632e-06
0.8485482266284258,40.02617251025946,0.006055111790272853,4.01979844706846e-06
0.8485482266284258,18.343414984916325,0.008944100750274077,8.77774674504878e-06
0.8485482266284258,8.406621728906124,0.013211471728657949,1.9165036109063216e-05
0.8485482266284258,3.852732605145139,0.019514872440561434,4.1838439596840105e-05
0.8485482266284258,1.765720414239223,0.02882572465755633,9.13238086546536e-05
0.8485482266284258,0.8092445797193284,0.04257893073931596,0.00019931705994690786
0.8485482266284258,0.37088682044230314,0.06289400750340614,0.00043497811382089757
0.8485482266284258,0.16998311684960185,0.09290172653833195,0.0009492102049893105
0.8485482266284258,0.07790622965781008,0.13722659974140763,0.0020712724333714874
0.8485482266284258,0.03570590186017777,0.2026995662865173,0.004519577067613957
0.9061621503589182,91301.24657110826,0.00012245513306678618,1.6514517637477764e-09
0.9061621503589182,41845.3879868596,0.00018088040080399561,3.6032607680095083e-09
0.9061621503589182,19178.663156478302,0.0002671812816304737,7.861892721573107e-09
0.9061621503589182,8789.993688092374,0.0003946576684726452,1.7153928696195665e-08
0.9061621503589182,4028.6300286004275,0.0005829550421113759,3.7429523652823183e-08
0.9061621503589182,1846.3876491016358,0.0008610920508355232,8.167674783609662e-08
0.9061621503589182,846.2178551915944,0.001271932595910999,1.7825632559400877e-07
0.9061621503589182,387.8222296215696,0.0018787916192828846,3.8911657673928247e-07
0.9061621503589182,177.73548840838245,0.0027751926163661227,8.495823506715944e-07
0.9061621503589182,81.45342684723066,0.0040992806114776605,1.855213177228129e-06
0.9061621503589182,37.3287037081214,0.006055111790272853,4.051339675616956e-06
0.9061621503589182,17.10720413219277,0.008944100750274077,8.846621080306752e-06
0.9061621503589182,7.840077446827729,0.013211471728657949,1.931541402141228e-05
0.9061621503589182,3.593086855121507,0.019514872440561434,4.2166723746583636e-05
0.9061621503589182,1.6467238877550157,0.02882572465755633,9.204037840414297e-05
0.9061621503589182,0.7547074668780581,0.04257893073931596,0.00020088099581647
0.9061621503589182,0.3458917858176352,0.06289400750340614,0.0004383911577891256
0.9061621503589182,0.15852750925151196,0.09290172653833195,0.0009566581572185096
0.9061621503589182,0.07265592473897825,0.13722659974140763,0.002087524616725921
0.9061621503589182,0.03329958759343219,0.2026995662865173,0.004555039807575687
0.9676878897098523,85192.72542178449,0.00012245513306678618,1.666286990056238e-09
0.9676878897098523,39045.71714878179,0.00018088040080399561,3.635629372572096e-09
0.9676878897098523,17895.512335627507,0.0002671812816304737,7.932517223948831e-09
0.9676878897098523,8201.898077931995,0.0003946576684726452,1.7308024884706765e-08
0.9676878897098523,3759.094040760783,0.0005829550421113759,3.776575841828694e-08
0.9676878897098523,1722.8548565973826,0.0008610920508355232,8.241046180605213e-08
0.9676878897098523,789.6015459934744,0.001271932595910999,1.7985762799369667e-07
0.9676878897098523,361.87493616277214,0.0018787916192828846,3.9261206786199134e-07
0.9676878897098523,165.84407412416795,0.0027751926163661227,8.572142744539986e-07
0.9676878897098523,76.00377560880939,0.0040992806114776605,1.8718788339389947e-06
0.9676878897098523,34.831222385482285,0.006055111790272853,4.087733469240198e-06
0.9676878897098523,15.962644644687542,0.008944100750274077,8.926091616781612e-06
0.9676878897098523,7.315536159488927,0.013211471728657949,1.948892732447274e-05
0.9676878897098523,3.352690967095497,0.019514872440561434,4.2545513865487285e-05
0.9676878897098523,1.53654963831713,0.02882572465755633,9.28671912164126e-05
0.9676878897098523,0.7042136781341661,0.04257893073931596,0.00020268554061757542
0.9676878897098523,0.32274985674229023,0.06289400750340614,0.0004423292928967159
0.9676878897098523,0.14792120834268058,0.09290172653833195,0.0009652519645187868
0.9676878897098523,0.06779487190160553,0.13722659974140763,0.0021062771714837588
0.9676878897098523,0.031071674934486884,0.2026995662865173,0.004595958431164368
1.0333910454328779,5219.087959852657,0.00012245513306678618,1.1047695851739769e-10
1.0333910454328779,2392.0359424883695,0.00018088040080399561,2.410479844526502e-10
1.0333910454328779,1096.3302215565086,0.0002671812816304737,5.259305157939305e-10
1.0333910454328779,502.47296608233484,0.0003946576684726452,1.1474386203748034e-09
1.0333910454328779,230.28776864947503,0.0005829550421113759,2.503108680919394e-09
1.0333910454328779,105.53343465545728,0.0008610920508355232,5.459567824879741e-09
1.0333910454328779,48.353573187161295,0.001271932595910999,1.1906317812275823e-08
1.0333910454328779,22.148607346058775,0.0018787916192828846,2.5964986626890537e-08
1.0333910454328779,10.142274265338816,0.0027751926163661227,5.6630242444601376e-08
1.0333910454328779,4.643354348951338,0.0040992806114776605,1.2353455907222487e-07
1.0333910454328779,2.1256860824201516,0.006055111790272853,2.6952706633491604e-07
1.0333910454328779,0.9731888572835832,0.008944100750274077,5.881181058217544e-07
1.0333910454328779,0.4456186783961874,0.013211471728657949,1.2833590094564617e-06
1.0333910454328779,0.20408500135390864,0.019514872440561434,2.8004934140929116e-06
1.0333910454328779,0.09348381189781606,0.02882572465755633,6.111025706577579e-06
1.0333910454328779,0.0428279451712793,0.04257893073931596,1.3334710454744856e-05
1.0333910454328779,0.019623178537530695,0.06289400750340614,2.9096662884052354e-05
1.0333910454328779,0.008991864318987648,0.09290172653833195,6.34884125325519e-05
1.0333910454328779,0.004120574745103761,0.13722659974140763,0.0001385285597585315
1.0333910454328779,0.001888362722464654,0.2026995662865173,0.00030225912274618847
1.103555251787899,4888.790874482347,0.00012245513306678618,1.12119594706938e-10
1.103555251787899,2240.6519973019304,0.00018088040080399561,2.446319677035451e-10
1.103555251787899,1026.9467347470675,0.0002671812816304737,5.337508030921804e-10
1.103555251787899,470.6728961912632,0.0003946576684726452,1.1645067181148645e-09
1.103555251787899,215.7138841252399,0.0005829550421113759,2.540381022936525e-09
1.103555251787899,98.8553955574643,0.0008610920508355232,5.5410350241876216e-09
1.103555251787899,45.29464126652488,0.001271932595910999,1.208457868744675e-08
1.103555251787899,20.748175744369636,0.0018787916192828846,2.63554162170647e-08
1.103555251787899,9.50149409505452,0.0027751926163661227,5.748580703093775e-08
1.103555251787899,4.350278546879244,0.0040992806114776605,1.2540937666142365e-07
1.103555251787899,1.991658431256718,0.006055111790272853,2.7363365574961264e-07
1.103555251787899,0.9118880503220258,0.008944100750274077,5.971073439811585e-07
1.103555251787899,0.4175729294414855,0.013211471728657949,1.3030225944587455e-06
1.103555251787899,0.19124921696669012,0.019514872440561434,2.843479484520914e-06
1.103555251787899,0.08760722271574421,0.02882572465755633,6.204947477438954e-06
1.103555251787899,0.0401367022009407,0.04257893073931596,1.3539840685344422e-05
1.103555251787899,0.018390419532124846,0.06289400750340614,2.9544544609057457e-05
1.103555251787899,0.008427088101896484,0.09290172653833195,6.446610815311933e-05
1.103555251787899,0.0038617967432989465,0.13722659974140763,0.00014066247974838412
1.103555251787899,0.0017697815792328197,0.2026995662865173,0.0003069161280603111
1.1784834009651335,4552.725828508256,0.00012245513306678618,1.1327967084156499e-10
1.1784834009651335,2086.6246385523855,0.00018088040080399561,2.471630678305618e-10
1.1784834009651335,956.3518161406465,0.0002671812816304737,5.39273792107681e-10
1.1784834009651335,438.31761272136356,0.0003946576684726452,1.1765619980775617e-09
1.1784834009651335,200.88544426112273,0.0005829550421113759,2.5667135431466854e-09
1.1784834009651335,92.06051760292333,0.0008610920508355232,5.598621274306153e-09
1.1784834009651335,42.18195755281404,0.001271932595910999,1.2210690464854922e-08
1.1784834009651335,19.322931002690193,0.0018787916192828846,2.6631925206948968e-08
1.1784834009651335,8.849218593505046,0.0027751926163661227,5.809244098160664e-08
1.1784834009651335,4.05186422836039,0.0040992806114776605,1.2674018939906603e-07
1.1784834009651335,1.8551500196306805,0.006055111790272853,2.765514701171467e-07
1.1784834009651335,0.8494356397994051,0.008944100750274077,6.034993286897162e-07
1.1784834009651335,0.3889936496201226,0.013211471728657949,1.3170130647412786e-06
1.1784834009651335,0.17816680964154735,0.019514872440561434,2.874077001752588e-06
1.1784834009651335,0.08161687210818876,0.02882572465755633,6.271821896707998e-06
1.1784834009651335,0.03739307508258055,0.04257893073931596,1.3685930067104097e-05
1.1784834009651335,0.01713357150532502,0.06289400750340614,2.9863565061237247e-05
1.1784834009651335,0.0078512455189826,0.09290172653833195,6.51625814757831e-05
1.1784834009651335,0.0035979385580963284,0.13722659974140763,0.00014218271297707444
1.1784834009651335,0.0016488694792572412,0.2026995662865173,0.0003102340042111314
1.2584989506418267,4217.617865832545,0.00012245513306678618,1.1404559883036468e-10
1.2584989506418267,1933.0360838990127,0.00018088040080399561,2.4883418868578895e-10
1.2584989506418267,885.958102547468,0.0002671812816304737,5.429203765519473e-10
1.2584989506418267,406.05455652933557,0.0003946576684726452,1.1845228097026561e-09
1.2584989506418267,186.0991948506545,0.0005829550421113759,2.5841100443981717e-09
1.2584989506418267,85.28482438942314,0.0008610920508355232,5.636699084703502e-09
1.2584989506418267,39.077886674375826,0.001271932595910999,1.2294195664229144e-08
1.2584989506418267,17.901475606799202,0.0018787916192828846,2.681534307756128e-08
1.2584989506418267,8.198570358221277,0.0027751926163661227,5.849562025634551e-08
1.2584989506418267,3.7541334216464874,0.0040992806114776605,1.2762629694869744e-07
1.2584989506418267,1.7189245933712678,0.006055111790272853,2.7849734591177397e-07
1.2584989506418267,0.7870999083108923,0.008944100750274077,6.077675318467348e-07
1.2584989506418267,0.36046274593110117,0.013211471728657949,1.3263641513307562e-06
1.2584989506418267,0.16510470867878058,0.019514872440561434,2.8945426118246138e-06
1.2584989506418267,0.07563517914311703,0.02882572465755633,6.316574628005323e-06
1.2584989506418267,0.03465319786960422,0.04257893073931596,1.3783728887198443e-05
1.2584989506418267,0.01587837067988165,0.06289400750340614,3.00771848559657e-05
1.2584989506418267,0.007276134867396687,0.09290172653833195,6.562902801352674e-05
1.2584989506418267,0.0033344085070741067,0.13722659974140763,0.00014320097277801353
1.2584989506418267,0.0015281054575384781,0.2026995662865173,0.0003124565123030868
1.3439473203182075,4190.344392361415,0.00012245513306678618,1.2338756830877132e-10
1.3439473203182075,1920.535444562538,0.00018088040080399561,2.6921719899087193e-10
1.3439473203182075,880.2284069607248,0.0002671812816304737,5.873936123867268e-10
1.3439473203182075,403.42843638007326,0.0003946576684726452,1.2815583267923957e-09
1.3439473203182075,184.89584763417076,0.0005829550421113759,2.795833634055165e-09
1.3439473203182075,84.7338383856349,0.0008610920508355232,6.098685177255594e-09
1.3439473203182075,38.82600075356959,0.001271932595910999,1.330237251696211e-08
1.3439473203182075,17.78659952129535,0.0018787916192828846,2.901584373340713e-08
1.3439473203182075,8.146315164090534,0.0027751926163661227,6.329950310990548e-08
1.3439473203182075,3.73040887019821,0.0040992806114776605,1.3811514731870353e-07
1.3439473203182075,1.7081606340748303,0.006055111790272853,3.014000407528195e-07
1.3439473203182075,0.7822136521585153,0.008944100750274077,6.577742032262168e-07
1.3439473203182075,0.35824172289133116,0.013211471728657949,1.4355398066755183e-06
1.3439473203182075,0.16409351539778358,0.019514872440561434,3.1328680541514305e-06
1.3439473203182075,0.07517407622883496,0.02882572465755633,6.836766631199077e-06
1.3439473203182075,0.034442653376169564,0.04257893073931596,1.4919035981358449e-05
1.3439473203182075,0.015782132072774235,0.06289400750340614,3.255477109167613e-05
1.3439473203182075,0.007232109869645229,0.09290172653833195,7.103555770885871e-05
1.3439473203182075,0.0033142573829842968,0.13722659974140763,0.00015499846952314884
1.3439473203182075,0.0015188781188078555,0.2026995662865173,0.00033819885161881806
1.435197382460544,3844.5267221602285,0.00012245513306678618,1.2357289471118965e-10
1.435197382460544,1762.0386389699117,0.00018088040080399561,2.696215265069805e-10
1.435197382460544,807.5852810791863,0.0002671812816304737,5.882760932724721e-10
1.435197382460544,370.1344411387882,0.0003946576684726452,1.283487012137586e-09
1.435197382460544,169.63696599246362,0.0005829550421113759,2.8000615380122016e-09
1.435197382460544,77.74127882118775,0.0008610920508355232,6.107998000165379e-09
1.435197382460544,35.62224133278877,0.001271932595910999,1.3322998632122374e-08
1.435197382460544,16.319196522748648,0.0018787916192828846,2.906171922045644e-08
1.435197382460544,7.474429417866263,0.0027751926163661227,6.340170101819946e-08
1.435197382460544,3.4228427541584736,0.0040992806114776605,1.3834258968633243e-07
1.435197382460544,1.5673780435013953,0.006055111790272853,3.0190485324604343e-07
1.435197382460544,0.7177680243986659,0.008944100750274077,6.588908978480969e-07
1.435197382460544,0.3287354838717575,0.013211471728657949,1.438002027069724e-06
1.435197382460544,0.15058135259313382,0.019514872440561434,3.1382820145834234e-06
1.435197382460544,0.06898505061146054,0.02882572465755633,6.848644905610626e-06
1.435197382460544,0.03160739516472133,0.04257893073931596,1.4945054306740196e-05
1.435197382460544,0.014483099413786631,0.06289400750340614,3.2611694216877306e-05
1.435197382460544,0.006636872558147885,0.09290172653833195,7.115998961488293e-05
1.435197382460544,0.0030414908824882565,0.13722659974140763,0.00015527031293488154
1.435197382460544,0.0013938770529605972,0.2026995662865173,0.00033879249941625225
1.532643054888415,3523.112070266653,0.00012245513306678618,1.2396715355276811e-10
1.532643054888415,1614.7263879967863,0.00018088040080399561,2.7048172208235987e-10
1.532643054888415,740.0683494690016,0.0002671812816304737,5.901531834408464e-10
1.532643054888415,339.18989955828766,0.0003946576684726452,1.2875853993644375e-09
1.532643054888415,155.4548301650651,0.0005829550421113759,2.8090209914268584e-09
1.532643054888415,71.24210165164118,0.0008610920508355232,6.127623821588871e-09
1.532643054888415,32.6444758647145,0.001271932595910999,1.3366091148716109e-08
1.532643054888415,14.95525401628305,0.0018787916192828846,2.9156520162640186e-08
1.532643054888415,6.849880609180721,0.0027751926163661227,6.361044220677309e-08
1.532643054888415,3.136925958742784,0.0040992806114776605,1.388021028850418e-07
1.532643054888415,1.4364953377653462,0.006055111790272853,3.029153395778384e-07
1.532643054888415,0.6578500682414142,0.008944100750274077,6.611098297793164e-07
1.532643054888415,0.3013005901842553,0.013211471728657949,1.4428675424400541e-06
1.532643054888415,0.13801714800961276,0.019514872440561434,3.148937208358129e-06
1.532643054888415,0.06323001312692539,0.02882572465755633,6.871955280532546e-06
1.532643054888415,0.02897088137010967,0.04257893073931596,1.4996010741459454e-05
1.532643054888415,0.013275102654328316,0.06289400750340614,3.272302138635327e-05
1.532643054888415,0.006083341925248417,0.09290172653833195,7.140311285667781e-05
1.532643054888415,0.002787834038240731,0.13722659974140763,0.00015580110898580273
1.532643054888415,0.001277632649619992,0.2026995662865173,0.0003399511241357605
1.636705001280387,3227.4541672583314,0.00012245513306678618,1.2473958922149587e-10
1.636705001280387,1479.219124427581,0.00018088040080399561,2.721670560574342e-10
1.636705001280387,677.9619628933292,0.0002671812816304737,5.938305835139898e-10
1.636705001280387,310.7251348179796,0.0003946576684726452,1.2956114116759623e-09
1.636705001280387,142.4091760629882,0.0005829550421113759,2.8265474958901543e-09
1.636705001280387,65.26369674992372,0.0008610920508355232,6.165931162763901e-09
1.636705001280387,29.90527152334306,0.001271932595910999,1.3449910202938729e-08
1.636705001280387,13.700543961992754,0.0018787916192828846,2.9340095878354962e-08
1.636705001280387,6.275322576506042,0.0027751926163661227,6.401270629022974e-08
1.636705001280387,2.873879593291532,0.0040992806114776605,1.3968356792409493e-07
1.636705001280387,1.3160745110915644,0.006055111790272853,3.0484605083554575e-07
1.636705001280387,0.6027183614145079,0.008944100750274077,6.653360418827931e-07
1.636705001280387,0.2760559469146278,0.013211471728657949,1.4521120867856962e-06
1.636705001280387,0.12645554232520928,0.019514872440561434,3.169146289719549e-06
1.636705001280387,0.057934056877476416,0.02882572465755633,6.916110526718133e-06
1.636705001280387,0.026544629539044927,0.04257893073931596,1.5092447760310858e-05
1.636705001280387,0.012163426054457667,0.06289400750340614,3.293358150906062e-05
1.636705001280387,0.005573941640452148,0.09290172653833195,7.186275045476628e-05
1.636705001280387,0.002554398237078011,0.13722659974140763,0.00015680431329964022
1.636705001280387,0.0011706544605450929,0.2026995662865173,0.0003421404861205173
1.7478324471390134,2958.935980367409,0.00012245513306678618,1.2611525522205098e-10
1.7478324471390134,1356.15068294787,0.00018088040080399561,2.751685674250818e-10
1.7478324471390134,621.5566157305677,0.0002671812816304737,6.003796761507385e-10
1.7478324471390134,284.8732859143868,0.0003946576684726452,1.3099026371447547e-09
1.7478324471390134,130.5610289151827,0.0005829550421113759,2.8577411971518336e-09
1.7478324471390134,59.83404263481413,0.0008610920508355232,6.234047424936753e-09
1.7478324471390134,27.417462605376056,0.001271932595910999,1.3598734457144837e-08
1.7478324471390134,12.560958415325768,0.0018787916192828846,2.966542617086639e-08
1.7478324471390134,5.753462588735402,0.0027751926163661227,6.47241238470388e-08
1.7478324471390134,2.634948339183277,0.0040992806114776605,1.4123939324132576e-07
1.7478324471390134,1.2066879161702948,0.006055111790272853,3.0824801261788736e-07
1.7478324471390134,0.5526360378639719,0.008944100750274077,6.727724623865964e-07
1.7478324471390134,0.2531224724404255,0.013211471728657949,1.468361578915878e-06
1.7478324471390134,0.11595207155478884,0.019514872440561434,3.204640970718017e-06
1.7478324471390134,0.053122675783740844,0.02882572465755633,6.993620370104972e-06
1.7478324471390134,0.024340337719618473,0.04257893073931596,1.526166623045642e-05
1.7478324471390134,0.011153435552625886,0.06289400750340614,3.330295139289711e-05
1.7478324471390134,0.005111132470297032,0.09290172653833195,7.266890647756234e-05
1.7478324471390134,0.0023423117606557594,0.13722659974140763,0.00015856360102523885
1.7478324471390134,0.001073459746804665,0.2026995662865173,0.0003459795626475809
1.8665051190545048,2719.338056520264,0.00012245513306678618,1.2841371519353964e-10
1.8665051190545048,1246.3371201467244,0.00018088040080399561,2.8018350449073686e-10
1.8665051190545048,571.2263198949026,0.0002671812816304737,6.113217616732706e-10
1.8665051190545048,261.80576949274683,0.0003946576684726452,1.33377828059858e-09
1.8665051190545048,119.98895551156527,0.0005829550421113759,2.90984374696329e-09
1.8665051190545048,54.98915427217968,0.0008610920508355232,6.3477715168681185e-09
1.8665051190545048,25.197563006005026,0.001271932595910999,1.3847032551048906e-08
1.8665051190545048,11.544072689855874,0.0018787916192828846,3.0207719396940095e-08
1.8665051190545048,5.287777201449108,0.0027751926163661227,6.590882215347771e-08
1.8665051190545048,2.4217282180130035,0.0040992806114776605,1.438278122272871e-07
1.8665051190545048,1.1090683302607638,0.006055111790272853,3.139032019334793e-07
1.8665051190545048,0.5079394987288319,0.008944100750274077,6.851260756309911e-07
1.8665051190545048,0.232654563652558,0.013211471728657949,1.4953420479952625e-06
1.8665051190545048,0.10657757853349123,0.019514872440561434,3.2635538801702345e-06
1.8665051190545048,0.04882836629697731,0.02882572465755633,7.122234108447482e-06
1.8665051190545048,0.02237290903212394,0.04257893073931596,1.5542400879284213e-05
1.8665051190545048,0.010251964619565518,0.06289400750340614,3.391565791103352e-05
1.8665051190545048,0.004698047325407404,0.09290172653833195,7.400602726405798e-05
1.8665051190545048,0.0021530108032347703,0.13722659974140763,0.00016148144012609453
1.8665051190545048,0.000986706846575013,0.2026995662865173,0.0003523465318792279
1.9932353156386882,2512.2972355486613,0.00012245513306678618,1.3216677228623506e-10
1.9932353156386882,1151.4452753541632,0.00018088040080399561,2.883721962752623e-10
1.9932353156386882,527.735021405923,0.0002671812816304737,6.291885221696244e-10
1.9932353156386882,241.87271785517484,0.0003946576684726452,1.372762038449046e-09
1.9932353156386882,110.85343077948987,0.0005829550421113759,2.9949065310650385e-09
1.9932353156386882,50.80258458849605,0.0008610920508355232,6.5333960214562985e-09
1.9932353156386882,23.279288305766677,0.001271932595910999,1.4252168662996497e-08
1.9932353156386882,10.665343557904043,0.0018787916192828846,3.109214436891831e-08
1.9932353156386882,4.885353519814595,0.0027751926163661227,6.783996647442632e-08
1.9932353156386882,2.2374690821348575,0.0040992806114776605,1.4804507018370447e-07
1.9932353156386882,1.0247060503934353,0.006055111790272853,3.231131822209145e-07
1.9932353156386882,0.4693121327530139,0.008944100750274077,7.052381420020289e-07
1.9932353156386882,0.21496557119014592,0.013211471728657949,1.5392555484631124e-06
1.9932353156386882,0.09847572952045204,0.019514872440561434,3.359422131809454e-06
1.9932353156386882,0.04511699152126829,0.02882572465755633,7.331496503045517e-06
1.9932353156386882,0.020672535940458203,0.04257893073931596,1.5999128402421952e-05
1.9932353156386882,0.009472853080333856,0.06289400750340614,3.491240269547061e-05
1.9932353156386882,0.0043410299330259,0.09290172653833195,7.618113926735739e-05
1.9932353156386882,0.001989403035982123,0.13722659974140763,0.0001662277739053399
1.9932353156386882,0.0009117284733685776,0.2026995662865173,0.0003627032008100882
2.1285701190692756,2345.3705220768106,0.00012245513306678618,1.3834972940148254e-10
2.1285701190692756,1074.9386914338018,0.00018088040080399561,3.0186263308691305e-10
2.1285701190692756,492.6701376791435,0.0002671812816304737,6.586229383834095e-10
2.1285701190692756,225.80167728990722,0.0003946576684726452,1.4369840368709632e-09
2.1285701190692756,103.48790176307558,0.0005829550421113759,3.1350307257938877e-09
2.1285701190692756,47.427155354014694,0.0008610920508355232,6.839137777366943e-09
2.1285701190692756,21.73267567870138,0.001271932595910999,1.4919335632188632e-08
2.1285701190692756,9.956866997834837,0.0018787916192828846,3.254821858818974e-08
2.1285701190692756,4.560899435868429,0.0027751926163661227,7.101841764121978e-08
2.1285701190692756,2.088910542833907,0.0040992806114776605,1.5498434181443539e-07
2.1285701190692756,0.9566893449476723,0.006055111790272853,3.382641511494768e-07
2.1285701190692756,0.43816908630739193,0.008944100750274077,7.38317405992713e-07
2.1285701190692756,0.20070398048758764,0.013211471728657949,1.6114716220157365e-06
2.1285701190692756,0.09194370053640655,0.019514872440561434,3.517061203950066e-06
2.1285701190692756,0.042124740186898824,0.02882572465755633,7.675566385189827e-06
2.1285701190692756,0.01930163218824791,0.04257893073931596,1.675004025654892e-05
2.1285701190692756,0.00884470504215308,0.06289400750340614,3.6551101950064774e-05
2.1285701190692756,0.004053189709104501,0.09290172653833195,7.975704062600514e-05
2.1285701190692756,0.0018574966423684407,0.13722659974140763,0.0001740306440194821
2.1285701190692756,0.0008512782629315298,0.2026995662865173,0.00037972913168000954
2.2730937567914773,2238.6394323302397,0.00012245513306678618,1.4920623094941578e-10
2.2730937567914773,1026.0211841431665,0.00018088040080399561,3.2555016820519773e-10
2.2730937567914773,470.2499854457174,0.0002671812816304737,7.10305986221077e-10
2.2730937567914773,215.52599027816547,0.0003946576684726452,1.5497481448737905e-09
2.2730937567914773,98.7784463626031,0.0005829550421113759,3.381058800544938e-09
2.2730937567914773,45.268952041348555,0.0008610920508355232,7.375915916761903e-09
2.2730937567914773,20.743817240140114,0.001271932595910999,1.6090518558468056e-08
2.2730937567914773,9.503911209791454,0.0018787916192828846,3.510391493043733e-08
2.2730937567914773,4.3534803204514025,0.0027751926163661227,7.65963168189507e-08
2.2730937567914773,1.993948700429293,0.0040992806114776605,1.6716024114855748e-07
2.2730937567914773,0.9132163169852272,0.006055111790272853,3.6484496948888005e-07
2.2730937567914773,0.4182659835219631,0.008944100750274077,7.963451700181734e-07
2.2730937567914773,0.1915903933795876,0.013211471728657949,1.738142589558388e-06
2.2730937567914773,0.08776983158947238,0.019514872440561434,3.793551521611093e-06
2.2730937567914773,0.04021283905886568,0.02882572465755633,8.279019034092138e-06
2.2730937567914773,0.018425726821602435,0.04257893073931596,1.8066997677160917e-05
2.2730937567914773,0.008443376577831733,0.06289400750340614,3.942500720249535e-05
2.2730937567914773,0.003869290097316009,0.09290172653833195,8.60282616532921e-05
2.2730937567914773,0.0017732235013696372,0.13722659974140763,0.00018771474971999836
2.2730937567914773,0.0008126578403892557,0.2026995662865173,0.0004095877571247337
2.4274301235721834,2273.5469210017914,0.00012245513306678618,1.7277114640205857e-10
2.4274301235721834,1042.0199259041426,0.00018088040080399561,3.769658817627692e-10
2.4274301235721834,477.5824588943384,0.0002671812816304737,8.224880093193187e-10
2.4274301235721834,218.88656116576772,0.0003946576684726452,1.7945093303904757e-09
2.4274301235721834,100.31865192169104,0.0005829550421113759,3.915065915058679e-09
2.4274301235721834,45.97488366439886,0.0008610920508355232,8.540950135570504e-09
2.4274301235721834,21.06740477337626,0.001271932595910999,1.863230742198227e-08
2.4274301235721834,9.652263269761331,0.0018787916192828846,4.0649999484901765e-08
2.4274301235721834,4.421506504841473,0.0027751926163661227,8.869970249682119e-08
2.4274301235721834,2.025146114386205,0.0040992806114776605,1.9357811226929305e-07
2.4274301235721834,0.9275244332120918,0.006055111790272853,4.2251241989753763e-07
2.4274301235721834,0.42482789928645576,0.008944100750274077,9.22229137459287e-07
2.4274301235721834,0.19459951491159727,0.013211471728657949,2.0129258866296995e-06
2.4274301235721834,0.08914958417883621,0.019514872440561434,4.393311400478493e-06
2.4274301235721834,0.040845421406443,0.02882572465755633,9.587988011452581e-06
2.4274301235721834,0.018715724364483724,0.04257893073931596,2.0923600760804628e-05
2.4274301235721834,0.008576312181916892,0.06289400750340614,4.5658695049778334e-05
2.4274301235721834,0.0039302249445312566,0.09290172653833195,9.963082868840539e-05
2.4274301235721834,0.001801153686662538,0.13722659974140763,0.0002173960248990251
2.4274301235721834,0.0008254596203598428,0.2026995662865173,0.00047435182935735875
2.592245474794206,532.2708128754756,0.00012245513306678618,4.661449269057691e-11
2.592245474794206,243.9516740521265,0.00018088040080399561,1.01707262606359e-10
2.592245474794206,111.80858222640734,0.0002671812816304737,2.219148252231451e-10
2.592245474794206,51.244450644647735,0.0003946576684726452,4.842053443672433e-10
2.592245474794206,23.486549739837486,0.0005829550421113759,1.0565601222079256e-09
2.592245474794206,10.764473131754762,0.0008610920508355232,2.3056997290744455e-09
2.592245474794206,4.9336473938975365,0.001271932595910999,5.0325143428144054e-09
2.592245474794206,2.261234511465376,0.0018787916192828846,1.098661864436572e-08
2.592245474794206,1.036394477917748,0.0027751926163661227,2.39903761340833e-08
2.592245474794206,0.4750132631053729,0.0040992806114776605,5.239262639186482e-08
2.592245474794206,0.21771403186720564,0.006055111790272853,1.144230834455661e-07
2.592245474794206,0.0997852137056837,0.008944100750274077,2.4987539822761633e-07
2.592245474794206,0.0457345611255075,0.013211471728657949,5.455993499458354e-07
2.592245474794206,0.020961447342005297,0.019514872440561434,1.1911245287025342e-06
2.592245474794206,0.009607194444834023,0.02882572465755633,2.6000293404511003e-06
2.592245474794206,0.0044032233173190325,0.04257893073931596,5.674760562009499e-06
2.592245474794206,0.0020181058006786337,0.06289400750340614,1.2384447069498723e-05
2.592245474794206,0.0009249462048676836,0.09290172653833195,2.7025631620839855e-05
2.592245474794206,0.0004239245172846522,0.13722659974140763,5.897304937169114e-05
2.592245474794206,0.00019429438612786018,0.2026995662865173,0.0001286815074650455
2.7682513026172444,263.5638782802329,0.00012245513306678618,2.694185218699062e-11
2.7682513026172444,120.7972411743754,0.00018088040080399561,5.878391814386537e-11
2.7682513026172444,55.364113130505885,0.0002671812816304737,1.2826061923219757e-10
2.7682513026172444,25.37465663337735,0.0003946576684726452,2.798582444303054e-10
2.7682513026172444,11.62982459914676,0.0005829550421113759,6.10669865325578e-10
2.7682513026172444,5.330262716756497,0.0008610920508355232,1.3326689273659777e-09
2.7682513026172444,2.4430276160610656,0.001271932595910999,2.9088128212415925e-09
2.7682513026172444,1.119731805821013,0.0018787916192828846,6.35051804845327e-09
2.7682513026172444,0.5132223352617548,0.0027751926163661227,1.3867487693960309e-08
2.7682513026172444,0.23523449443954866,0.0040992806114776605,3.028627702316986e-08
2.7682513026172444,0.10781950355427876,0.006055111790272853,6.614582035061387e-08
2.7682513026172444,0.0494187480024072,0.008944100750274077,1.44451749264634e-07
2.7682513026172444,0.02265074904778764,0.013211471728657949,3.154141970064567e-07
2.7682513026172444,0.01038171968792727,0.019514872440561434,6.886055688513875e-07
2.7682513026172444,0.004758304075025851,0.02882572465755633,1.503127777822371e-06
2.7682513026172444,0.0021808805499907804,0.04257893073931596,3.280712841037402e-06
2.7682513026172444,0.0009995604669864222,0.06289400750340614,7.15977548022157e-06
2.7682513026172444,0.000458125438936229,0.09290172653833195,1.562428268744937e-05
2.7682513026172444,0.00020997056038139116,0.13722659974140763,3.409406748309259e-05
2.7682513026172444,9.62346478960635e-05,0.2026995662865173,7.439470945245461e-05
2.956207407421723,190.66838809397538,0.00012245513306678618,2.3095740764786973e-11
2.956207407421723,87.38760431090734,0.00018088040080399561,5.039216326605136e-11
2.956207407421723,40.051721290312585,0.0002671812816304737,1.0995065566137195e-10
2.956207407421723,18.3566335396043,0.0003946576684726452,2.3990680275653314e-10
2.956207407421723,8.41329352671955,0.0005829550421113759,5.234928723078345e-10
2.956207407421723,3.8560391554103797,0.0008610920508355232,1.1424208965869936e-09
2.956207407421723,1.7673435389447496,0.001271932595910999,2.4935549009733896e-09
2.956207407421723,0.8100393825896065,0.0018787916192828846,5.443915404951567e-09
2.956207407421723,0.3712760192818654,0.0027751926163661227,1.188773045581569e-08
2.956207407421723,0.17017328203338616,0.0040992806114776605,2.5962471254543243e-08
2.956207407421723,0.07799856978056852,0.006055111790272853,5.6702427373736236e-08
2.956207407421723,0.03575032963398095,0.008944100750274077,1.2382870295170345e-07
2.956207407421723,0.01638588951411025,0.013211471728657949,2.703828856258965e-07
2.956207407421723,0.007510278907357055,0.019514872440561434,5.902936078050047e-07
2.956207407421723,0.0034422185182445522,0.02882572465755633,1.2885259059491145e-06
2.956207407421723,0.0015776757170227495,0.04257893073931596,2.812323420856368e-06
2.956207407421723,0.0007230938353499259,0.06289400750340614,6.137567812093439e-06
2.956207407421723,0.0003314132007954283,0.09290172653833195,1.3393586521597915e-05
2.956207407421723,0.00015189506657124977,0.13722659974140763,2.9226415032167956e-05
2.956207407421723,6.96172126167005e-05,0.2026995662865173,6.377327728942084e-05
3.156925177794596,151.81324753863348,0.00012245513306678618,2.2181536933053258e-11
3.156925177794596,69.57942311519409,0.00018088040080399561,4.839748072345694e-11
3.156925177794596,31.889829368900468,0.0002671812816304737,1.0559844880388881e-10
3.156925177794596,14.615849329807645,0.0003946576684726452,2.3041039024497617e-10
3.156925177794596,6.698799772423218,0.0005829550421113759,5.027703305484742e-10
3.156925177794596,3.070238433849539,0.0008610920508355232,1.0971947359557012e-09
3.156925177794596,1.4071840013791035,0.001271932595910999,2.3948286861154257e-09
3.156925177794596,0.6449626778818165,0.0018787916192828846,5.228344720555608e-09
3.156925177794596,0.2956127286630294,0.0027751926163661227,1.1416917559651128e-08
3.156925177794596,0.1354923713190873,0.0040992806114776605,2.4934067048543612e-08
3.156925177794596,0.06210222678232285,0.006055111790272853,5.44560687564652e-08
3.156925177794596,0.028464124277990718,0.008944100750274077,1.1892248288776217e-07
3.156925177794596,0.013046242278861829,0.013211471728657949,2.596691254467321e-07
3.156925177794596,0.005979565104032432,0.019514872440561434,5.669021044936654e-07
3.156925177794596,0.0027406308266101423,0.02882572465755633,1.237463314945871e-06
3.156925177794596,0.001256113239702573,0.04257893073931596,2.7008711793109094e-06
3.156925177794596,0.0005757115739364488,0.06289400750340614,5.894330895637409e-06
3.156925177794596,0.00026386365685877444,0.09290172653833195,1.2862779418706352e-05
3.156925177794596,0.00012093529710764753,0.13722659974140763,2.8068117989506806e-05
3.156925177794596,5.542756316858128e-05,0.2026995662865173,6.124580587862674e-05
3.37127109321653,126.41280694593682,0.00012245513306678618,2.2737953342287378e-11
3.37127109321653,57.93783227018533,0.00018088040080399561,4.961151640718975e-11
3.37127109321653,26.55422509895641,0.0002671812816304737,1.082473391413466e-10
3.37127109321653,12.170418065733891,0.0003946576684726452,2.361899871225069e-10
3.37127109321653,5.577997955648641,0.0005829550421113759,5.153809019402924e-10
3.37127109321653,2.5565430482587237,0.0008610920508355232,1.1247108604580221e-09
3.37127109321653,1.1717393204832094,0.001271932595910999,2.454874177140186e-09
3.37127109321653,0.5370478674326671,0.0018787916192828846,5.3593968227285775e-09
3.37127109321653,0.2461495085821088,0.0027751926163661227,1.1702999470172261e-08
3.37127109321653,0.11282036394724429,0.0040992806114776605,2.555866654909493e-08
3.37127109321653,0.05171022661059374,0.006055111790272853,5.581983166632659e-08
3.37127109321653,0.023700849822563475,0.008944100750274077,1.2190005795291365e-07
3.37127109321653,0.010862975850875811,0.013211471728657949,2.6616963009955675e-07
3.37127109321653,0.004978870197731957,0.019514872440561434,5.810920808708745e-07
3.37127109321653,0.0022819708680080555,0.02882572465755633,1.26843520691672e-06
3.37127109321653,0.0010458927258456864,0.04257893073931596,2.7684658305658843e-06
3.37127109321653,0.0004793607219520755,0.06289400750340614,6.041841831284094e-06
3.37127109321653,0.00021970323665922842,0.09290172653833195,1.3184672458133698e-05
3.37127109321653,0.00010069537696818316,0.13722659974140763,2.8770512618156867e-05
3.37127109321653,4.615108877984607e-05,0.2026995662865173,6.277843890662438e-05
3.6001704645712302,88.61636565721078,0.00012245513306678618,2.0047779799091742e-11
3.6001704645712302,40.61486966712656,0.00018088040080399561,4.3741853426917865e-11
3.6001704645712302,18.61471323211019,0.0002671812816304737,9.54401830991629e-11
3.6001704645712302,8.531549614362145,0.0003946576684726452,2.082446671624812e-10
3.6001704645712302,3.910209020377653,0.0005829550421113759,4.543988158440444e-10
3.6001704645712302,1.7921434456140786,0.0008610920508355232,9.916156364632006e-10
3.6001704645712302,0.8213846058011761,0.001271932595910999,2.164323467829306e-09
3.6001704645712302,0.37646226084727974,0.0018787916192828846,4.724946558275206e-09
3.6001704645712302,0.1725429582273598,0.0027751926163661227,1.0317282604504036e-08
3.6001704645712302,0.07908124090563494,0.0040992806114776605,2.253170779881192e-08
3.6001704645712302,0.0362451243778302,0.006055111790272853,4.9207790227356314e-08
3.6001704645712302,0.016612123461644222,0.008944100750274077,1.0745848823021611e-07
3.6001704645712302,0.007613772743376662,0.013211471728657949,2.3463283761263339e-07
3.6001704645712302,0.00348958544730411,0.019514872440561434,5.122364063665454e-07
3.6001704645712302,0.0015993629044414204,0.02882572465755633,1.118124909659318e-06
3.6001704645712302,0.0007330263606682812,0.04257893073931596,2.440387384978734e-06
3.6001704645712302,0.00033596319347180894,0.06289400750340614,5.325829559938308e-06
3.6001704645712302,0.00015397969875843143,0.09290172653833195,1.162213967647733e-05
3.6001704645712302,7.05724158761784e-05,0.13722659974140763,2.5360834814826233e-05
3.6001704645712302,3.234493858298062e-05,0.2026995662865173,5.533831244633223e-05
3.844611428624303,63.22982836708103,0.00012245513306678618,1.8257848096135915e-11
3.844611428624303,28.979647507615738,0.00018088040080399561,3.9836419254290535e-11
3.844611428624303,13.282025102854297,0.0002671812816304737,8.691882711700148e-11
3.844611428624303,6.0874530704614225,0.0003946576684726452,1.89651022934485e-10
3.844611428624303,2.7900181945045985,0.0005829550421113759,4.1382403329828916e-10
3.844611428624303,1.2787282942644964,0.0008610920508355232,9.030605696704595e-10
3.844611428624303,0.5860691235725943,0.001271932595910999,1.971007284428585e-09
3.844611428624303,0.2686075216981428,0.0018787916192828846,4.302824691092099e-09
3.844611428624303,0.12310792671933654,0.0027751926163661227,9.395330819573221e-09
3.844611428624303,0.056422545959116215,0.0040992806114776605,2.051782633671515e-08
3.844611428624303,0.025859421998622678,0.006055111790272853,4.480875462447632e-08
3.844611428624303,0.01185182126980064,0.008944100750274077,9.785051316789858e-08
3.844611428624303,0.005431902547364811,0.013211471728657949,2.1365157707107508e-07
3.844611428624303,0.0024895429749457274,0.019514872440561434,4.66427357360348e-07
3.844611428624303,0.001141006343407313,0.02882572465755633,1.0181252634589605e-06
3.844611428624303,0.0005229463737873576,0.04257893073931596,2.2221213533698376e-06
3.844611428624303,0.00023967723179627487,0.06289400750340614,4.84947751827308e-06
3.844611428624303,0.00010984917522195885,0.09290172653833195,1.058261191978601e-05
3.844611428624303,5.0346247736911886e-05,0.13722659974140763,2.3092433582725365e-05
3.844611428624303,2.3074782740314205e-05,0.2026995662865173,5.0388524857613486e-05
4.105649213715493,51.65022428604052,0.00012245513306678618,1.8355338267653088e-11
4.105649213715493,23.67245508020976,0.00018088040080399561,4.004912539371353e-11
4.105649213715493,10.849618710512999,0.0002671812816304737,8.738289042222936e-11
4.105649213715493,4.972625188576715,0.0003946576684726452,1.9066334740363e-10
4.105649213715493,2.279065935842249,0.0005829550421113759,4.1603181794470816e-10
4.105649213715493,1.0445458048084217,0.0008610920508355232,9.078738878070217e-10
4.105649213715493,0.47873664378681874,0.001271932595910999,1.9814976441179616e-09
4.105649213715493,0.21941360547935287,0.0018787916192828846,4.325684179526514e-09
4.105649213715493,0.10056060092742282,0.0027751926163661227,9.445147089309667e-09
4.105649213715493,0.04608825046288477,0.0040992806114776605,2.0626412547262562e-08
4.105649213715493,0.02112281784103768,0.006055111790272853,4.504550896033477e-08
4.105649213715493,0.009680859999190175,0.008944100750274077,9.836684156310457e-08
4.105649213715493,0.004436875529305317,0.013211471728657949,2.1477781600059288e-07
4.105649213715493,0.002033490092283429,0.019514872440561434,4.6888424286493084e-07
4.105649213715493,0.0009319837434037391,0.02882572465755633,1.0234853240213217e-06
4.105649213715493,0.00042714552020678214,0.04257893073931596,2.23381560335758e-06
4.105649213715493,0.00019576919389821502,0.06289400750340614,4.87499192517728e-06
4.105649213715493,8.972502351969198e-05,0.09290172653833195,1.063827980130839e-05
4.105649213715493,4.1122862623409495e-05,0.13722659974140763,2.3213891982721232e-05
4.105649213715493,1.8847487862113894e-05,0.2026995662865173,5.0653528984933206e-05
4.3844106950788175,44.471045072893915,0.00012245513306678618,3.5843575566355133e-12
4.3844106950788175,20.382075871729032,0.00018088040080399561,7.82063352954931e-12
4.3844106950788175,9.341563439696351,0.0002671812816304737,1.7063780076505012e-11
4.3844106950788175,4.281449026825902,0.0003946576684726452,3.723196474146392e-11
4.3844106950788175,1.9622840534612758,0.0005829550421113759,8.124097796611955e-11
4.3844106950788175,0.8993575104440134,0.0008610920508355232,1.7728579056022474e-10
4.3844106950788175,0.4121937392938841,0.001271932595910999,3.869383133640265e-10
4.3844106950788175,0.18891570849283465,0.0018787916192828846,8.44700475442347e-10
4.3844106950788175,0.08658290286578234,0.0027751926163661227,1.8444055592821629e-09
4.3844106950788175,0.03968206471083801,0.0040992806114776605,4.027830552236717e-09
4.3844106950788175,0.018186773729452686,0.006055111790272853,8.796275493689993e-09
4.3844106950788175,0.00833522930370104,0.008944100750274077,1.9208609231837793e-08
4.3844106950788175,0.0038201524824992097,0.013211471728657949,4.194078163693671e-08
4.3844106950788175,0.0017508356922915343,0.019514872440561434,9.156145104429432e-08
4.3844106950788175,0.0008024381676880378,0.02882572465755633,1.99861249684891e-07
4.3844106950788175,0.00036777231343498537,0.04257893073931596,4.362086413432562e-07
4.3844106950788175,0.0001685572676056266,0.06289400750340614,9.519646493666242e-07
4.3844106950788175,7.725323576222645e-05,0.09290172653833195,2.0773913218579707e-06
4.3844106950788175,3.540677857823278e-05,0.13722659974140763,4.533095332201069e-06
4.3844106950788175,1.622768367168334e-05,0.2026995662865173,9.89137331835284e-06
4.682099259455535,38.74609103305124,0.00012245513306678618,nan
4.682099259455535,17.75820139894115,0.00018088040080399561,nan
4.682099259455535,8.138982821090677,0.0002671812816304737,nan
4.682099259455535,3.7302790448226646,0.0003946576684726452,nan
4.682099259455535,1.7096700813225136,0.0005829550421113759,nan
4.682099259455535,0.7835784346830976,0.0008610920508355232,nan
4.682099259455535,0.35912921221435107,0.001271932595910999,nan
4.682099259455535,0.16459475959130132,0.0018787916192828846,nan
4.682099259455535,0.07543588520708229,0.0027751926163661227,nan
4.682099259455535,0.03457303859905556,0.0040992806114776605,nan
4.682099259455535,0.0158451464156824,0.006055111790272853,nan
4.682099259455535,0.0072619896170835465,0.008944100750274077,nan
4.682099259455535,0.0033282551997288524,0.013211471728657949,nan
4.682099259455535,0.0015253854445565827,0.019514872440561434,nan
4.682099259455535,0.0006991083401099764,0.02882572465755633,nan
4.682099259455535,0.00032041363147902393,0.04257893073931596,nan
4.682099259455535,0.00014685162405251765,0.06289400750340614,nan
4.682099259455535,6.730502216040507e-05,0.09290172653833195,nan
4.682099259455535,3.0847279982070126e-05,0.13722659974140763,nan
4.682099259455535,1.4137960523780143e-05,0.2026995662865173,nan
5.000000000000001,34.24089922431946,0.00012245513306678618,nan
5.000000000000001,15.693371276755496,0.00018088040080399561,nan
5.000000000000001,7.192624842066275,0.0002671812816304737,nan
5.000000000000001,3.296541785902276,0.0003946576684726452,nan
5.000000000000001,1.5108783427850327,0.0005829550421113759,nan
5.000000000000001,0.6924674966981931,0.0008610920508355232,nan
5.000000000000001,0.3173708335220408,0.001271932595910999,nan
5.000000000000001,0.1454558182019577,0.0018787916192828846,nan
5.000000000000001,0.06666399261489929,0.0027751926163661227,nan
5.000000000000001,0.030552637573176847,0.0040992806114776605,nan
5.000000000000001,0.014002485125890267,0.006055111790272853,nan
5.000000000000001,0.006417447738546938,0.008944100750274077,nan
5.000000000000001,0.0029411793223495524,0.013211471728657949,nan
5.000000000000001,0.001347978675886644,0.019514872440561434,nan
5.000000000000001,0.0006177984274248899,0.02882572465755633,nan
5.000000000000001,0.00028314734074187187,0.04257893073931596,nan
5.000000000000001,0.00012977160505391045,0.06289400750340614,nan
5.000000000000001,5.9476853622650455e-05,0.09290172653833195,nan
5.000000000000001,2.7259451082688987e-05,0.13722659974140763,nan
5.000000000000001,1.2493577078720407e-05,0.2026995662865173,nan
