#  m  [GeV] ,  tau  [ps] ,  c ,  c_eff(theo) ,  c_eff(exp)^upper ,    c_eff(exp)^lower ,                c_eff(exp)^upper  converted ,    c_eff(exp)^lower  converted ,  allowed/excluded  (1/0)
0.061767,411228269.27553016,0.001,0.001000826259521984,9.2091e-05,3.164932965851035e-06,3.15411675,0.10839895408039796,0
0.061767,122395985.21760532,0.0018329807108324356,0.0018344952285983098,9.2091e-05,3.164932965851035e-06,3.15411675,0.10839895408039796,0
0.061767,36429346.71304486,0.003359818286283781,0.0033625943681344496,9.2091e-05,3.164932965851035e-06,3.15411675,0.10839895408039796,0
0.061767,10842653.868496,0.006158482110660267,0.006163570615141825,9.2091e-05,3.164932965851035e-06,3.15411675,0.10839895408039796,0
0.061767,3227154.8550072117,0.011288378916846888,0.011297706047393802,9.2091e-05,3.164932965851035e-06,3.15411675,0.10839895408039796,0
0.061767,960514.7081747454,0.02069138081114789,0.02070847726143767,9.2091e-05,3.164932965851035e-06,3.15411675,0.10839895408039796,0
0.061767,285882.9411676901,0.0379269019073225,0.037958239370381196,9.2091e-05,3.164932965851035e-06,3.15411675,0.10839895408039796,0
0.061767,85088.81770009639,0.06951927961775606,0.06957672057979894,9.2091e-05,3.164932965851035e-06,3.15411675,0.10839895408039796,0
0.061767,25325.429429083197,0.12742749857031335,0.1275327867265505,9.2091e-05,3.164932965851035e-06,3.15411675,0.10839895408039796,1
0.061767,7537.7441727707155,0.23357214690901212,0.23376513795892212,9.2091e-05,3.164932965851035e-06,3.15411675,0.10839895408039796,1
0.061767,2243.5031712096093,0.42813323987193913,0.42848698813992636,9.2091e-05,3.164932965851035e-06,3.15411675,0.10839895408039796,1
0.061767,667.75022555353,0.7847599703514607,0.7854083808810624,9.2091e-05,3.164932965851035e-06,3.15411675,0.10839895408039796,1
0.061767,198.75018735096518,1.438449888287663,1.439638395672066,9.2091e-05,3.164932965851035e-06,3.15411675,0.10839895408039796,1
0.061767,59.06366936149582,2.636650898730358,2.6388313733818625,9.2091e-05,3.164932965851035e-06,3.15411675,0.10839895408039796,1
0.061767,17.57859411377811,4.832930238571752,4.836927268519428,9.2091e-05,3.164932965851035e-06,3.15411675,0.10839895408039796,0
0.061767,5.231846550287625,8.858667904100823,8.865995537367736,9.2091e-05,3.164932965851035e-06,3.15411675,0.10839895408039796,0
0.061767,1.5572770873923152,16.23776739188721,16.25120204804751,9.2091e-05,3.164932965851035e-06,3.15411675,0.10839895408039796,0
0.061767,0.4634249276596814,29.763514416313193,29.78813042616316,9.2091e-05,3.164932965851035e-06,3.15411675,0.10839895408039796,0
0.061767,0.13794671418319074,54.555947811685144,54.60106249182306,9.2091e-05,3.164932965851035e-06,3.15411675,0.10839895408039796,0
0.061767,0.0410666124029105,100.0,100.08268477632619,9.2091e-05,3.164932965851035e-06,3.15411675,0.10839895408039796,0
0.064524,360736552.0826299,0.001,0.0010008262948072234,8.1619e-05,3.0630986832109395e-06,2.79545075,0.10491112989997468,0
0.064524,107367875.6908912,0.0018329807108324356,0.001834495293275473,8.1619e-05,3.0630986832109395e-06,2.79545075,0.10491112989997468,0
0.064524,31956453.16660245,0.003359818286283781,0.0033625944866864437,8.1619e-05,3.0630986832109395e-06,2.79545075,0.10491112989997468,0
0.064524,9511363.552017726,0.006158482110660267,0.006163570832445356,8.1619e-05,3.0630986832109395e-06,2.79545075,0.10491112989997468,0
0.064524,2830916.068788042,0.011288378916846888,0.011297706445707056,8.1619e-05,3.0630986832109395e-06,2.79545075,0.10491112989997468,0
0.064524,842580.1189738446,0.02069138081114789,0.020708477991538632,8.1619e-05,3.0630986832109395e-06,2.79545075,0.10491112989997468,0
0.064524,250781.46178454856,0.0379269019073225,0.0379582407086449,8.1619e-05,3.0630986832109395e-06,2.79545075,0.10491112989997468,0
0.064524,74641.38292819657,0.06951927961775606,0.06957672303282679,8.1619e-05,3.0630986832109395e-06,2.79545075,0.10491112989997468,0
0.064524,22215.90482660479,0.12742749857031335,0.12753279122299863,8.1619e-05,3.0630986832109395e-06,2.79545075,0.10491112989997468,1
0.064524,6612.239591731542,0.23357214690901212,0.2337651462013676,8.1619e-05,3.0630986832109395e-06,2.79545075,0.10491112989997468,1
0.064524,1968.0397944749577,0.42813323987193913,0.4284870032511573,8.1619e-05,3.0630986832109395e-06,2.79545075,0.10491112989997468,1
0.064524,585.7620499292138,0.7847599703514607,0.7854084085957797,8.1619e-05,3.0630986832109395e-06,2.79545075,0.10491112989997468,1
0.064524,174.34710269469136,1.438449888287663,1.439638446560974,8.1619e-05,3.0630986832109395e-06,2.79545075,0.10491112989997468,1
0.064524,51.81167302125357,2.636650898730358,2.638831456421609,8.1619e-05,3.0630986832109395e-06,2.79545075,0.10491112989997468,1
0.064524,15.420247008353261,4.832930238571752,4.8369274204578225,8.1619e-05,3.0630986832109395e-06,2.79545075,0.10491112989997468,0
0.064524,4.589466351173177,8.858667904100823,8.865995816430466,8.1619e-05,3.0630986832109395e-06,2.79545075,0.10491112989997468,0
0.064524,1.3660704172497258,16.23776739188721,16.251202566070933,8.1619e-05,3.0630986832109395e-06,2.79545075,0.10491112989997468,0
0.064524,0.4065243677387203,29.763514416313193,29.788131349647628,8.1619e-05,3.0630986832109395e-06,2.79545075,0.10491112989997468,0
0.064524,0.12100924520174867,54.555947811685144,54.60106419872509,8.1619e-05,3.0630986832109395e-06,2.79545075,0.10491112989997468,0
0.064524,0.03602434311813367,100.0,100.08268796159444,8.1619e-05,3.0630986832109395e-06,2.79545075,0.10491112989997468,0
0.067952,308850860.6127385,0.001,0.0010008264235681007,7.2457e-05,2.9517204816404388e-06,2.4816522500000002,0.10109642649618503,0
0.067952,91924870.42925861,0.0018329807108324356,0.0018344955292916784,7.2457e-05,2.9517204816404388e-06,2.4816522500000002,0.10109642649618503,0
0.067952,27360072.06825844,0.003359818286283781,0.0033625949192995983,7.2457e-05,2.9517204816404388e-06,2.4816522500000002,0.10109642649618503,0
0.067952,8143319.000200462,0.006158482110660267,0.006163571625416939,7.2457e-05,2.9517204816404388e-06,2.4816522500000002,0.10109642649618503,0
0.067952,2423737.9304088866,0.011288378916846888,0.011297707899208774,7.2457e-05,2.9517204816404388e-06,2.4816522500000002,0.10109642649618503,0
0.067952,721389.5940897636,0.02069138081114789,0.020708480655779855,7.2457e-05,2.9517204816404388e-06,2.4816522500000002,0.10109642649618503,0
0.067952,214710.90148943674,0.0379269019073225,0.03795824559215136,7.2457e-05,2.9517204816404388e-06,2.4816522500000002,0.10109642649618503,0
0.067952,63905.51559464025,0.06951927961775606,0.06957673198422198,7.2457e-05,2.9517204816404388e-06,2.4816522500000002,0.10109642649618503,0
0.067952,19020.532533647092,0.12742749857031335,0.12753280763086258,7.2457e-05,2.9517204816404388e-06,2.4816522500000002,0.10109642649618503,1
0.067952,5661.183699492095,0.23357214690901212,0.23376517627740082,7.2457e-05,2.9517204816404388e-06,2.4816522500000002,0.10109642649618503,1
0.067952,1684.9714305739506,0.42813323987193913,0.4284870583839915,7.2457e-05,2.9517204816404388e-06,2.4816522500000002,0.10109642649618503,1
0.067952,501.51034646216544,0.7847599703514607,0.7854085096750378,7.2457e-05,2.9517204816404388e-06,2.4816522500000002,0.10109642649618503,1
0.067952,149.27029818760423,1.438449888287663,1.4396386319570915,7.2457e-05,2.9517204816404388e-06,2.4816522500000002,0.10109642649618503,1
0.067952,44.359463697799654,2.636650898730358,2.6388317823736016,7.2457e-05,2.9517204816404388e-06,2.4816522500000002,0.10109642649618503,0
0.067952,13.202312293963804,4.832930238571752,4.836928017573502,7.2457e-05,2.9517204816404388e-06,2.4816522500000002,0.10109642649618503,0
0.067952,3.929351329558071,8.858667904100823,8.865996911817064,7.2457e-05,2.9517204816404388e-06,2.4816522500000002,0.10109642649618503,0
0.067952,1.1695849156469809,16.23776739188721,16.251204583148176,7.2457e-05,2.9517204816404388e-06,2.4816522500000002,0.10109642649618503,0
0.067952,0.34805289819345187,29.763514416313193,29.78813501021421,7.2457e-05,2.9517204816404388e-06,2.4816522500000002,0.10109642649618503,0
0.067952,0.10360416690357316,54.555947811685144,54.60107092736216,7.2457e-05,2.9517204816404388e-06,2.4816522500000002,0.10109642649618503,0
0.067952,0.030842866961538706,100.0,100.08270037181788,7.2457e-05,2.9517204816404388e-06,2.4816522500000002,0.10109642649618503,0
0.069748,285601808.6162287,0.001,0.001000826528330953,6.5928e-05,2.9014033619456366e-06,2.258034,0.09937306514663806,0
0.069748,85005135.4861787,0.0018329807108324356,0.0018344957213199662,6.5928e-05,2.9014033619456366e-06,2.258034,0.09937306514663806,0
0.069748,25300515.76046237,0.003359818286283781,0.0033625952712837475,6.5928e-05,2.9014033619456366e-06,2.258034,0.09937306514663806,0
0.069748,7530322.66117705,0.006158482110660267,0.006163572270597104,6.5928e-05,2.9014033619456366e-06,2.258034,0.09937306514663806,0
0.069748,2241288.6762342122,0.011288378916846888,0.011297709081811625,6.5928e-05,2.9014033619456366e-06,2.258034,0.09937306514663806,0
0.069748,667086.2835874985,0.02069138081114789,0.02070848282346842,6.5928e-05,2.9014033619456366e-06,2.258034,0.09937306514663806,0
0.069748,198548.32741386778,0.0379269019073225,0.03795824956548476,6.5928e-05,2.9014033619456366e-06,2.258034,0.09937306514663806,0
0.069748,59094.96511734221,0.06951927961775606,0.06957673926727795,6.5928e-05,2.9014033619456366e-06,2.258034,0.09937306514663806,0
0.069748,17588.74325836621,0.12742749857031335,0.12753282098063667,6.5928e-05,2.9014033619456366e-06,2.258034,0.09937306514663806,1
0.069748,5235.032534039512,0.23357214690901212,0.23376520074769438,6.5928e-05,2.9014033619456366e-06,2.258034,0.09937306514663806,1
0.069748,1558.133550526241,0.42813323987193913,0.4284871032398525,6.5928e-05,2.9014033619456366e-06,2.258034,0.09937306514663806,1
0.069748,463.7586623434091,0.7847599703514607,0.7854085919073012,6.5928e-05,2.9014033619456366e-06,2.258034,0.09937306514663806,1
0.069748,138.03382980220988,1.438449888287663,1.439638782754951,6.5928e-05,2.9014033619456366e-06,2.258034,0.09937306514663806,1
0.069748,41.020261743961306,2.636650898730358,2.638832050941868,6.5928e-05,2.9014033619456366e-06,2.258034,0.09937306514663806,0
0.069748,12.208495344708313,4.832930238571752,4.8369285096653325,6.5928e-05,2.9014033619456366e-06,2.258034,0.09937306514663806,0
0.069748,3.6335655728168708,8.858667904100823,8.865997814360558,6.5928e-05,2.9014033619456366e-06,2.258034,0.09937306514663806,0
0.069748,1.0815432698153336,16.23776739188721,16.25120624289562,6.5928e-05,2.9014033619456366e-06,2.258034,0.09937306514663806,0
0.069748,0.3218528765803029,29.763514416313193,29.78813803120601,6.5928e-05,2.9014033619456366e-06,2.258034,0.09937306514663806,0
0.069748,0.09580526205710244,54.555947811685144,54.60107647533072,6.5928e-05,2.9014033619456366e-06,2.258034,0.09937306514663806,0
0.069748,0.02852114000278886,100.0,100.0827105845658,6.5928e-05,2.9014033619456366e-06,2.258034,0.09937306514663806,0
0.073946,239669883.2626497,0.001,0.001000826874980065,6.0538e-05,2.7874856725802833e-06,2.0734265,0.0954713842858747,0
0.073946,71334180.26100165,0.0018329807108324356,0.0018344963567211022,6.0538e-05,2.7874856725802833e-06,2.0734265,0.0954713842858747,0
0.073946,21231559.03029623,0.003359818286283781,0.0033625964359617773,6.0538e-05,2.7874856725802833e-06,2.0734265,0.0954713842858747,0
0.073946,6319258.137330348,0.006158482110660267,0.006163574405429491,6.0538e-05,2.7874856725802833e-06,2.0734265,0.0954713842858747,0
0.073946,1880833.3112229689,0.011288378916846888,0.01129771299491836,6.0538e-05,2.7874856725802833e-06,2.0734265,0.0954713842858747,0
0.073946,559802.098201502,0.02069138081114789,0.020708489996118455,6.0538e-05,2.7874856725802833e-06,2.0734265,0.0954713842858747,0
0.073946,166616.7825890665,0.0379269019073225,0.03795826271281927,6.0538e-05,2.7874856725802833e-06,2.0734265,0.0954713842858747,0
0.073946,49591.01435556454,0.06951927961775606,0.06957676336612043,6.0538e-05,2.7874856725802833e-06,2.0734265,0.0954713842858747,0
0.073946,14760.032731842717,0.12742749857031335,0.12753286515353712,6.0538e-05,2.7874856725802833e-06,2.0734265,0.0954713842858747,1
0.073946,4393.108161217274,0.23357214690901212,0.23376528171683256,6.0538e-05,2.7874856725802833e-06,2.0734265,0.0954713842858747,1
0.073946,1307.5466431891684,0.42813323987193913,0.42848725166057505,6.0538e-05,2.7874856725802833e-06,2.0734265,0.0954713842858747,1
0.073946,389.1746519009577,0.7847599703514607,0.7854088639912289,6.0538e-05,2.7874856725802833e-06,2.0734265,0.0954713842858747,1
0.073946,115.8345320772704,1.438449888287663,1.4396392816531252,6.0538e-05,2.7874856725802833e-06,2.0734265,0.0954713842858747,1
0.073946,34.423176621865565,2.636650898730358,2.6388329453132138,6.0538e-05,2.7874856725802833e-06,2.0734265,0.0954713842858747,0
0.073946,10.245063631559244,4.832930238571752,4.836930148566947,6.0538e-05,2.7874856725802833e-06,2.0734265,0.0954713842858747,0
0.073946,3.0491972579578452,8.858667904100823,8.866000819960343,6.0538e-05,2.7874856725802833e-06,2.0734265,0.0954713842858747,0
0.073946,0.9076040344687151,16.23776739188721,16.251211766371814,6.0538e-05,2.7874856725802833e-06,2.0734265,0.0954713842858747,0
0.073946,0.2700908762129733,29.763514416313193,29.788148099695977,6.0538e-05,2.7874856725802833e-06,2.0734265,0.0954713842858747,0
0.073946,0.08039737723987966,54.555947811685144,54.60109495741128,6.0538e-05,2.7874856725802833e-06,2.0734265,0.0954713842858747,0
0.073946,0.023934226550147576,100.0,100.08274457330245,6.0538e-05,2.7874856725802833e-06,2.0734265,0.0954713842858747,0
0.078308,201808785.91876045,0.001,0.0010008273938249077,5.3297e-05,2.687737682385282e-06,1.8254222500000001,0.09205501562169591,0
0.078308,60065387.09415808,0.0018329807108324356,0.0018344973077536917,5.3297e-05,2.687737682385282e-06,1.8254222500000001,0.09205501562169591,0
0.078308,17877570.150818747,0.003359818286283781,0.0033625981791861738,5.3297e-05,2.687737682385282e-06,1.8254222500000001,0.09205501562169591,0
0.078308,5320993.172948266,0.006158482110660267,0.006163577600726213,5.3297e-05,2.687737682385282e-06,1.8254222500000001,0.09205501562169591,0
0.078308,1583714.5739228716,0.011288378916846888,0.011297718851835784,5.3297e-05,2.687737682385282e-06,1.8254222500000001,0.09205501562169591,0
0.078308,471369.1192856173,0.02069138081114789,0.02070850073173618,5.3297e-05,2.687737682385282e-06,1.8254222500000001,0.09205501562169591,0
0.078308,140296.01946742376,0.0379269019073225,0.03795828239100584,5.3297e-05,2.687737682385282e-06,1.8254222500000001,0.09205501562169591,0
0.078308,41757.029557992275,0.06951927961775606,0.06957679943589491,5.3297e-05,2.687737682385282e-06,1.8254222500000001,0.09205501562169591,0
0.078308,12428.362901372328,0.12742749857031335,0.127532931268961,5.3297e-05,2.687737682385282e-06,1.8254222500000001,0.09205501562169591,1
0.078308,3699.120691930852,0.23357214690901212,0.23376540290639758,5.3297e-05,2.687737682385282e-06,1.8254222500000001,0.09205501562169591,1
0.078308,1100.9910673292986,0.42813323987193913,0.4284874738056903,5.3297e-05,2.687737682385282e-06,1.8254222500000001,0.09205501562169591,1
0.078308,327.69600806242875,0.7847599703514607,0.7854092712166306,5.3297e-05,2.687737682385282e-06,1.8254222500000001,0.09205501562169591,1
0.078308,97.53593549891137,1.438449888287663,1.4396400282965627,5.3297e-05,2.687737682385282e-06,1.8254222500000001,0.09205501562169591,1
0.078308,28.985283914079623,2.636650898730358,2.638834289917213,5.3297e-05,2.687737682385282e-06,1.8254222500000001,0.09205501562169591,0
0.078308,8.626632035920611,4.832930238571752,4.836932612673324,5.3297e-05,2.687737682385282e-06,1.8254222500000001,0.09205501562169591,0
0.078308,2.567509945030998,8.858667904100823,8.866005338598402,5.3297e-05,2.687737682385282e-06,1.8254222500000001,0.09205501562169591,0
0.078308,0.7642281513718997,16.23776739188721,16.251220066540306,5.3297e-05,2.687737682385282e-06,1.8254222500000001,0.09205501562169591,0
0.078308,0.22742412278578772,29.763514416313193,29.78816324518624,5.3297e-05,2.687737682385282e-06,1.8254222500000001,0.09205501562169591,0
0.078308,0.06769685529142598,54.555947811685144,54.60112275028179,5.3297e-05,2.687737682385282e-06,1.8254222500000001,0.09205501562169591,0
0.078308,0.020153292587967154,100.0,100.08279565020997,5.3297e-05,2.687737682385282e-06,1.8254222500000001,0.09205501562169591,0
0.08222,174351857.66809633,0.001,0.0010008280103449396,4.7019e-05,2.6045784989050366e-06,1.61040075,0.0892068135874975,0
0.08222,51893240.295472264,0.0018329807108324356,0.0018344984378230185,4.7019e-05,2.6045784989050366e-06,1.61040075,0.0892068135874975,0
0.08222,15445252.059747845,0.003359818286283781,0.003362600250581456,4.7019e-05,2.6045784989050366e-06,1.61040075,0.0892068135874975,0
0.08222,4597049.826741626,0.006158482110660267,0.006163581397553839,4.7019e-05,2.6045784989050366e-06,1.61040075,0.0892068135874975,0
0.08222,1368243.5911914783,0.011288378916846888,0.011297725811347767,4.7019e-05,2.6045784989050366e-06,1.61040075,0.0892068135874975,0
0.08222,407237.3817653929,0.02069138081114789,0.020708513488388487,4.7019e-05,2.6045784989050366e-06,1.61040075,0.0892068135874975,0
0.08222,121208.16002242161,0.0379269019073225,0.03795830577371003,4.7019e-05,2.6045784989050366e-06,1.61040075,0.0892068135874975,0
0.08222,36075.81127342814,0.06951927961775606,0.06957684229598,4.7019e-05,2.6045784989050366e-06,1.61040075,0.0892068135874975,0
0.08222,10737.432217087113,0.12742749857031335,0.12753300983090068,4.7019e-05,2.6045784989050366e-06,1.61040075,0.0892068135874975,1
0.08222,3195.8398710394335,0.23357214690901212,0.23376554691022824,4.7019e-05,2.6045784989050366e-06,1.61040075,0.0892068135874975,1
0.08222,951.1966338857014,0.42813323987193913,0.4284877377691469,4.7019e-05,2.6045784989050366e-06,1.61040075,0.0892068135874975,1
0.08222,283.1115973806775,0.7847599703514607,0.7854097550955049,4.7019e-05,2.6045784989050366e-06,1.61040075,0.0892068135874975,1
0.08222,84.26576404039719,1.438449888287663,1.4396409154513592,4.7019e-05,2.6045784989050366e-06,1.61040075,0.0892068135874975,1
0.08222,25.041715449448628,2.636650898730358,2.6388358912666057,4.7019e-05,2.6045784989050366e-06,1.61040075,0.0892068135874975,0
0.08222,7.452942861037703,4.832930238571752,4.836935547391468,4.7019e-05,2.6045784989050366e-06,1.61040075,0.0892068135874975,0
0.08222,2.2181895367428863,8.858667904100823,8.866010720047008,4.7019e-05,2.6045784989050366e-06,1.61040075,0.0892068135874975,0
0.08222,0.6602517317167809,16.23776739188721,16.25122994925,4.7019e-05,2.6045784989050366e-06,1.61040075,0.0892068135874975,0
0.08222,0.19648212516886443,29.763514416313193,29.788181287739775,4.7019e-05,2.6045784989050366e-06,1.61040075,0.0892068135874975,0
0.08222,0.05848641652880748,54.555947811685144,54.60115585416072,4.7019e-05,2.6045784989050366e-06,1.61040075,0.0892068135874975,0
0.08222,0.017411353250113105,100.0,100.08285646670906,4.7019e-05,2.6045784989050366e-06,1.61040075,0.0892068135874975,0
0.086801,148178458.32455423,0.001,0.0010008289410591694,4.0062e-05,2.482667616726045e-06,1.3721234999999998,0.08503136587286704,0
0.086801,44103116.80811965,0.0018329807108324356,0.0018345001438042504,4.0062e-05,2.482667616726045e-06,1.3721234999999998,0.08503136587286704,0
0.086801,13126637.532043664,0.003359818286283781,0.0033626033776121543,4.0062e-05,2.482667616726045e-06,1.3721234999999998,0.08503136587286704,0
0.086801,3906948.6570338164,0.006158482110660267,0.0061635871293408305,4.0062e-05,2.482667616726045e-06,1.3721234999999998,0.08503136587286704,0
0.086801,1162845.229565288,0.011288378916846888,0.011297736317603002,4.0062e-05,2.482667616726045e-06,1.3721234999999998,0.08503136587286704,0
0.086801,346103.61030384834,0.02069138081114789,0.020708532746153165,4.0062e-05,2.482667616726045e-06,1.3721234999999998,0.08503136587286704,0
0.086801,103012.60066099041,0.0379269019073225,0.03795834107283024,4.0062e-05,2.482667616726045e-06,1.3721234999999998,0.08503136587286704,0
0.086801,30660.172875633132,0.06951927961775606,0.06957690699864033,4.0062e-05,2.482667616726045e-06,1.3721234999999998,0.08503136587286704,0
0.086801,9125.547462242388,0.12742749857031335,0.1275331284299445,4.0062e-05,2.482667616726045e-06,1.3721234999999998,0.08503136587286704,1
0.086801,2716.085916520565,0.23357214690901212,0.2337657643017823,4.0062e-05,2.482667616726045e-06,1.3721234999999998,0.08503136587286704,1
0.086801,808.4046401775993,0.42813323987193913,0.4284881362535472,4.0062e-05,2.482667616726045e-06,1.3721234999999998,0.08503136587286704,1
0.086801,240.6113739520323,0.7847599703514607,0.7854104855630549,4.0062e-05,2.482667616726045e-06,1.3721234999999998,0.08503136587286704,1
0.086801,71.61593322848289,1.438449888287663,1.4396422546776173,4.0062e-05,2.482667616726045e-06,1.3721234999999998,0.08503136587286704,0
0.086801,21.282496985739698,2.636650898730358,2.638838312093698,4.0062e-05,2.482667616726045e-06,1.3721234999999998,0.08503136587286704,0
0.086801,6.334120135421912,4.832930238571752,4.83693998402439,4.0062e-05,2.482667616726045e-06,1.3721234999999998,0.08503136587286704,0
0.086801,1.885198809492901,8.858667904100823,8.866018855408061,4.0062e-05,2.482667616726045e-06,1.3721234999999998,0.08503136587286704,0
0.086801,0.5611358973833896,16.23776739188721,16.251244887174344,4.0062e-05,2.482667616726045e-06,1.3721234999999998,0.08503136587286704,0
0.086801,0.16698657318990281,29.763514416313193,29.788208568201334,4.0062e-05,2.482667616726045e-06,1.3721234999999998,0.08503136587286704,0
0.086801,0.04970653817168297,54.555947811685144,54.60120590251693,4.0062e-05,2.482667616726045e-06,1.3721234999999998,0.08503136587286704,0
0.086801,0.014797591355186036,100.0,100.08294839313874,4.0062e-05,2.482667616726045e-06,1.3721234999999998,0.08503136587286704,0
0.091946,124669598.92212129,0.001,0.0010008303111357971,3.6003e-05,2.384496861167002e-06,1.23310275,0.08166901749496983,0
0.091946,37106054.0503182,0.0018329807108324356,0.001834502655128283,3.6003e-05,2.384496861167002e-06,1.23310275,0.08166901749496983,0
0.091946,11044065.748960199,0.003359818286283781,0.0033626079808206735,3.6003e-05,2.384496861167002e-06,1.23310275,0.08166901749496983,0
0.091946,3287102.10370033,0.006158482110660267,0.006163595566933308,3.6003e-05,2.384496861167002e-06,1.23310275,0.08166901749496983,0
0.091946,978357.1108619852,0.011288378916846888,0.011297751783547591,3.6003e-05,2.384496861167002e-06,1.23310275,0.08166901749496983,0
0.091946,291193.4620588264,0.02069138081114789,0.020708561094933298,3.6003e-05,2.384496861167002e-06,1.23310275,0.08166901749496983,0
0.091946,86669.41034161035,0.0379269019073225,0.03795839303560968,3.6003e-05,2.384496861167002e-06,1.23310275,0.08166901749496983,0
0.091946,25795.864651958353,0.06951927961775606,0.06957700224548616,3.6003e-05,2.384496861167002e-06,1.23310275,0.08166901749496983,0
0.091946,7677.757988000867,0.12742749857031335,0.12753330301600568,3.6003e-05,2.384496861167002e-06,1.23310275,0.08166901749496983,1
0.091946,2285.172525537998,0.23357214690901212,0.2337660843171105,3.6003e-05,2.384496861167002e-06,1.23310275,0.08166901749496983,1
0.091946,680.1493509075586,0.42813323987193913,0.4284887228489296,3.6003e-05,2.384496861167002e-06,1.23310275,0.08166901749496983,1
0.091946,202.43781597667203,0.7847599703514607,0.7854115608537651,3.6003e-05,2.384496861167002e-06,1.23310275,0.08166901749496983,1
0.091946,60.2538976668424,1.438449888287663,1.4396442260646807,3.6003e-05,2.384496861167002e-06,1.23310275,0.08166901749496983,0
0.091946,17.90597962856135,2.636650898730358,2.638841879326208,3.6003e-05,2.384496861167002e-06,1.23310275,0.08166901749496983,0
0.091946,5.329197332984131,4.832930238571752,4.836946521768823,3.6003e-05,2.384496861167002e-06,1.23310275,0.08166901749496983,0
0.091946,1.5861076597282775,8.858667904100823,8.866030843345053,3.6003e-05,2.384496861167002e-06,1.23310275,0.08166901749496983,0
0.091946,0.47211038840445446,16.23776739188721,16.251266896774766,3.6003e-05,2.384496861167002e-06,1.23310275,0.08166901749496983,0
0.091946,0.1404937678384344,29.763514416313193,29.78824877265466,3.6003e-05,2.384496861167002e-06,1.23310275,0.08166901749496983,0
0.091946,0.041820481028728526,54.555947811685144,54.60127965581356,3.6003e-05,2.384496861167002e-06,1.23310275,0.08166901749496983,0
0.091946,0.012449919227480982,100.0,100.08308383899617,3.6003e-05,2.384496861167002e-06,1.23310275,0.08166901749496983,0
0.09737,104974255.39119762,0.001,0.001000832237733893,3.1629e-05,2.3107139465083703e-06,1.0832932499999999,0.07914195266791169,0
0.09737,31244027.638774395,0.0018329807108324356,0.0018345061865454324,3.1629e-05,2.3107139465083703e-06,1.0832932499999999,0.07914195266791169,0
0.09737,9299320.672497988,0.003359818286283781,0.0033626144538402014,3.1629e-05,2.3107139465083703e-06,1.0832932499999999,0.07914195266791169,0
0.09737,2767804.650966456,0.006158482110660267,0.006163607431853316,3.1629e-05,2.3107139465083703e-06,1.0832932499999999,0.07914195266791169,0
0.09737,823795.9382829554,0.011288378916846888,0.011297773531717544,3.1629e-05,2.3107139465083703e-06,1.0832932499999999,0.07914195266791169,0
0.09737,245190.62480897023,0.02069138081114789,0.020708600958912013,3.1629e-05,2.3107139465083703e-06,1.0832932499999999,0.07914195266791169,0
0.09737,72977.34888420247,0.0379269019073225,0.03795846610553004,3.1629e-05,2.3107139465083703e-06,1.0832932499999999,0.07914195266791169,0
0.09737,21720.62561693029,0.06951927961775606,0.06957713618133823,3.1629e-05,2.3107139465083703e-06,1.0832932499999999,0.07914195266791169,0
0.09737,6464.823299519489,0.12742749857031335,0.12753354851841026,3.1629e-05,2.3107139465083703e-06,1.0832932499999999,0.07914195266791169,1
0.09737,1924.1602313054061,0.23357214690901212,0.23376653432153113,3.1629e-05,2.3107139465083703e-06,1.0832932499999999,0.07914195266791169,1
0.09737,572.6991365539441,0.42813323987193913,0.4284895477162298,3.1629e-05,2.3107139465083703e-06,1.0832932499999999,0.07914195266791169,1
0.09737,170.4566243160368,0.7847599703514607,0.7854130729161742,3.1629e-05,2.3107139465083703e-06,1.0832932499999999,0.07914195266791169,1
0.09737,50.73496738182467,1.438449888287663,1.4396469981773077,3.1629e-05,2.3107139465083703e-06,1.0832932499999999,0.07914195266791169,0
0.09737,15.07718787577918,2.636650898730358,2.6388468990645806,3.1629e-05,2.3107139465083703e-06,1.0832932499999999,0.07914195266791169,0
0.09737,4.487289226133233,4.832930238571752,4.836955721651645,3.1629e-05,2.3107139465083703e-06,1.0832932499999999,0.07914195266791169,0
0.09737,1.335533920563447,8.858667904100823,8.86604771252995,3.1629e-05,2.3107139465083703e-06,1.0832932499999999,0.07914195266791169,0
0.09737,0.39752625305741923,16.23776739188721,16.251297865993102,3.1629e-05,2.3107139465083703e-06,1.0832932499999999,0.07914195266791169,0
0.09737,0.11829852312202073,29.763514416313193,29.788305352486322,3.1629e-05,2.3107139465083703e-06,1.0832932499999999,0.07914195266791169,0
0.09737,0.035213669632526576,54.555947811685144,54.601383443934644,3.1629e-05,2.3107139465083703e-06,1.0832932499999999,0.07914195266791169,0
0.09737,0.010483077401778992,100.0,100.0832744228838,3.1629e-05,2.3107139465083703e-06,1.0832932499999999,0.07914195266791169,0
0.10221,90756313.26955284,0.001,0.0010008345286984014,2.7301e-05,2.2345290602281063e-06,0.9350592499999999,0.07653262031281265,0
0.10221,27012268.385424953,0.0018329807108324356,0.001834510385839187,2.7301e-05,2.2345290602281063e-06,0.9350592499999999,0.07653262031281265,0
0.10221,8039800.396793454,0.003359818286283781,0.0033626221510646664,2.7301e-05,2.2345290602281063e-06,0.9350592499999999,0.07653262031281265,0
0.10221,2392927.151861381,0.006158482110660267,0.00616362154071737,2.7301e-05,2.2345290602281063e-06,0.9350592499999999,0.07653262031281265,0
0.10221,712219.2195254455,0.011288378916846888,0.011297799392993713,2.7301e-05,2.2345290602281063e-06,0.9350592499999999,0.07653262031281265,0
0.10221,211981.47177118866,0.02069138081114789,0.020708648362135474,2.7301e-05,2.2345290602281063e-06,0.9350592499999999,0.07653262031281265,0
0.10221,63093.13757191965,0.0379269019073225,0.03795855299474295,2.7301e-05,2.2345290602281063e-06,0.9350592499999999,0.07653262031281265,0
0.10221,18778.73670592233,0.06951927961775606,0.06957729544770117,2.7301e-05,2.2345290602281063e-06,0.9350592499999999,0.07653262031281265,0
0.10221,5589.213530576017,0.12742749857031335,0.12753384045123534,2.7301e-05,2.2345290602281063e-06,0.9350592499999999,0.07653262031281265,1
0.10221,1663.5477724905077,0.23357214690901212,0.23376706943248765,2.7301e-05,2.2345290602281063e-06,0.9350592499999999,0.07653262031281265,1
0.10221,495.1315162472611,0.42813323987193913,0.42849052858475883,2.7301e-05,2.2345290602281063e-06,0.9350592499999999,0.07653262031281265,1
0.10221,147.36960725251927,0.7847599703514607,0.78541487093982,2.7301e-05,2.2345290602281063e-06,0.9350592499999999,0.07653262031281265,1
0.10221,43.863312679200476,1.438449888287663,1.439650294528486,2.7301e-05,2.2345290602281063e-06,0.9350592499999999,0.07653262031281265,0
0.10221,13.035101349083076,2.636650898730358,2.63885287080216,2.7301e-05,2.2345290602281063e-06,0.9350592499999999,0.07653262031281265,0
0.10221,3.879521192401964,4.832930238571752,4.836966666377843,2.7301e-05,2.2345290602281063e-06,0.9350592499999999,0.07653262031281265,0
0.10221,1.154646353525585,8.858667904100823,8.8660677809748,2.7301e-05,2.2345290602281063e-06,0.9350592499999999,0.07653262031281265,0
0.10221,0.3436844461185449,16.23776739188721,16.25133470686167,2.7301e-05,2.2345290602281063e-06,0.9350592499999999,0.07653262031281265,0
0.10221,0.10227591916324169,29.763514416313193,29.788372666464024,2.7301e-05,2.2345290602281063e-06,0.9350592499999999,0.07653262031281265,0
0.10221,0.03044425510154894,54.555947811685144,54.601506918574934,2.7301e-05,2.2345290602281063e-06,0.9350592499999999,0.07653262031281265,0
0.10221,0.00906322696512061,100.0,100.08350114156154,2.7301e-05,2.2345290602281063e-06,0.9350592499999999,0.07653262031281265,0
0.10524,83140628.82397908,0.001,0.0010008363369212107,2.4518e-05,2.1868348029080233e-06,0.8397415,0.07489909199959979,0
0.10524,24745573.04742069,0.0018329807108324356,0.001834513700276719,2.4518e-05,2.1868348029080233e-06,0.8397415,0.07489909199959979,0
0.10524,7365152.202947915,0.003359818286283781,0.003362628226364741,2.4518e-05,2.1868348029080233e-06,0.8397415,0.07489909199959979,0
0.10524,2192128.139282479,0.006158482110660267,0.006163632676625283,2.4518e-05,2.1868348029080233e-06,0.8397415,0.07489909199959979,0
0.10524,652454.3763252293,0.011288378916846888,0.011297819804898506,2.4518e-05,2.1868348029080233e-06,0.8397415,0.07489909199959979,0
0.10524,194193.35390738017,0.02069138081114789,0.020708685776765615,2.4518e-05,2.1868348029080233e-06,0.8397415,0.07489909199959979,0
0.10524,57798.76840767666,0.0379269019073225,0.03795862157505274,2.4518e-05,2.1868348029080233e-06,0.8397415,0.07489909199959979,0
0.10524,17202.94624140998,0.06951927961775606,0.06957742115417244,2.4518e-05,2.1868348029080233e-06,0.8397415,0.07489909199959979,0
0.10524,5120.202780582446,0.12742749857031335,0.1275340708692779,2.4518e-05,2.1868348029080233e-06,0.8397415,0.07489909199959979,1
0.10524,1523.953572990034,0.23357214690901212,0.23376749178718972,2.4518e-05,2.1868348029080233e-06,0.8397415,0.07489909199959979,1
0.10524,453.5832728740396,0.42813323987193913,0.4284913027686,2.4518e-05,2.1868348029080233e-06,0.8397415,0.07489909199959979,1
0.10524,135.00330027800038,0.7847599703514607,0.785416290089314,2.4518e-05,2.1868348029080233e-06,0.8397415,0.07489909199959979,1
0.10524,40.18258635079664,1.438449888287663,1.439652896272507,2.4518e-05,2.1868348029080233e-06,0.8397415,0.07489909199959979,0
0.10524,11.941280202512349,2.636650898730358,2.63885758532446,2.4518e-05,2.1868348029080233e-06,0.8397415,0.07489909199959979,0
0.10524,3.5539769421627674,4.832930238571752,4.836975306969434,2.4518e-05,2.1868348029080233e-06,0.8397415,0.07489909199959979,0
0.10524,1.0577559212209755,8.858667904100823,8.86608362445891,2.4518e-05,2.1868348029080233e-06,0.8397415,0.07489909199959979,0
0.10524,0.31484467520028364,16.23776739188721,16.251363790992304,2.4518e-05,2.1868348029080233e-06,0.8397415,0.07489909199959979,0
0.10524,0.09369358796293223,29.763514416313193,29.788425810570732,2.4518e-05,2.1868348029080233e-06,0.8397415,0.07489909199959979,0
0.10524,0.027889570771384067,54.555947811685144,54.60160439966638,2.4518e-05,2.1868348029080233e-06,0.8397415,0.07489909199959979,0
0.10524,0.008302699720535439,100.0,100.08368012561235,2.4518e-05,2.1868348029080233e-06,0.8397415,0.07489909199959979,0
0.11142,70071352.1043838,0.001,0.0010007517037432642,2.173e-05,2.089557406789835e-06,0.7442525,0.07156734118255186,0
0.11142,20855696.986627117,0.0018329807108324356,0.0018343585692940582,2.173e-05,2.089557406789835e-06,0.7442525,0.07156734118255186,0
0.11142,6207388.3805683395,0.003359818286283781,0.0033623438742659438,2.173e-05,2.089557406789835e-06,0.7442525,0.07156734118255186,0
0.11142,1847536.9368538775,0.006158482110660267,0.006163111464713548,2.173e-05,2.089557406789835e-06,0.7442525,0.07156734118255186,0
0.11142,549891.923866638,0.011288378916846888,0.011296864433520775,2.173e-05,2.089557406789835e-06,0.7442525,0.07156734118255186,0
0.11142,163667.1633402337,0.02069138081114789,0.02070693459947524,2.173e-05,2.089557406789835e-06,0.7442525,0.07156734118255186,0
0.11142,48713.10103797289,0.0379269019073225,0.03795541170095933,2.173e-05,2.089557406789835e-06,0.7442525,0.07156734118255186,0
0.11142,14498.732092061484,0.06951927961775606,0.06957153751747987,2.173e-05,2.089557406789835e-06,0.7442525,0.07156734118255186,0
0.11142,4315.333392710031,0.12742749857031335,0.12752328628025825,2.173e-05,2.089557406789835e-06,0.7442525,0.07156734118255186,1
0.11142,1284.3959552271901,0.23357214690901212,0.23374772386375664,2.173e-05,2.089557406789835e-06,0.7442525,0.07156734118255186,1
0.11142,382.2823287138768,0.42813323987193913,0.42845506865760163,2.173e-05,2.089557406789835e-06,0.7442525,0.07156734118255186,1
0.11142,113.78147965778184,0.7847599703514607,0.785349874259911,2.173e-05,2.089557406789835e-06,0.7442525,0.07156734118255186,0
0.11142,33.866091435583705,1.438449888287663,1.4395311605027565,2.173e-05,2.089557406789835e-06,0.7442525,0.07156734118255186,0
0.11142,10.064175497881306,2.636650898730358,2.6386340753211974,2.173e-05,2.089557406789835e-06,0.7442525,0.07156734118255186,0
0.11142,2.9953110156435576,4.832930238571752,4.836565585961853,2.173e-05,2.089557406789835e-06,0.7442525,0.07156734118255186,0
0.11142,0.8914824418088253,8.858667904100823,8.865332503934777,2.173e-05,2.089557406789835e-06,0.7442525,0.07156734118255186,0
0.11142,0.2653528118397029,16.23776739188721,16.249986773709534,2.173e-05,2.089557406789835e-06,0.7442525,0.07156734118255186,0
0.11142,0.07896546464834216,29.763514416313193,29.78590231184743,2.173e-05,2.089557406789835e-06,0.7442525,0.07156734118255186,0
0.11142,0.02350548093566185,54.555947811685144,54.59697972585733,2.173e-05,2.089557406789835e-06,0.7442525,0.07156734118255186,0
0.11142,0.006997559916572173,100.0,100.07520510278634,2.173e-05,2.089557406789835e-06,0.7442525,0.07156734118255186,0
0.11833,58499224.01530619,0.001,0.001000746984127601,1.9206e-05,1.9966e-06,0.6578054999999999,0.06838355,0
0.11833,17411424.974339895,0.0018329807108324356,0.0018343499183295952,1.9206e-05,1.9966e-06,0.6578054999999999,0.06838355,0
0.11833,5182251.983434206,0.003359818286283781,0.00336232801721501,1.9206e-05,1.9966e-06,0.6578054999999999,0.06838355,0
0.11833,1542420.3172866763,0.006158482110660267,0.006163082399045414,1.9206e-05,1.9966e-06,0.6578054999999999,0.06838355,0
0.11833,459078.4945971082,0.011288378916846888,0.01129681115671393,1.9206e-05,1.9966e-06,0.6578054999999999,0.06838355,0
0.11833,136637.89501178137,0.02069138081114789,0.020706836944129326,1.9206e-05,1.9966e-06,0.6578054999999999,0.06838355,0
0.11833,40668.240650445194,0.0379269019073225,0.03795523270067491,1.9206e-05,1.9966e-06,0.6578054999999999,0.06838355,0
0.11833,12104.298705566303,0.06951927961775606,0.06957120941389534,1.9206e-05,1.9966e-06,0.6578054999999999,0.06838355,1
0.11833,3602.665672106297,0.12742749857031335,0.1275226848755523,1.9206e-05,1.9966e-06,0.6578054999999999,0.06838355,1
0.11833,1072.28081715888,0.23357214690901212,0.23374662151666387,1.9206e-05,1.9966e-06,0.6578054999999999,0.06838355,1
0.11833,319.14925142820164,0.42813323987193913,0.4284530481654392,1.9206e-05,1.9966e-06,0.6578054999999999,0.06838355,1
0.11833,94.99072095977817,0.7847599703514607,0.7853461712157166,1.9206e-05,1.9966e-06,0.6578054999999999,0.06838355,0
0.11833,28.27318153616682,1.438449888287663,1.43952437551209,1.9206e-05,1.9966e-06,0.6578054999999999,0.06838355,0
0.11833,8.402101170269164,2.636650898730358,2.6386213349654386,1.9206e-05,1.9966e-06,0.6578054999999999,0.06838355,0
0.11833,2.500642630618106,4.832930238571752,4.836542223621895,1.9206e-05,1.9966e-06,0.6578054999999999,0.06838355,0
0.11833,0.7442562671215718,8.858667904100823,8.865289689160504,1.9206e-05,1.9966e-06,0.6578054999999999,0.06838355,0
0.11833,0.22153043085410962,16.23776739188721,16.249908456893245,1.9206e-05,1.9966e-06,0.6578054999999999,0.06838355,0
0.11833,0.06592451028062933,29.763514416313193,29.78575808643382,1.9206e-05,1.9966e-06,0.6578054999999999,0.06838355,0
0.11833,0.0196236076237292,54.555947811685144,54.596715806367115,1.9206e-05,1.9966e-06,0.6578054999999999,0.06838355,0
0.11833,0.005841929629911647,100.0,100.07472301140002,1.9206e-05,1.9966e-06,0.6578054999999999,0.06838355,0
0.12398,50860333.672309645,0.001,0.001000748188267062,1.6718e-05,1.9521409836065574e-06,0.5725915,0.0668608286885246,0
0.12398,15137822.745710213,0.0018329807108324356,0.0018343521254940134,1.6718e-05,1.9521409836065574e-06,0.5725915,0.0668608286885246,0
0.12398,4505548.056201096,0.003359818286283781,0.0033623320629048974,1.6718e-05,1.9521409836065574e-06,0.5725915,0.0668608286885246,0
0.12398,1341009.446204045,0.006158482110660267,0.0061630898147174455,1.6718e-05,1.9521409836065574e-06,0.5725915,0.0668608286885246,0
0.12398,399131.5408023735,0.011288378916846888,0.011296824749500816,1.6718e-05,1.9521409836065574e-06,0.5725915,0.0668608286885246,0
0.12398,118795.57463437122,0.02069138081114789,0.02070686185946439,1.6718e-05,1.9521409836065574e-06,0.5725915,0.0668608286885246,0
0.12398,35357.73891271377,0.0379269019073225,0.03795527837011787,1.6718e-05,1.9521409836065574e-06,0.5725915,0.0668608286885246,0
0.12398,10523.706619696086,0.06951927961775606,0.06957129312578729,1.6718e-05,1.9521409836065574e-06,0.5725915,0.0668608286885246,1
0.12398,3132.2257903529517,0.12742749857031335,0.12752283832184158,1.6718e-05,1.9521409836065574e-06,0.5725915,0.0668608286885246,1
0.12398,932.2612573667153,0.23357214690901212,0.23374690280354066,1.6718e-05,1.9521409836065574e-06,0.5725915,0.0668608286885246,1
0.12398,277.47440548076065,0.42813323987193913,0.4284535638842789,1.6718e-05,1.9521409836065574e-06,0.5725915,0.0668608286885246,1
0.12398,82.58673226095404,0.7847599703514607,0.7853471171952734,1.6718e-05,1.9521409836065574e-06,0.5725915,0.0668608286885246,0
0.12398,24.58123949420777,1.438449888287663,1.4395261131839214,1.6718e-05,1.9521409836065574e-06,0.5725915,0.0668608286885246,0
0.12398,7.304948267530151,2.636650898730358,2.638624090259248,1.6718e-05,1.9521409836065574e-06,0.5725915,0.0668608286885246,0
0.12398,2.174106782387255,4.832930238571752,4.836547262539699,1.6718e-05,1.9521409836065574e-06,0.5725915,0.0668608286885246,0
0.12398,0.6470707050963409,8.858667904100823,8.86529894859724,1.6718e-05,1.9521409836065574e-06,0.5725915,0.0668608286885246,0
0.12398,0.19260280861855686,16.23776739188721,16.249925700928138,1.6718e-05,1.9521409836065574e-06,0.5725915,0.0668608286885246,0
0.12398,0.05731603872176083,29.763514416313193,29.785788605943463,1.6718e-05,1.9521409836065574e-06,0.5725915,0.0668608286885246,0
0.12398,0.017061141977214665,54.555947811685144,54.5967723441132,1.6718e-05,1.9521409836065574e-06,0.5725915,0.0668608286885246,0
0.12398,0.00507908576328666,100.0,100.07482901756893,1.6718e-05,1.9521409836065574e-06,0.5725915,0.0668608286885246,0
0.12789,46335899.71836548,0.001,0.0010007562698957256,1.49e-05,1.918788174807198e-06,0.510325,0.06571849498714653,0
0.12789,13791192.193485172,0.0018329807108324356,0.0018343669389634825,1.49e-05,1.918788174807198e-06,0.510325,0.06571849498714653,0
0.12789,4104743.4775689645,0.003359818286283781,0.003362359215708795,1.49e-05,1.918788174807198e-06,0.510325,0.06571849498714653,0
0.12789,1221715.9175757421,0.006158482110660267,0.0061631395852838515,1.49e-05,1.918788174807198e-06,0.510325,0.06571849498714653,0
0.12789,363625.5941259554,0.011288378916846888,0.01129691597799279,1.49e-05,1.918788174807198e-06,0.510325,0.06571849498714653,0
0.12789,108227.75699214866,0.02069138081114789,0.020707029079553536,1.49e-05,1.918788174807198e-06,0.510325,0.06571849498714653,0
0.12789,32212.38490227092,0.0379269019073225,0.03795558488145551,1.49e-05,1.918788174807198e-06,0.510325,0.06571849498714653,0
0.12789,9587.538644960781,0.06951927961775606,0.06957185495599238,1.49e-05,1.918788174807198e-06,0.510325,0.06571849498714653,1
0.12789,2853.589224089565,0.12742749857031335,0.12752386815066422,1.49e-05,1.918788174807198e-06,0.510325,0.06571849498714653,1
0.12789,849.3291529675732,0.23357214690901212,0.2337487904877442,1.49e-05,1.918788174807198e-06,0.510325,0.06571849498714653,1
0.12789,252.79083491481845,0.42813323987193913,0.42845702412620684,1.49e-05,1.918788174807198e-06,0.510325,0.06571849498714653,1
0.12789,75.23998085858652,0.7847599703514607,0.7853534605790391,1.49e-05,1.918788174807198e-06,0.510325,0.06571849498714653,0
0.12789,22.394541189776856,1.438449888287663,1.4395377450249793,1.49e-05,1.918788174807198e-06,0.510325,0.06571849498714653,0
0.12789,6.65511721423052,2.636650898730358,2.6386448853478783,1.49e-05,1.918788174807198e-06,0.510325,0.06571849498714653,0
0.12789,1.9807033558656768,4.832930238571752,4.836585367152764,1.49e-05,1.918788174807198e-06,0.510325,0.06571849498714653,0
0.12789,0.5895088118860259,8.858667904100823,8.865368832012555,1.49e-05,1.918788174807198e-06,0.510325,0.06571849498714653,0
0.12789,0.17546930633225666,16.23776739188721,16.250054163886876,1.49e-05,1.918788174807198e-06,0.510325,0.06571849498714653,0
0.12789,0.05221734095739574,29.763514416313193,29.786022629787038,1.49e-05,1.918788174807198e-06,0.510325,0.06571849498714653,0
0.12789,0.015543423177382186,54.555947811685144,54.59720200858023,1.49e-05,1.918788174807198e-06,0.510325,0.06571849498714653,0
0.12789,0.004627262048429171,100.0,100.0756194982724,1.49e-05,1.918788174807198e-06,0.510325,0.06571849498714653,0
0.13368,40567817.406959265,0.001,0.0010008101623699937,1.3144e-05,1.866427118644068e-06,0.45018199999999997,0.06392512881355933,0
0.13368,12074408.183074476,0.0018329807108324356,0.0018344657228293374,1.3144e-05,1.866427118644068e-06,0.45018199999999997,0.06392512881355933,0
0.13368,3593768.2210231083,0.003359818286283781,0.003362540284629832,1.3144e-05,1.866427118644068e-06,0.45018199999999997,0.06392512881355933,0
0.13368,1069631.7233199526,0.006158482110660267,0.006163471481125803,1.3144e-05,1.866427118644068e-06,0.45018199999999997,0.06392512881355933,0
0.13368,318359.99293434725,0.011288378916846888,0.011297524336683532,1.3144e-05,1.866427118644068e-06,0.45018199999999997,0.06392512881355933,0
0.13368,94755.12314760922,0.02069138081114789,0.02070814418938702,1.3144e-05,1.866427118644068e-06,0.45018199999999997,0.06392512881355933,0
0.13368,28202.45547940614,0.0379269019073225,0.03795762885680415,1.3144e-05,1.866427118644068e-06,0.45018199999999997,0.06392512881355933,0
0.13368,8394.042620164346,0.06951927961775606,0.06957560152656854,1.3144e-05,1.866427118644068e-06,0.45018199999999997,0.06392512881355933,1
0.13368,2498.362765194373,0.12742749857031335,0.12753073556093733,1.3144e-05,1.866427118644068e-06,0.45018199999999997,0.06392512881355933,1
0.13368,743.6011852464063,0.23357214690901212,0.2337613784245224,1.3144e-05,1.866427118644068e-06,0.45018199999999997,0.06392512881355933,1
0.13368,221.3223969673869,0.42813323987193913,0.4284800981560276,1.3144e-05,1.866427118644068e-06,0.45018199999999997,0.06392512881355933,1
0.13368,65.87379951141403,0.7847599703514607,0.7853957579872927,1.3144e-05,1.866427118644068e-06,0.45018199999999997,0.06392512881355933,0
0.13368,19.60677639815603,1.438449888287663,1.4396152927192627,1.3144e-05,1.866427118644068e-06,0.45018199999999997,0.06392512881355933,0
0.13368,5.82666966791132,2.636650898730358,2.638785019444131,1.3144e-05,1.866427118644068e-06,0.45018199999999997,0.06392512881355933,0
0.13368,1.7341399095254928,4.832930238571752,4.836842188726943,1.3144e-05,1.866427118644068e-06,0.45018199999999997,0.06392512881355933,0
0.13368,0.5161250992299132,8.858667904100823,8.865839762585521,1.3144e-05,1.866427118644068e-06,0.45018199999999997,0.06392512881355933,0
0.13368,0.1536263653798401,16.23776739188721,16.250918900864804,1.3144e-05,1.866427118644068e-06,0.45018199999999997,0.06392512881355933,0
0.13368,0.04571718925532171,29.763514416313193,29.787601750426468,1.3144e-05,1.866427118644068e-06,0.45018199999999997,0.06392512881355933,0
0.13368,0.013608535753692317,54.555947811685144,54.60009910312339,1.3144e-05,1.866427118644068e-06,0.45018199999999997,0.06392512881355933,0
0.13368,0.004051247029138889,100.0,100.0809409868977,1.3144e-05,1.866427118644068e-06,0.45018199999999997,0.06392512881355933,0
0.13896,36031001.02266896,0.001,0.0010020040161048379,1.1384e-05,1.8163118644067797e-06,0.38990199999999997,0.0622086813559322,0
0.13896,10724092.184395907,0.0018329807108324356,0.0018366540336979314,1.1384e-05,1.8163118644067797e-06,0.38990199999999997,0.0622086813559322,0
0.13896,3191866.7239921284,0.003359818286283781,0.0033665514162478497,1.1384e-05,1.8163118644067797e-06,0.38990199999999997,0.0622086813559322,0
0.13896,950011.7132135599,0.006158482110660267,0.006170823808050639,1.1384e-05,1.8163118644067797e-06,0.38990199999999997,0.0622086813559322,0
0.13896,282756.8738838833,0.011288378916846888,0.011311001010363999,1.1384e-05,1.8163118644067797e-06,0.38990199999999997,0.0622086813559322,0
0.13896,84158.38357969643,0.02069138081114789,0.020732846673799377,1.1384e-05,1.8163118644067797e-06,0.38990199999999997,0.0622086813559322,0
0.13896,25048.493275513145,0.0379269019073225,0.03800290804338369,1.1384e-05,1.8163118644067797e-06,0.38990199999999997,0.0622086813559322,0
0.13896,7455.3125329528175,0.06951927961775606,0.06965859745682186,1.1384e-05,1.8163118644067797e-06,0.38990199999999997,0.0622086813559322,1
0.13896,2218.963613205711,0.12742749857031335,0.1276828658202298,1.1384e-05,1.8163118644067797e-06,0.38990199999999997,0.0622086813559322,1
0.13896,660.4420983699769,0.23357214690901212,0.2340402320755487,1.1384e-05,1.8163118644067797e-06,0.38990199999999997,0.0622086813559322,1
0.13896,196.57125935781295,0.42813323987193913,0.42899124153616447,1.1384e-05,1.8163118644067797e-06,0.38990199999999997,0.0622086813559322,0
0.13896,58.50692981903626,0.7847599703514607,0.7863327280502592,1.1384e-05,1.8163118644067797e-06,0.38990199999999997,0.0622086813559322,0
0.13896,17.414083065450484,1.438449888287663,1.4413330386842862,1.1384e-05,1.8163118644067797e-06,0.38990199999999997,0.0622086813559322,0
0.13896,5.175188155584037,2.636650898730358,2.6418991470504025,1.1384e-05,1.8163118644067797e-06,0.38990199999999997,0.0622086813559322,0
0.13896,1.5402456670770297,4.832930238571752,4.842549680174423,1.1384e-05,1.8163118644067797e-06,0.38990199999999997,0.0622086813559322,0
0.13896,0.4584167706360718,8.858667904100823,8.876305007360079,1.1384e-05,1.8163118644067797e-06,0.38990199999999997,0.0622086813559322,0
0.13896,0.13644882347505874,16.23776739188721,16.270129196649762,1.1384e-05,1.8163118644067797e-06,0.38990199999999997,0.0622086813559322,0
0.13896,0.04060566775129049,29.763514416313193,29.822707533271455,1.1384e-05,1.8163118644067797e-06,0.38990199999999997,0.0622086813559322,0
0.13896,0.012086981092513731,54.555947811685144,54.66449081356301,1.1384e-05,1.8163118644067797e-06,0.38990199999999997,0.0622086813559322,0
0.13896,0.0035982679883735137,100.0,100.1991617761614,1.1384e-05,1.8163118644067797e-06,0.38990199999999997,0.0622086813559322,0
0.14528,31625819.969970364,0.001,0.0010004902023178944,9.9864e-06,1.7512661345496012e-06,0.3420342,0.05998086510832384,0
0.14528,9412955.486642633,0.0018329807108324356,0.0018338792422253542,9.9864e-06,1.7512661345496012e-06,0.3420342,0.05998086510832384,0
0.14528,2801626.3638702487,0.003359818286283781,0.003361465276993927,9.9864e-06,1.7512661345496012e-06,0.3420342,0.05998086510832384,0
0.14528,833862.4673021153,0.006158482110660267,0.006161501012855818,9.9864e-06,1.7512661345496012e-06,0.3420342,0.05998086510832384,0
0.14528,248186.77626468442,0.011288378916846888,0.011293912506295916,9.9864e-06,1.7512661345496012e-06,0.3420342,0.05998086510832384,0
0.14528,73869.1075238644,0.02069138081114789,0.020701523773605426,9.9864e-06,1.7512661345496012e-06,0.3420342,0.05998086510832384,0
0.14528,21986.04304732693,0.0379269019073225,0.03794549376025776,9.9864e-06,1.7512661345496012e-06,0.3420342,0.05998086510832384,0
0.14528,6543.819653932746,0.06951927961775606,0.06955335811599579,9.9864e-06,1.7512661345496012e-06,0.3420342,0.05998086510832384,1
0.14528,1947.6712383254787,0.12742749857031335,0.12748996374416185,9.9864e-06,1.7512661345496012e-06,0.3420342,0.05998086510832384,1
0.14528,579.6958979291176,0.23357214690901212,0.2336866440485651,9.9864e-06,1.7512661345496012e-06,0.3420342,0.05998086510832384,1
0.14528,172.53830356793856,0.42813323987193913,0.4283431091627884,9.9864e-06,1.7512661345496012e-06,0.3420342,0.05998086510832384,0
0.14528,51.35383556468653,0.7847599703514607,0.785144647251466,9.9864e-06,1.7512661345496012e-06,0.3420342,0.05998086510832384,0
0.14528,15.28503404004263,1.438449888287663,1.4391549424094243,9.9864e-06,1.7512661345496012e-06,0.3420342,0.05998086510832384,0
0.14528,4.542322624913801,2.636650898730358,2.6379492075080453,9.9864e-06,1.7512661345496012e-06,0.3420342,0.05998086510832384,0
0.14528,1.3518910360974534,4.832930238571752,4.835310300371855,9.9864e-06,1.7512661345496012e-06,0.3420342,0.05998086510832384,0
0.14528,0.40235798190982475,8.858667904100823,8.863030958053123,9.9864e-06,1.7512661345496012e-06,0.3420342,0.05998086510832384,0
0.14528,0.11976329995150818,16.23776739188721,16.24576375416333,9.9864e-06,1.7512661345496012e-06,0.3420342,0.05998086510832384,0
0.14528,0.035639924712344534,29.763514416313193,29.778177889536156,9.9864e-06,1.7512661345496012e-06,0.3420342,0.05998086510832384,0
0.14528,0.010608862310118844,54.555947811685144,54.58281542092207,9.9864e-06,1.7512661345496012e-06,0.3420342,0.05998086510832384,0
0.14528,0.0031582501632961553,100.0,100.04921568798832,9.9864e-06,1.7512661345496012e-06,0.3420342,0.05998086510832384,0
0.15319,26972495.09413522,0.001,0.0010005446318087315,8.7456e-06,1.680564163090129e-06,0.2995368,0.05755932258583692,0
0.15319,8027962.466296126,0.0018329807108324356,0.0018339790104322353,8.7456e-06,1.680564163090129e-06,0.2995368,0.05755932258583692,0
0.15319,2389403.766505207,0.003359818286283781,0.003361648150193164,8.7456e-06,1.680564163090129e-06,0.2995368,0.05755932258583692,0
0.15319,711170.5350190696,0.006158482110660267,0.0061618362159054285,8.7456e-06,1.680564163090129e-06,0.2995368,0.05755932258583692,0
0.15319,211669.345223465,0.011288378916846888,0.01129452692703772,8.7456e-06,1.680564163090129e-06,0.2995368,0.05755932258583692,0
0.15319,63000.23658383877,0.02069138081114789,0.020702649995081184,8.7456e-06,1.680564163090129e-06,0.2995368,0.05755932258583692,0
0.15319,18751.084992179625,0.0379269019073225,0.03794755810315108,8.7456e-06,1.680564163090129e-06,0.2995368,0.05755932258583692,0
0.15319,5580.98236351572,0.06951927961775606,0.06955714202059829,8.7456e-06,1.680564163090129e-06,0.2995368,0.05755932258583692,1
0.15319,1661.0969436778248,0.12742749857031335,0.1274968995911431,8.7456e-06,1.680564163090129e-06,0.2995368,0.05755932258583692,1
0.15319,494.4012440569407,0.23357214690901212,0.23369935745216155,8.7456e-06,1.680564163090129e-06,0.2995368,0.05755932258583692,1
0.15319,147.15155299778402,0.42813323987193913,0.42836641330104325,8.7456e-06,1.680564163090129e-06,0.2995368,0.05755932258583692,0
0.15319,43.79779112903088,0.7847599703514607,0.7851873671465484,8.7456e-06,1.680564163090129e-06,0.2995368,0.05755932258583692,0
0.15319,13.036041051009144,1.438449888287663,1.4392332683630653,8.7456e-06,1.680564163090129e-06,0.2995368,0.05755932258583692,0
0.15319,3.8739864304104383,2.636650898730358,2.638090322104822,8.7456e-06,1.680564163090129e-06,0.2995368,0.05755932258583692,0
0.15319,1.1529801113259273,4.832930238571752,4.8355689070894865,8.7456e-06,1.680564163090129e-06,0.2995368,0.05755932258583692,0
0.15319,0.3431568943634739,8.858667904100823,8.863505183752222,8.7456e-06,1.680564163090129e-06,0.2995368,0.05755932258583692,0
0.15319,0.10214186069541441,16.23776739188721,16.246634809110798,8.7456e-06,1.680564163090129e-06,0.2995368,0.05755932258583692,0
0.15319,0.030396039070078144,29.763514416313193,29.779767473731724,8.7456e-06,1.680564163090129e-06,0.2995368,0.05755932258583692,0
0.15319,0.009047924702429745,54.555947811685144,54.58573231631299,8.7456e-06,1.680564163090129e-06,0.2995368,0.05755932258583692,0
0.15319,0.0026935595019862845,100.0,100.05457593316675,8.7456e-06,1.680564163090129e-06,0.2995368,0.05755932258583692,0
0.16085,23300188.49476154,0.001,0.001000533135586134,7.6817e-06,1.644413056680162e-06,0.26309822499999996,0.056321147191295544,0
0.16085,6934954.962110196,0.0018329807108324356,0.0018339579380779885,7.6817e-06,1.644413056680162e-06,0.26309822499999996,0.056321147191295544,0
0.16085,2064086.3203554403,0.003359818286283781,0.0033616095249744318,7.6817e-06,1.644413056680162e-06,0.26309822499999996,0.056321147191295544,0
0.16085,614344.6299657152,0.006158482110660267,0.006161765416625367,7.6817e-06,1.644413056680162e-06,0.26309822499999996,0.056321147191295544,0
0.16085,182850.55294478912,0.011288378916846888,0.01129439715332808,7.6817e-06,1.644413056680162e-06,0.26309822499999996,0.056321147191295544,0
0.16085,54422.751120676185,0.02069138081114789,0.02070241212240547,7.6817e-06,1.644413056680162e-06,0.26309822499999996,0.056321147191295544,0
0.16085,16198.123802344131,0.0379269019073225,0.03794712208731156,7.6817e-06,1.644413056680162e-06,0.26309822499999996,0.056321147191295544,0
0.16085,4821.131326412651,0.06951927961775606,0.06955634281309117,7.6817e-06,1.644413056680162e-06,0.26309822499999996,0.056321147191295544,1
0.16085,1434.9385088374677,0.12742749857031335,0.127495434665738,7.6817e-06,1.644413056680162e-06,0.26309822499999996,0.056321147191295544,1
0.16085,427.0884889581878,0.23357214690901212,0.2336966723093563,7.6817e-06,1.644413056680162e-06,0.26309822499999996,0.056321147191295544,1
0.16085,127.11686128020492,0.42813323987193913,0.4283614916908557,7.6817e-06,1.644413056680162e-06,0.26309822499999996,0.056321147191295544,0
0.16085,37.83471944559004,0.7847599703514607,0.7851783470345749,7.6817e-06,1.644413056680162e-06,0.26309822499999996,0.056321147191295544,0
0.16085,11.261183246741211,1.438449888287663,1.4392167407083365,7.6817e-06,1.644413056680162e-06,0.26309822499999996,0.056321147191295544,0
0.16085,3.3465447124699264,2.636650898730358,2.6380593271490604,7.6817e-06,1.644413056680162e-06,0.26309822499999996,0.056321147191295544,0
0.16085,0.996002335040546,4.832930238571752,4.835512071841135,7.6817e-06,1.644413056680162e-06,0.26309822499999996,0.056321147191295544,0
0.16085,0.2964362207416191,8.858667904100823,8.863401023228315,7.6817e-06,1.644413056680162e-06,0.26309822499999996,0.056321147191295544,0
0.16085,0.08823528331532161,16.23776739188721,16.24644425476562,7.6817e-06,1.644413056680162e-06,0.26309822499999996,0.056321147191295544,0
0.16085,0.026257632046905545,29.763514416313193,29.77941665186706,7.6817e-06,1.644413056680162e-06,0.26309822499999996,0.056321147191295544,0
0.16085,0.007816053537156805,54.555947811685144,54.585090290341135,7.6817e-06,1.644413056680162e-06,0.26309822499999996,0.056321147191295544,0
0.16085,0.0023268323230948656,100.0,100.05340295720579,7.6817e-06,1.644413056680162e-06,0.26309822499999996,0.056321147191295544,0
0.16768,20568429.094450563,0.001,0.001000507710171225,6.7075e-06,1.6330066801619433e-06,0.229731875,0.05593047879554656,0
0.16768,6121887.359127551,0.0018329807108324356,0.001833911333782907,6.7075e-06,1.6330066801619433e-06,0.229731875,0.05593047879554656,0
0.16768,1822088.8270753238,0.003359818286283781,0.0033615241002005734,6.7075e-06,1.6330066801619433e-06,0.229731875,0.05593047879554656,0
0.16768,542317.6711143263,0.006158482110660267,0.006161608834663074,6.7075e-06,1.6330066801619433e-06,0.229731875,0.05593047879554656,0
0.16768,161412.79861187015,0.011288378916846888,0.011294110141614093,6.7075e-06,1.6330066801619433e-06,0.229731875,0.05593047879554656,0
0.16768,48042.12196823286,0.02069138081114789,0.020701886035485558,6.7075e-06,1.6330066801619433e-06,0.229731875,0.05593047879554656,0
0.16768,14299.024274596502,0.0379269019073225,0.03794615778022966,6.7075e-06,1.6330066801619433e-06,0.229731875,0.05593047879554656,0
0.16768,4255.892516162546,0.06951927961775606,0.06955457525737596,6.7075e-06,1.6330066801619433e-06,0.229731875,0.05593047879554656,1
0.16768,1266.7035280993534,0.12742749857031335,0.1274921947735192,6.7075e-06,1.6330066801619433e-06,0.229731875,0.05593047879554656,1
0.16768,377.0158040604018,0.23357214690901212,0.23369073366826756,6.7075e-06,1.6330066801619433e-06,0.229731875,0.05593047879554656,0
0.16768,112.21343323686949,0.42813323987193913,0.4283506063800846,6.7075e-06,1.6330066801619433e-06,0.229731875,0.05593047879554656,0
0.16768,33.398903306260486,0.7847599703514607,0.7851583950288844,6.7075e-06,1.6330066801619433e-06,0.229731875,0.05593047879554656,0
0.16768,9.940900165202718,1.438449888287663,1.439180172096914,6.7075e-06,1.6330066801619433e-06,0.229731875,0.05593047879554656,0
0.16768,2.9541900745838126,2.636650898730358,2.637991945246477,6.7075e-06,1.6330066801619433e-06,0.229731875,0.05593047879554656,0
0.16768,0.8792293200643974,4.832930238571752,4.835388546047576,6.7075e-06,1.6330066801619433e-06,0.229731875,0.05593047879554656,0
0.16768,0.2616815331723298,8.858667904100823,8.863174581822022,6.7075e-06,1.6330066801619433e-06,0.229731875,0.05593047879554656,0
0.16768,0.07789042762109315,16.23776739188721,16.246029272253445,6.7075e-06,1.6330066801619433e-06,0.229731875,0.05593047879554656,0
0.16768,0.023179142972134456,29.763514416313193,29.77865556283051,6.7075e-06,1.6330066801619433e-06,0.229731875,0.05593047879554656,0
0.16768,0.006899686085399807,54.555947811685144,54.58369582121907,6.7075e-06,1.6330066801619433e-06,0.229731875,0.05593047879554656,0
0.16768,0.00205403045346623,100.0,100.05084882723085,6.7075e-06,1.6330066801619433e-06,0.229731875,0.05593047879554656,0
0.17746,17353642.00818878,0.001,0.0010004537142001245,5.8047e-06,1.6250942857142858e-06,0.198810975,0.05565947928571429,0
0.17746,5165053.741192981,0.0018329807108324356,0.0018338123602094282,5.8047e-06,1.6250942857142858e-06,0.198810975,0.05565947928571429,0
0.17746,1537301.515200069,0.003359818286283781,0.0033613426835495757,5.8047e-06,1.6250942857142858e-06,0.198810975,0.05565947928571429,0
0.17746,457554.9584275253,0.006158482110660267,0.006161276301441608,5.8047e-06,1.6250942857142858e-06,0.198810975,0.05565947928571429,0
0.17746,136184.43634103952,0.011288378916846888,0.011293500614636109,5.8047e-06,1.6250942857142858e-06,0.198810975,0.05565947928571429,0
0.17746,40533.27466673264,0.02069138081114789,0.020700768784308505,5.8047e-06,1.6250942857142858e-06,0.198810975,0.05565947928571429,0
0.17746,12064.127366578798,0.0379269019073225,0.037944109880471845,5.8047e-06,1.6250942857142858e-06,0.198810975,0.05565947928571429,0
0.17746,3590.7085956764927,0.06951927961775606,0.06955082149721363,5.8047e-06,1.6250942857142858e-06,0.198810975,0.05565947928571429,1
0.17746,1068.7213619703048,0.12742749857031335,0.12748531420701592,5.8047e-06,1.6250942857142858e-06,0.198810975,0.05565947928571429,1
0.17746,318.0893039243216,0.23357214690901212,0.23367812174233382,5.8047e-06,1.6250942857142858e-06,0.198810975,0.05565947928571429,0
0.17746,94.67479205570838,0.42813323987193913,0.42832748907186063,5.8047e-06,1.6250942857142858e-06,0.198810975,0.05565947928571429,0
0.17746,28.178749455267848,0.7847599703514607,0.7851160220332326,5.8047e-06,1.6250942857142858e-06,0.198810975,0.05565947928571429,0
0.17746,8.387165630130967,1.438449888287663,1.4391025063466178,5.8047e-06,1.6250942857142858e-06,0.198810975,0.05565947928571429,0
0.17746,2.4924592258624987,2.636650898730358,2.637849219775145,5.8047e-06,1.6250942857142858e-06,0.198810975,0.05565947928571429,0
0.17746,0.7418084810521586,4.832930238571752,4.835126909384199,5.8047e-06,1.6250942857142858e-06,0.198810975,0.05565947928571429,0
0.17746,0.22078151744085495,8.858667904100823,8.862694943221388,5.8047e-06,1.6250942857142858e-06,0.198810975,0.05565947928571429,0
0.17746,0.06571639481192362,16.23776739188721,16.245150038258814,5.8047e-06,1.6250942857142858e-06,0.198810975,0.05565947928571429,0
0.17746,0.019556314604065646,29.763514416313193,29.777043972332642,5.8047e-06,1.6250942857142858e-06,0.198810975,0.05565947928571429,0
0.17746,0.005821286331837827,54.555947811685144,54.58074253018007,5.8047e-06,1.6250942857142858e-06,0.198810975,0.05565947928571429,0
0.17746,0.0017329917323056546,100.0,100.04543743617315,5.8047e-06,1.6250942857142858e-06,0.198810975,0.05565947928571429,0
0.18471,15391070.105249546,0.001,0.0010003986544492385,5.0329e-06,1.6276153846153847e-06,0.17237682499999998,0.055745826923076926,0
0.18471,4580923.369893753,0.0018329807108324356,0.0018337114367481188,5.0329e-06,1.6276153846153847e-06,0.17237682499999998,0.055745826923076926,0
0.18471,1363443.787891025,0.003359818286283781,0.0033611576927917736,5.0329e-06,1.6276153846153847e-06,0.17237682499999998,0.055745826923076926,0
0.18471,405808.7886588059,0.006158482110660267,0.006160937216951165,5.0329e-06,1.6276153846153847e-06,0.17237682499999998,0.055745826923076926,0
0.18471,120782.9576050276,0.011288378916846888,0.011292879079307577,5.0329e-06,1.6276153846153847e-06,0.17237682499999998,0.055745826923076926,0
0.18471,35949.25328618032,0.02069138081114789,0.020699629522051146,5.0329e-06,1.6276153846153847e-06,0.17237682499999998,0.055745826923076926,0
0.18471,10699.761466159498,0.0379269019073225,0.03794202163479579,5.0329e-06,1.6276153846153847e-06,0.17237682499999998,0.055745826923076926,0
0.18471,3184.6253193764087,0.06951927961775606,0.06954699378356642,5.0329e-06,1.6276153846153847e-06,0.17237682499999998,0.055745826923076926,1
0.18471,947.8566744911814,0.12742749857031335,0.12747829808405933,5.0329e-06,1.6276153846153847e-06,0.17237682499999998,0.055745826923076926,1
0.18471,282.1156949823191,0.23357214690901212,0.23366526133753984,5.0329e-06,1.6276153846153847e-06,0.17237682499999998,0.055745826923076926,0
0.18471,83.96775502815176,0.42813323987193913,0.428303916270927,5.0329e-06,1.6276153846153847e-06,0.17237682499999998,0.055745826923076926,0
0.18471,24.991935841866784,0.7847599703514607,0.785072813935253,5.0329e-06,1.6276153846153847e-06,0.17237682499999998,0.055745826923076926,0
0.18471,7.438637582241282,1.438449888287663,1.439023308811354,5.0329e-06,1.6276153846153847e-06,0.17237682499999998,0.055745826923076926,0
0.18471,2.2105804397765585,2.636650898730358,2.6377038091869944,5.0329e-06,1.6276153846153847e-06,0.17237682499999998,0.055745826923076926,0
0.18471,0.6579154095024483,4.832930238571752,4.834860354047675,5.0329e-06,1.6276153846153847e-06,0.17237682499999998,0.055745826923076926,0
0.18471,0.1958127583090754,8.858667904100823,8.862206281078715,5.0329e-06,1.6276153846153847e-06,0.17237682499999998,0.055745826923076926,0
0.18471,0.05828435694733607,16.23776739188721,16.24425418290261,5.0329e-06,1.6276153846153847e-06,0.17237682499999998,0.055745826923076926,0
0.18471,0.0173446397495055,29.763514416313193,29.775402238200943,5.0329e-06,1.6276153846153847e-06,0.17237682499999998,0.055745826923076926,0
0.18471,0.005162941703782429,54.555947811685144,54.577733819230865,5.0329e-06,1.6276153846153847e-06,0.17237682499999998,0.055745826923076926,0
0.18471,0.0015370030869971219,100.0,100.03992378327536,5.0329e-06,1.6276153846153847e-06,0.17237682499999998,0.055745826923076926,0
0.19299,13496172.080409806,0.001,0.00100031249429276,4.4211e-06,1.6398102362204723e-06,0.151422675,0.056163500590551176,0
0.19299,4016935.123060036,0.0018329807108324356,0.0018335535068432613,4.4211e-06,1.6398102362204723e-06,0.151422675,0.056163500590551176,0
0.19299,1195581.0647023136,0.003359818286283781,0.0033608682103225653,4.4211e-06,1.6398102362204723e-06,0.151422675,0.056163500590551176,0
0.19299,355846.94280698313,0.006158482110660267,0.006160406601169345,4.4211e-06,1.6398102362204723e-06,0.151422675,0.056163500590551176,0
0.19299,105912.55637653112,0.011288378916846888,0.011291906470816862,4.4211e-06,1.6398102362204723e-06,0.151422675,0.056163500590551176,0
0.19299,31523.29923740244,0.02069138081114789,0.02069784674946204,4.4211e-06,1.6398102362204723e-06,0.151422675,0.056163500590551176,0
0.19299,9382.441960060783,0.0379269019073225,0.037938753847110374,4.4211e-06,1.6398102362204723e-06,0.151422675,0.056163500590551176,0
0.19299,2792.5447046335917,0.06951927961775606,0.06954100399226391,4.4211e-06,1.6398102362204723e-06,0.151422675,0.056163500590551176,1
0.19299,831.1596723410888,0.12742749857031335,0.12746731891502627,4.4211e-06,1.6398102362204723e-06,0.151422675,0.056163500590551176,1
0.19299,247.3825367074767,0.23357214690901212,0.23364513674893567,4.4211e-06,1.6398102362204723e-06,0.151422675,0.056163500590551176,0
0.19299,73.62992063592809,0.42813323987193913,0.42826702837885827,4.4211e-06,1.6398102362204723e-06,0.151422675,0.056163500590551176,0
0.19299,21.915010704777405,0.7847599703514607,0.7850051996260313,4.4211e-06,1.6398102362204723e-06,0.151422675,0.056163500590551176,0
0.19299,6.5228169077078775,1.438449888287663,1.4388993756372241,4.4211e-06,1.6398102362204723e-06,0.151422675,0.056163500590551176,0
0.19299,1.9384214629500087,2.636650898730358,2.6374763424644607,4.4211e-06,1.6398102362204723e-06,0.151422675,0.056163500590551176,0
0.19299,0.5769151592308548,4.832930238571752,4.834443382014403,4.4211e-06,1.6398102362204723e-06,0.151422675,0.056163500590551176,0
0.19299,0.1717049790420499,8.858667904100823,8.861441863715937,4.4211e-06,1.6398102362204723e-06,0.151422675,0.056163500590551176,0
0.19299,0.05110859333953441,16.23776739188721,16.24285274068263,4.4211e-06,1.6398102362204723e-06,0.151422675,0.056163500590551176,0
0.19299,0.015209228359197087,29.763514416313193,29.772834172074305,4.4211e-06,1.6398102362204723e-06,0.151422675,0.056163500590551176,0
0.19299,0.004527298250567271,54.555947811685144,54.57302736087522,4.4211e-06,1.6398102362204723e-06,0.151422675,0.056163500590551176,0
0.19299,0.0013477725635130675,100.0,100.03129845638861,4.4211e-06,1.6398102362204723e-06,0.151422675,0.056163500590551176,0
0.20061,12018794.449220011,0.001,0.0010001933333839102,3.8868e-06,1.6825602362204725e-06,0.1331229,0.05762768809055118,0
0.20061,3577215.618789316,0.0018329807108324356,0.0018333350871958655,3.8868e-06,1.6825602362204725e-06,0.1331229,0.05762768809055118,0
0.20061,1064705.086629247,0.003359818286283781,0.003360467851322091,3.8868e-06,1.6825602362204725e-06,0.1331229,0.05762768809055118,0
0.20061,316893.65217769117,0.006158482110660267,0.0061596727508445,3.8868e-06,1.6825602362204725e-06,0.1331229,0.05762768809055118,0
0.20061,94318.68807658677,0.011288378916846888,0.011290561337329422,3.8868e-06,1.6825602362204725e-06,0.1331229,0.05762768809055118,0
0.20061,28072.55654695603,0.02069138081114789,0.02069538114574217,3.8868e-06,1.6825602362204725e-06,0.1331229,0.05762768809055118,0
0.20061,8355.379634834435,0.0379269019073225,0.037934234443148876,3.8868e-06,1.6825602362204725e-06,0.1331229,0.05762768809055118,0
0.20061,2486.8548351688414,0.06951927961775606,0.06953272001256215,3.8868e-06,1.6825602362204725e-06,0.1331229,0.05762768809055118,1
0.20061,740.1755991293235,0.12742749857031335,0.12745213454345186,3.8868e-06,1.6825602362204725e-06,0.1331229,0.05762768809055118,1
0.20061,220.30245617571055,0.23357214690901212,0.2336173041082818,3.8868e-06,1.6825602362204725e-06,0.1331229,0.05762768809055118,0
0.20061,65.56991682535796,0.42813323987193913,0.42821601179312824,3.8868e-06,1.6825602362204725e-06,0.1331229,0.05762768809055118,0
0.20061,19.516052911897887,0.7847599703514607,0.7849116877844821,3.8868e-06,1.6825602362204725e-06,0.1331229,0.05762768809055118,0
0.20061,5.808787460269795,1.438449888287663,1.4387279732406995,3.8868e-06,1.6825602362204725e-06,0.1331229,0.05762768809055118,0
0.20061,1.726229858576556,2.636650898730358,2.6371618113164095,3.8868e-06,1.6825602362204725e-06,0.1331229,0.05762768809055118,0
0.20061,0.5137624655690797,4.832930238571752,4.8338668127681235,3.8868e-06,1.6825602362204725e-06,0.1331229,0.05762768809055118,0
0.20061,0.15290909802611202,8.858667904100823,8.860384860428967,3.8868e-06,1.6825602362204725e-06,0.1331229,0.05762768809055118,0
0.20061,0.04551393536936075,16.23776739188721,16.240914849563868,3.8868e-06,1.6825602362204725e-06,0.1331229,0.05762768809055118,0
0.20061,0.013544332486492536,29.763514416313193,29.769283243151573,3.8868e-06,1.6825602362204725e-06,0.1331229,0.05762768809055118,0
0.20061,0.00403171213928753,54.555947811685144,54.56651953947625,3.8868e-06,1.6825602362204725e-06,0.1331229,0.05762768809055118,0
0.20061,0.0012002369873623244,100.0,100.01937151435028,3.8868e-06,1.6825602362204725e-06,0.1331229,0.05762768809055118,0
0.2062,11070786.169587646,0.001,0.0010000485860176924,3.2984e-06,1.7167305023923445e-06,0.1129702,0.0587980197069378,0
0.2062,3295055.03779501,0.0018329807108324356,0.0018330697680656574,3.2984e-06,1.7167305023923445e-06,0.1129702,0.0587980197069378,0
0.2062,980724.1814098012,0.003359818286283781,0.0033599815264742836,3.2984e-06,1.7167305023923445e-06,0.1129702,0.0587980197069378,0
0.2062,291897.9833277553,0.006158482110660267,0.0061587813267797486,3.2984e-06,1.7167305023923445e-06,0.1129702,0.0587980197069378,0
0.2062,86879.09855708711,0.011288378916846888,0.011288927374216506,3.2984e-06,1.7167305023923445e-06,0.1129702,0.0587980197069378,0
0.2062,25858.273230091563,0.02069138081114789,0.020692386122891947,3.2984e-06,1.7167305023923445e-06,0.1129702,0.0587980197069378,0
0.2062,7696.331083207988,0.0379269019073225,0.03792874462414474,3.2984e-06,1.7167305023923445e-06,0.1129702,0.0587980197069378,0
0.2062,2290.69880764988,0.06951927961775606,0.06952265728087313,3.2984e-06,1.7167305023923445e-06,0.1129702,0.0587980197069378,1
0.2062,681.7926556457835,0.12742749857031335,0.1274336897541917,3.2984e-06,1.7167305023923445e-06,0.1129702,0.0587980197069378,0
0.2062,202.9256257433484,0.23357214690901212,0.23358349518716479,3.2984e-06,1.7167305023923445e-06,0.1129702,0.0587980197069378,0
0.2062,60.39794846245897,0.42813323987193913,0.42815404081307634,3.2984e-06,1.7167305023923445e-06,0.1129702,0.0587980197069378,0
0.2062,17.976682190608354,0.7847599703514607,0.7847980968157094,3.2984e-06,1.7167305023923445e-06,0.1129702,0.0587980197069378,0
0.2062,5.3506068093366475,1.438449888287663,1.4385197665220333,3.2984e-06,1.7167305023923445e-06,0.1129702,0.0587980197069378,0
0.2062,1.5900702262621014,2.636650898730358,2.6367797790254057,3.2984e-06,1.7167305023923445e-06,0.1129702,0.0587980197069378,0
0.2062,0.47323849242703986,4.832930238571752,4.833166507699833,3.2984e-06,1.7167305023923445e-06,0.1129702,0.0587980197069378,0
0.2062,0.1408481139542406,8.858667904100823,8.859101014959087,3.2984e-06,1.7167305023923445e-06,0.1129702,0.0587980197069378,0
0.2062,0.04192394346531415,16.23776739188721,16.238561047465918,3.2984e-06,1.7167305023923445e-06,0.1129702,0.0587980197069378,0
0.2062,0.012475998091620345,29.763514416313193,29.764970303078293,3.2984e-06,1.7167305023923445e-06,0.1129702,0.0587980197069378,0
0.2062,0.0037137031996383536,54.555947811685144,54.558615122124465,3.2984e-06,1.7167305023923445e-06,0.1129702,0.0587980197069378,0
0.2062,0.0011055659761227113,100.0,100.00488481759065,3.2984e-06,1.7167305023923445e-06,0.1129702,0.0587980197069378,0
0.21173,10136809.814637387,0.001,0.0009996081570903806,2.849e-06,1.7439e-06,0.09757825,0.059728575,0
0.21173,3017070.8507272443,0.0018329807108324356,0.0018322624703374381,2.849e-06,1.7439e-06,0.09757825,0.059728575,0
0.21173,897986.3177996548,0.003359818286283781,0.003358501765310782,2.849e-06,1.7439e-06,0.09757825,0.059728575,0
0.21173,267272.28734729224,0.006158482110660267,0.006156068953111786,2.849e-06,1.7439e-06,0.09757825,0.059728575,0
0.21173,79549.62596681475,0.011288378916846888,0.011283955645610974,2.849e-06,1.7439e-06,0.09757825,0.059728575,0
0.21173,23676.76458221159,0.02069138081114789,0.020683273040309876,2.849e-06,1.7439e-06,0.09757825,0.059728575,0
0.21173,7047.037425777968,0.0379269019073225,0.03791204051986683,2.849e-06,1.7439e-06,0.09757825,0.059728575,0
0.21173,2097.4461803210665,0.06951927961775606,0.06949203898180334,2.849e-06,1.7439e-06,0.09757825,0.059728575,1
0.21173,624.2738669153899,0.12742749857031335,0.1273775670135365,2.849e-06,1.7439e-06,0.09757825,0.059728575,0
0.21173,185.80599890726225,0.23357214690901212,0.23348062334850697,2.849e-06,1.7439e-06,0.09757825,0.059728575,0
0.21173,55.302533634029686,0.42813323987193913,0.4279654790610628,2.849e-06,1.7439e-06,0.09757825,0.059728575,0
0.21173,16.46009710605506,0.7847599703514607,0.7844524685979823,2.849e-06,1.7439e-06,0.09757825,0.059728575,0
0.21173,4.899208441115072,1.438449888287663,1.4378862461710413,2.849e-06,1.7439e-06,0.09757825,0.059728575,0
0.21173,1.4559221157747306,2.636650898730358,2.6356174262478755,2.849e-06,1.7439e-06,0.09757825,0.059728575,0
0.21173,0.433312852141651,4.832930238571752,4.831035795770228,2.849e-06,1.7439e-06,0.09757825,0.059728575,0
0.21173,0.12896486988650008,8.858667904100823,8.855194849488795,2.849e-06,1.7439e-06,0.09757825,0.059728575,0
0.21173,0.03838666381852892,16.23776739188721,16.231399438083645,2.849e-06,1.7439e-06,0.09757825,0.059728575,0
0.21173,0.011423447879243376,29.763514416313193,29.751848063637905,2.849e-06,1.7439e-06,0.09757825,0.059728575,0
0.21173,0.0034003977139771217,54.555947811685144,54.53456560938832,2.849e-06,1.7439e-06,0.09757825,0.059728575,0
0.21173,0.0010122953902115361,100.0,99.96080803852989,2.849e-06,1.7439e-06,0.09757825,0.059728575,0
0.21678,9229570.451079695,0.001,0.0009997385228558869,2.3661e-06,1.7439e-06,0.081038925,0.059728575,0
0.21678,2747044.531948478,0.0018329807108324356,0.0018325014282709541,2.3661e-06,1.7439e-06,0.081038925,0.059728575,0
0.21678,817616.9954663177,0.003359818286283781,0.0033589397705935573,2.3661e-06,1.7439e-06,0.081038925,0.059728575,0
0.21678,243351.55249258835,0.006158482110660267,0.006156871808345985,2.3661e-06,1.7439e-06,0.081038925,0.059728575,0
0.21678,72429.97458421066,0.011288378916846888,0.011285427263766577,2.3661e-06,1.7439e-06,0.081038925,0.059728575,0
0.21678,21557.706101087362,0.02069138081114789,0.02068597048798892,2.3661e-06,1.7439e-06,0.081038925,0.059728575,0
0.21678,6416.331134077293,0.0379269019073225,0.037916984889346875,2.3661e-06,1.7439e-06,0.081038925,0.059728575,0
0.21678,1909.7258075821862,0.06951927961775606,0.06950110191518374,2.3661e-06,1.7439e-06,0.081038925,0.059728575,1
0.21678,568.4016728355431,0.12742749857031335,0.1273941791926487,2.3661e-06,1.7439e-06,0.081038925,0.059728575,0
0.21678,169.1764576844386,0.23357214690901212,0.23351107313550648,2.3661e-06,1.7439e-06,0.081038925,0.059728575,0
0.21678,50.35298657387907,0.42813323987193913,0.4280212928402452,2.3661e-06,1.7439e-06,0.081038925,0.059728575,0
0.21678,14.986928322848572,0.7847599703514607,0.784554773682335,2.3661e-06,1.7439e-06,0.081038925,0.059728575,0
0.21678,4.460733033342364,1.438449888287663,1.4380737668631487,2.3661e-06,1.7439e-06,0.081038925,0.059728575,0
0.21678,1.3256078658837964,2.636650898730358,2.635961450173695,2.3661e-06,1.7439e-06,0.081038925,0.059728575,0
0.21678,0.39452785028000176,4.832930238571752,4.831666426148426,2.3661e-06,1.7439e-06,0.081038925,0.059728575,0
0.21678,0.11742072382867308,8.858667904100823,8.856350965555006,2.3661e-06,1.7439e-06,0.081038925,0.059728575,0
0.21678,0.0349501030988859,16.23776739188721,16.23351909414448,2.3661e-06,1.7439e-06,0.081038925,0.059728575,0
0.21678,0.010400978610059345,29.763514416313193,29.755731838846852,2.3661e-06,1.7439e-06,0.081038925,0.059728575,0
0.21678,0.003096052333983752,54.555947811685144,54.54168355935968,2.3661e-06,1.7439e-06,0.081038925,0.059728575,0
0.21678,0.0009216926524603137,100.0,99.97385363747755,2.3661e-06,1.7439e-06,0.081038925,0.059728575,0
0.21931,8864243.366481734,0.001,0.000999800024125529,2.0044e-06,1.7439e-06,0.0686507,0.059728575,0
0.21931,2638310.3524507848,0.0018329807108324356,0.001832614158911895,2.0044e-06,1.7439e-06,0.0686507,0.059728575,0
0.21931,785253.8822693909,0.003359818286283781,0.003359146403683893,2.0044e-06,1.7439e-06,0.0686507,0.059728575,0
0.21931,233719.15262400312,0.006158482110660267,0.006157250562814615,2.0044e-06,1.7439e-06,0.0686507,0.059728575,0
0.21931,69563.0338540752,0.011288378916846888,0.011286121513400641,2.0044e-06,1.7439e-06,0.0686507,0.059728575,0
0.21931,20704.403777022315,0.02069138081114789,0.02068724303417009,2.0044e-06,1.7439e-06,0.0686507,0.059728575,0
0.21931,6162.358367415679,0.0379269019073225,0.03791931744191081,2.0044e-06,1.7439e-06,0.0686507,0.059728575,0
0.21931,1834.1345803454553,0.06951927961775606,0.06950537743880211,2.0044e-06,1.7439e-06,0.0686507,0.059728575,0
0.21931,545.9030611358172,0.12742749857031335,0.12740201614357052,2.0044e-06,1.7439e-06,0.0686507,0.059728575,0
0.21931,162.48007475972727,0.23357214690901212,0.23352543810739299,2.0044e-06,1.7439e-06,0.0686507,0.059728575,0
0.21931,48.35990292351719,0.42813323987193913,0.4280476235126087,2.0044e-06,1.7439e-06,0.0686507,0.059728575,0
0.21931,14.393712479054361,0.7847599703514607,0.7846030370620769,2.0044e-06,1.7439e-06,0.0686507,0.059728575,0
0.21931,4.284167516413767,1.438449888287663,1.4381622314986127,2.0044e-06,1.7439e-06,0.0686507,0.059728575,0
0.21931,1.2731350159117338,2.636650898730358,2.6361237470986745,2.0044e-06,1.7439e-06,0.0686507,0.059728575,0
0.21931,0.37891069027778507,4.832930238571752,4.831963932708326,2.0044e-06,1.7439e-06,0.0686507,0.059728575,0
0.21931,0.11277252085682733,8.858667904100823,8.856896375522995,2.0044e-06,1.7439e-06,0.0686507,0.059728575,0
0.21931,0.033566476434054214,16.23776739188721,16.23451906398648,2.0044e-06,1.7439e-06,0.0686507,0.059728575,0
0.21931,0.009989266696801861,29.763514416313193,29.757564051457834,2.0044e-06,1.7439e-06,0.0686507,0.059728575,0
0.21931,0.00297350089833972,54.555947811685144,54.54504152802824,2.0044e-06,1.7439e-06,0.0686507,0.059728575,0
0.21931,0.0008852093188751178,100.0,99.98000803527346,2.0044e-06,1.7439e-06,0.0686507,0.059728575,0
