# Belle II, 50/ab, without background
# mass [GeV] 	 cff 	 cWW
0.005	0.00010000000000000009	0.10000000000000002
0.05	0.00010000000000000009	0.10000000000000002
0.07	0.00010000000000000009	0.10000000000000002
0.1	0.00010000000000000009	0.10000000000000002
0.2	0.00010000000000000009	0.10000000000000002
0.25	0.00010000000000000009	0.10000000000000002
0.3	0.00010000000000000009	0.10000000000000002
0.5	0.00010000000000000009	0.10000000000000002
1.0	0.00010000000000000009	0.10000000000000002
2.0	0.0010000000000000002	1.000000000309729
