#m [GeV],  tau [ps], c, BRtheo(B+->K+mumu), BRexp, allowed/excluded(1/0)
2.000000e-01	2.938656e+05	1.000000e-01	0.000000e+00	-1.000000e+00	0.000000e+00
2.000000e-01	1.809767e+05	1.274275e-01	0.000000e+00	-1.000000e+00	0.000000e+00
2.000000e-01	1.114542e+05	1.623777e-01	0.000000e+00	-1.000000e+00	0.000000e+00
2.000000e-01	6.863902e+04	2.069138e-01	0.000000e+00	-1.000000e+00	0.000000e+00
2.000000e-01	4.227139e+04	2.636651e-01	0.000000e+00	-1.000000e+00	0.000000e+00
2.000000e-01	2.603299e+04	3.359818e-01	0.000000e+00	-1.000000e+00	0.000000e+00
2.000000e-01	1.603266e+04	4.281332e-01	0.000000e+00	-1.000000e+00	0.000000e+00
2.000000e-01	9.874039e+03	5.455595e-01	0.000000e+00	-1.000000e+00	0.000000e+00
2.000000e-01	6.081326e+03	6.951928e-01	0.000000e+00	-1.000000e+00	0.000000e+00
2.000000e-01	3.745639e+03	8.858668e-01	0.000000e+00	-1.000000e+00	0.000000e+00
2.000000e-01	2.307244e+03	1.128838e+00	0.000000e+00	-1.000000e+00	0.000000e+00
2.000000e-01	1.421177e+03	1.438450e+00	0.000000e+00	-1.000000e+00	0.000000e+00
2.000000e-01	8.746545e+02	1.832981e+00	0.000000e+00	-1.000000e+00	0.000000e+00
2.000000e-01	5.387892e+02	2.335721e+00	0.000000e+00	-1.000000e+00	0.000000e+00
2.000000e-01	3.318837e+02	2.976351e+00	0.000000e+00	-1.000000e+00	0.000000e+00
2.000000e-01	2.042894e+02	3.792690e+00	0.000000e+00	-1.000000e+00	0.000000e+00
2.000000e-01	1.256774e+02	4.832930e+00	0.000000e+00	-1.000000e+00	0.000000e+00
2.000000e-01	7.739208e+01	6.158482e+00	0.000000e+00	-1.000000e+00	0.000000e+00
2.000000e-01	4.767136e+01	7.847600e+00	0.000000e+00	-1.000000e+00	0.000000e+00
2.000000e-01	2.935267e+01	1.000000e+01	0.000000e+00	-1.000000e+00	0.000000e+00
2.135794e-01	2.403305e+05	1.000000e-01	1.000040e-11	-1.000000e+00	0.000000e+00
2.135794e-01	1.480072e+05	1.274275e-01	1.623869e-11	-1.000000e+00	0.000000e+00
2.135794e-01	9.115001e+04	1.623777e-01	2.636901e-11	-1.000000e+00	0.000000e+00
2.135794e-01	5.613466e+04	2.069138e-01	4.282113e-11	-1.000000e+00	0.000000e+00
2.135794e-01	3.457055e+04	2.636651e-01	6.954580e-11	-1.000000e+00	0.000000e+00
2.135794e-01	2.129037e+04	3.359818e-01	1.129764e-10	-1.000000e+00	0.000000e+00
2.135794e-01	1.311183e+04	4.281332e-01	1.836187e-10	-1.000000e+00	0.000000e+00
2.135794e-01	8.075143e+03	5.455595e-01	2.987124e-10	-1.000000e+00	0.000000e+00
2.135794e-01	4.973348e+03	6.951928e-01	4.867677e-10	-1.000000e+00	0.000000e+00
2.135794e-01	3.063148e+03	8.858668e-01	7.954872e-10	-1.000000e+00	0.000000e+00
2.135794e-01	1.886777e+03	1.128838e+00	1.305991e-09	-1.000000e+00	0.000000e+00
2.135794e-01	1.162151e+03	1.438450e+00	2.140477e-09	-1.000000e+00	0.000000e+00
2.135794e-01	7.151838e+02	1.832981e+00	3.568831e-09	-1.000000e+00	0.000000e+00
2.135794e-01	4.406173e+02	2.335721e+00	5.529878e-09	-1.000000e+00	0.000000e+00
2.135794e-01	2.714029e+02	2.976351e+00	9.070367e-09	-1.000000e+00	0.000000e+00
2.135794e-01	1.670746e+02	3.792690e+00	1.433750e-08	-1.000000e+00	0.000000e+00
2.135794e-01	1.027818e+02	4.832930e+00	2.341284e-08	-1.000000e+00	0.000000e+00
2.135794e-01	6.329373e+01	6.158482e+00	3.786337e-08	-1.000000e+00	0.000000e+00
2.135794e-01	3.898568e+01	7.847600e+00	6.230516e-08	-1.000000e+00	0.000000e+00
2.135794e-01	2.400538e+01	1.000000e+01	1.000987e-07	-1.000000e+00	0.000000e+00
2.280808e-01	1.964695e+05	1.000000e-01	2.263215e-11	9.536131e-05	1.000000e+00
2.280808e-01	1.209954e+05	1.274275e-01	3.675016e-11	5.882131e-05	1.000000e+00
2.280808e-01	7.451487e+04	1.623777e-01	5.967632e-11	3.631835e-05	1.000000e+00
2.280808e-01	4.588991e+04	2.069138e-01	9.690948e-11	2.246015e-05	1.000000e+00
2.280808e-01	2.826129e+04	2.636651e-01	1.573906e-10	1.392596e-05	1.000000e+00
2.280808e-01	1.740477e+04	3.359818e-01	2.556789e-10	8.670756e-06	1.000000e+00
2.280808e-01	1.071882e+04	4.281332e-01	4.155493e-10	5.435259e-06	1.000000e+00
2.280808e-01	6.601321e+03	5.455595e-01	6.760143e-10	3.444153e-06	1.000000e+00
2.280808e-01	4.065593e+03	6.951928e-01	1.101587e-09	2.220306e-06	1.000000e+00
2.280808e-01	2.503991e+03	8.858668e-01	1.800197e-09	1.470426e-06	1.000000e+00
2.280808e-01	1.542297e+03	1.128838e+00	2.955353e-09	1.014738e-06	1.000000e+00
2.280808e-01	9.499370e+02	1.438450e+00	4.843562e-09	7.277035e-07	1.000000e+00
2.280808e-01	5.845357e+02	1.832981e+00	8.074977e-09	4.493009e-07	1.000000e+00
2.280808e-01	3.601863e+02	2.335721e+00	1.251420e-08	2.784366e-07	1.000000e+00
2.280808e-01	2.218521e+02	2.976351e+00	2.052560e-08	1.729911e-07	1.000000e+00
2.280808e-01	1.365846e+02	3.792690e+00	3.244791e-08	1.079547e-07	1.000000e+00
2.280808e-01	8.402355e+01	4.832930e+00	5.298598e-08	6.791994e-08	1.000000e+00
2.280808e-01	5.174302e+01	6.158482e+00	8.569044e-08	4.321736e-08	0.000000e+00
2.280808e-01	3.186961e+01	7.847600e+00	1.409995e-07	2.787217e-08	0.000000e+00
2.280808e-01	1.962438e+01	1.000000e+01	2.265363e-07	1.848263e-08	0.000000e+00
2.435668e-01	1.611452e+05	1.000000e-01	2.620035e-11	1.768466e-05	1.000000e+00
2.435668e-01	9.924098e+04	1.274275e-01	4.254422e-11	1.091214e-05	1.000000e+00
2.435668e-01	6.111741e+04	1.623777e-01	6.908492e-11	6.741332e-06	1.000000e+00
2.435668e-01	3.763909e+04	2.069138e-01	1.121883e-10	4.172806e-06	1.000000e+00
2.435668e-01	2.318003e+04	2.636651e-01	1.822048e-10	2.591080e-06	1.000000e+00
2.435668e-01	1.427545e+04	3.359818e-01	2.959891e-10	1.617130e-06	1.000000e+00
2.435668e-01	8.791608e+03	4.281332e-01	4.810643e-10	1.017575e-06	1.000000e+00
2.435668e-01	5.414413e+03	5.455595e-01	7.825924e-10	6.487425e-07	1.000000e+00
2.435668e-01	3.334594e+03	6.951928e-01	1.275255e-09	4.222493e-07	1.000000e+00
2.435668e-01	2.053757e+03	8.858668e-01	2.083990e-09	2.838126e-07	1.000000e+00
2.435668e-01	1.264968e+03	1.128838e+00	3.421213e-09	2.002276e-07	1.000000e+00
2.435668e-01	7.791163e+02	1.438450e+00	5.607013e-09	1.349877e-07	1.000000e+00
2.435668e-01	4.794111e+02	1.832981e+00	9.347546e-09	8.331845e-08	1.000000e+00
2.435668e-01	2.954226e+02	2.335721e+00	1.448702e-08	5.161790e-08	1.000000e+00
2.435668e-01	1.819598e+02	2.976351e+00	2.376114e-08	3.208046e-08	1.000000e+00
2.435668e-01	1.120276e+02	3.792690e+00	3.756379e-08	2.004096e-08	0.000000e+00
2.435668e-01	6.891643e+01	4.832930e+00	6.133975e-08	1.261675e-08	0.000000e+00
2.435668e-01	4.243998e+01	6.158482e+00	9.920076e-08	8.058789e-09	0.000000e+00
2.435668e-01	2.613936e+01	7.847600e+00	1.632282e-07	5.229619e-09	0.000000e+00
2.435668e-01	1.609602e+01	1.000000e+01	2.622523e-07	3.457298e-09	0.000000e+00
2.601043e-01	1.323066e+05	1.000000e-01	2.693926e-11	2.452536e-05	1.000000e+00
2.601043e-01	8.148078e+04	1.274275e-01	4.374406e-11	1.513949e-05	1.000000e+00
2.601043e-01	5.017982e+04	1.623777e-01	7.103328e-11	9.359294e-06	1.000000e+00
2.601043e-01	3.090319e+04	2.069138e-01	1.153522e-10	5.799691e-06	1.000000e+00
2.601043e-01	1.903172e+04	2.636651e-01	1.873434e-10	3.607710e-06	1.000000e+00
2.601043e-01	1.172071e+04	3.359818e-01	3.043367e-10	2.258098e-06	1.000000e+00
2.601043e-01	7.218257e+03	4.281332e-01	4.946313e-10	1.427453e-06	1.000000e+00
2.601043e-01	4.445445e+03	5.455595e-01	8.046629e-10	9.167289e-07	1.000000e+00
2.601043e-01	2.737831e+03	6.951928e-01	1.311219e-09	6.035351e-07	1.000000e+00
2.601043e-01	1.686213e+03	8.858668e-01	2.142759e-09	4.127989e-07	1.000000e+00
2.601043e-01	1.038585e+03	1.128838e+00	3.517686e-09	2.987221e-07	1.000000e+00
2.601043e-01	6.396820e+02	1.438450e+00	5.765114e-09	1.873901e-07	1.000000e+00
2.601043e-01	3.936120e+02	1.832981e+00	9.611083e-09	1.156442e-07	1.000000e+00
2.601043e-01	2.425532e+02	2.335721e+00	1.489555e-08	7.171725e-08	1.000000e+00
2.601043e-01	1.493957e+02	2.976351e+00	2.443117e-08	4.470402e-08	1.000000e+00
2.601043e-01	9.197917e+01	3.792690e+00	3.862320e-08	2.796384e-08	0.000000e+00
2.601043e-01	5.658312e+01	4.832930e+00	6.306967e-08	1.764326e-08	0.000000e+00
2.601043e-01	3.484492e+01	6.158482e+00	1.019985e-07	1.139852e-08	0.000000e+00
2.601043e-01	2.146142e+01	7.847600e+00	1.678313e-07	7.430051e-09	0.000000e+00
2.601043e-01	1.321547e+01	1.000000e+01	2.696485e-07	4.918160e-09	0.000000e+00
2.777646e-01	1.086813e+05	1.000000e-01	2.630948e-11	9.721446e-06	1.000000e+00
2.777646e-01	6.693121e+04	1.274275e-01	4.272142e-11	6.004108e-06	1.000000e+00
2.777646e-01	4.121949e+04	1.623777e-01	6.937267e-11	3.714835e-06	1.000000e+00
2.777646e-01	2.538498e+04	2.069138e-01	1.126556e-10	2.305061e-06	1.000000e+00
2.777646e-01	1.563333e+04	2.636651e-01	1.829637e-10	1.436968e-06	1.000000e+00
2.777646e-01	9.627811e+03	3.359818e-01	2.972220e-10	9.025391e-07	1.000000e+00
2.777646e-01	5.929335e+03	4.281332e-01	4.830681e-10	5.737114e-07	1.000000e+00
2.777646e-01	3.651650e+03	5.455595e-01	7.858522e-10	3.716875e-07	1.000000e+00
2.777646e-01	2.248955e+03	6.951928e-01	1.280567e-09	2.480523e-07	1.000000e+00
2.777646e-01	1.385120e+03	8.858668e-01	2.092673e-09	1.731598e-07	1.000000e+00
2.777646e-01	8.531355e+02	1.128838e+00	3.435471e-09	1.203291e-07	1.000000e+00
2.777646e-01	5.254619e+02	1.438450e+00	5.630384e-09	7.433575e-08	1.000000e+00
2.777646e-01	3.233315e+02	1.832981e+00	9.386530e-09	4.595824e-08	1.000000e+00
2.777646e-01	1.992424e+02	2.335721e+00	1.454737e-08	2.858107e-08	1.000000e+00
2.777646e-01	1.227196e+02	2.976351e+00	2.386016e-08	1.786926e-08	0.000000e+00
2.777646e-01	7.555490e+01	3.792690e+00	3.772024e-08	1.122424e-08	0.000000e+00
2.777646e-01	4.647940e+01	4.832930e+00	6.159525e-08	7.125583e-09	0.000000e+00
2.777646e-01	2.862284e+01	6.158482e+00	9.961394e-08	4.613714e-09	0.000000e+00
2.777646e-01	1.762922e+01	7.847600e+00	1.639082e-07	3.060511e-09	0.000000e+00
2.777646e-01	1.085566e+01	1.000000e+01	2.633447e-07	2.137916e-09	0.000000e+00
2.966240e-01	8.929638e+04	1.000000e-01	2.496617e-11	7.518802e-06	1.000000e+00
2.966240e-01	5.499303e+04	1.274275e-01	4.054016e-11	4.646603e-06	1.000000e+00
2.966240e-01	3.386738e+04	1.623777e-01	6.583066e-11	2.877814e-06	1.000000e+00
2.966240e-01	2.085719e+04	2.069138e-01	1.069036e-10	1.788589e-06	1.000000e+00
2.966240e-01	1.284490e+04	2.636651e-01	1.736220e-10	1.117922e-06	1.000000e+00
2.966240e-01	7.910550e+03	3.359818e-01	2.820466e-10	7.051040e-07	1.000000e+00
2.966240e-01	4.871753e+03	4.281332e-01	4.584040e-10	4.512125e-07	1.000000e+00
2.966240e-01	3.000328e+03	5.455595e-01	7.457295e-10	2.954066e-07	1.000000e+00
2.966240e-01	1.847826e+03	6.951928e-01	1.215188e-09	2.003432e-07	1.000000e+00
2.966240e-01	1.138070e+03	8.858668e-01	1.985837e-09	1.432105e-07	1.000000e+00
2.966240e-01	7.009736e+02	1.128838e+00	3.260099e-09	9.302561e-08	1.000000e+00
2.966240e-01	4.317444e+02	1.438450e+00	5.342990e-09	5.755161e-08	1.000000e+00
2.966240e-01	2.656674e+02	1.832981e+00	8.907507e-09	3.566208e-08	1.000000e+00
2.966240e-01	1.637055e+02	2.335721e+00	1.380470e-08	2.221564e-08	1.000000e+00
2.966240e-01	1.008318e+02	2.976351e+00	2.264214e-08	1.394104e-08	0.000000e+00
2.966240e-01	6.207847e+01	3.792690e+00	3.579428e-08	8.840035e-09	0.000000e+00
2.966240e-01	3.818912e+01	4.832930e+00	5.845036e-08	5.648533e-09	0.000000e+00
2.966240e-01	2.351750e+01	6.158482e+00	9.452775e-08	3.711816e-09	0.000000e+00
2.966240e-01	1.448484e+01	7.847600e+00	1.555401e-07	2.556601e-09	0.000000e+00
2.966240e-01	8.919386e+00	1.000000e+01	2.498988e-07	1.832990e-09	0.000000e+00
3.167639e-01	7.337745e+04	1.000000e-01	2.326238e-11	7.013595e-06	1.000000e+00
3.167639e-01	4.518938e+04	1.274275e-01	3.777353e-11	4.337654e-06	1.000000e+00
3.167639e-01	2.782982e+04	1.623777e-01	6.133811e-11	2.689749e-06	1.000000e+00
3.167639e-01	1.713896e+04	2.069138e-01	9.960809e-11	1.675000e-06	1.000000e+00
3.167639e-01	1.055503e+04	2.636651e-01	1.617734e-10	1.050248e-06	1.000000e+00
3.167639e-01	6.500333e+03	3.359818e-01	2.627987e-10	6.657867e-07	1.000000e+00
3.167639e-01	4.003266e+03	4.281332e-01	4.271211e-10	4.294875e-07	1.000000e+00
3.167639e-01	2.465463e+03	5.455595e-01	6.948392e-10	2.847235e-07	1.000000e+00
3.167639e-01	1.518419e+03	6.951928e-01	1.132263e-09	1.967896e-07	1.000000e+00
3.167639e-01	9.351920e+02	8.858668e-01	1.850329e-09	1.405660e-07	1.000000e+00
3.167639e-01	5.760183e+02	1.128838e+00	3.037657e-09	8.684900e-08	1.000000e+00
3.167639e-01	3.547836e+02	1.438450e+00	4.978454e-09	5.370852e-08	1.000000e+00
3.167639e-01	2.183137e+02	1.832981e+00	8.299887e-09	3.337094e-08	1.000000e+00
3.167639e-01	1.345226e+02	2.335721e+00	1.286270e-08	2.091755e-08	1.000000e+00
3.167639e-01	8.285751e+01	2.976351e+00	2.109722e-08	1.313259e-08	0.000000e+00
3.167639e-01	5.101161e+01	3.792690e+00	3.335147e-08	8.370214e-09	0.000000e+00
3.167639e-01	3.138114e+01	4.832930e+00	5.446150e-08	5.504124e-09	0.000000e+00
3.167639e-01	1.932499e+01	6.158482e+00	8.807665e-08	3.681156e-09	0.000000e+00
3.167639e-01	1.190268e+01	7.847600e+00	1.449261e-07	2.558223e-09	0.000000e+00
3.167639e-01	7.329319e+00	1.000000e+01	2.328446e-07	1.939767e-09	0.000000e+00
3.382713e-01	6.029887e+04	1.000000e-01	2.140405e-11	5.829267e-06	1.000000e+00
3.382713e-01	3.713496e+04	1.274275e-01	3.475597e-11	3.608493e-06	1.000000e+00
3.382713e-01	2.286951e+04	1.623777e-01	5.643807e-11	2.240918e-06	1.000000e+00
3.382713e-01	1.408417e+04	2.069138e-01	9.165083e-11	1.398835e-06	1.000000e+00
3.382713e-01	8.673734e+03	2.636651e-01	1.488500e-10	8.804591e-07	1.000000e+00
3.382713e-01	5.341736e+03	3.359818e-01	2.418049e-10	5.615753e-07	1.000000e+00
3.382713e-01	3.289739e+03	4.281332e-01	3.930006e-10	3.657688e-07	1.000000e+00
3.382713e-01	2.026030e+03	5.455595e-01	6.393329e-10	2.461125e-07	1.000000e+00
3.382713e-01	1.247786e+03	6.951928e-01	1.041816e-09	1.739057e-07	1.000000e+00
3.382713e-01	7.685122e+02	8.858668e-01	1.702528e-09	1.168575e-07	1.000000e+00
3.382713e-01	4.733573e+02	1.128838e+00	2.795032e-09	7.217613e-08	1.000000e+00
3.382713e-01	2.915538e+02	1.438450e+00	4.580838e-09	4.472157e-08	1.000000e+00
3.382713e-01	1.794083e+02	1.832981e+00	7.637107e-09	2.788307e-08	1.000000e+00
3.382713e-01	1.105465e+02	2.335721e+00	1.183524e-08	1.749892e-08	1.000000e+00
3.382713e-01	6.809017e+01	2.976351e+00	1.941212e-08	1.101063e-08	0.000000e+00
3.382713e-01	4.191937e+01	3.792690e+00	3.068711e-08	7.141627e-09	0.000000e+00
3.382713e-01	2.578787e+01	4.832930e+00	5.011083e-08	4.736904e-09	0.000000e+00
3.382713e-01	1.588053e+01	6.158482e+00	8.104045e-08	3.146272e-09	0.000000e+00
3.382713e-01	9.781237e+00	7.847600e+00	1.333493e-07	2.270430e-09	0.000000e+00
3.382713e-01	6.022961e+00	1.000000e+01	2.142436e-07	1.789906e-09	0.000000e+00
3.612389e-01	4.955124e+04	1.000000e-01	1.951539e-11	4.399611e-06	1.000000e+00
3.612389e-01	3.051605e+04	1.274275e-01	3.168916e-11	2.726526e-06	1.000000e+00
3.612389e-01	1.879327e+04	1.623777e-01	5.145808e-11	1.696252e-06	1.000000e+00
3.612389e-01	1.157382e+04	2.069138e-01	8.356373e-11	1.061911e-06	1.000000e+00
3.612389e-01	7.127735e+03	2.636651e-01	1.357158e-10	6.714990e-07	1.000000e+00
3.612389e-01	4.389630e+03	3.359818e-01	2.204686e-10	4.314618e-07	1.000000e+00
3.612389e-01	2.703381e+03	4.281332e-01	3.583233e-10	2.842780e-07	1.000000e+00
3.612389e-01	1.664915e+03	5.455595e-01	5.829205e-10	1.946677e-07	1.000000e+00
3.612389e-01	1.025385e+03	6.951928e-01	9.498920e-10	1.411130e-07	1.000000e+00
3.612389e-01	6.315381e+02	8.858668e-01	1.552312e-09	8.813082e-08	1.000000e+00
3.612389e-01	3.889920e+02	1.128838e+00	2.548440e-09	5.450187e-08	1.000000e+00
3.612389e-01	2.395923e+02	1.438450e+00	4.176717e-09	3.386394e-08	1.000000e+00
3.612389e-01	1.474357e+02	1.832981e+00	6.963463e-09	2.117961e-08	1.000000e+00
3.612389e-01	9.084347e+01	2.335721e+00	1.079101e-08	1.333361e-08	1.000000e+00
3.612389e-01	5.595459e+01	2.976351e+00	1.769947e-08	8.502829e-09	0.000000e+00
3.612389e-01	3.444763e+01	3.792690e+00	2.797928e-08	5.580659e-09	0.000000e+00
3.612389e-01	2.119147e+01	4.832930e+00	4.568917e-08	3.684523e-09	0.000000e+00
3.612389e-01	1.304998e+01	6.158482e+00	7.388946e-08	2.497002e-09	0.000000e+00
3.612389e-01	8.037880e+00	7.847600e+00	1.215835e-07	1.945808e-09	0.000000e+00
3.612389e-01	4.949431e+00	1.000000e+01	1.953391e-07	1.479529e-09	0.000000e+00
3.857659e-01	4.071809e+04	1.000000e-01	1.767162e-11	3.267832e-06	1.000000e+00
3.857659e-01	2.507617e+04	1.274275e-01	2.869524e-11	2.027880e-06	1.000000e+00
3.857659e-01	1.544313e+04	1.623777e-01	4.659644e-11	1.264360e-06	1.000000e+00
3.857659e-01	9.510635e+03	2.069138e-01	7.566883e-11	7.943132e-07	1.000000e+00
3.857659e-01	5.857125e+03	2.636651e-01	1.228937e-10	5.051048e-07	1.000000e+00
3.857659e-01	3.607124e+03	3.359818e-01	1.996393e-10	3.274319e-07	1.000000e+00
3.857659e-01	2.221471e+03	4.281332e-01	3.244700e-10	2.187155e-07	1.000000e+00
3.857659e-01	1.368125e+03	5.455595e-01	5.278486e-10	1.528868e-07	1.000000e+00
3.857659e-01	8.426007e+02	6.951928e-01	8.601519e-10	1.058125e-07	1.000000e+00
3.857659e-01	5.189623e+02	8.858668e-01	1.405664e-09	6.544623e-08	1.000000e+00
3.857659e-01	3.196537e+02	1.128838e+00	2.307702e-09	4.057449e-08	1.000000e+00
3.857659e-01	1.968857e+02	1.438450e+00	3.782184e-09	2.525926e-08	1.000000e+00
3.857659e-01	1.211575e+02	1.832981e+00	6.305782e-09	1.581723e-08	1.000000e+00
3.857659e-01	7.465000e+01	2.335721e+00	9.771568e-09	1.002182e-08	1.000000e+00
3.857659e-01	4.598058e+01	2.976351e+00	1.602748e-08	6.444988e-09	0.000000e+00
3.857659e-01	2.830684e+01	3.792690e+00	2.533582e-08	4.211769e-09	0.000000e+00
3.857659e-01	1.741383e+01	4.832930e+00	4.137258e-08	2.793126e-09	0.000000e+00
3.857659e-01	1.072363e+01	6.158482e+00	6.690844e-08	1.995620e-09	0.000000e+00
3.857659e-01	6.605059e+00	7.847600e+00	1.100971e-07	1.573756e-09	0.000000e+00
3.857659e-01	4.067129e+00	1.000000e+01	1.768838e-07	1.164638e-09	0.000000e+00
4.119583e-01	3.345812e+04	1.000000e-01	1.591723e-11	2.705300e-06	1.000000e+00
4.119583e-01	2.060513e+04	1.274275e-01	2.584645e-11	1.681555e-06	1.000000e+00
4.119583e-01	1.268964e+04	1.623777e-01	4.197045e-11	1.051209e-06	1.000000e+00
4.119583e-01	7.814903e+03	2.069138e-01	6.815661e-11	6.632139e-07	1.000000e+00
4.119583e-01	4.812810e+03	2.636651e-01	1.106931e-10	4.245964e-07	1.000000e+00
4.119583e-01	2.963980e+03	3.359818e-01	1.798197e-10	2.781759e-07	1.000000e+00
4.119583e-01	1.825387e+03	4.281332e-01	2.922577e-10	1.888588e-07	1.000000e+00
4.119583e-01	1.124193e+03	5.455595e-01	4.754459e-10	1.352116e-07	1.000000e+00
4.119583e-01	6.923689e+02	6.951928e-01	7.747609e-10	8.751059e-08	1.000000e+00
4.119583e-01	4.264352e+02	8.858668e-01	1.266122e-09	5.417922e-08	1.000000e+00
4.119583e-01	2.626634e+02	1.128838e+00	2.078626e-09	3.367351e-08	1.000000e+00
4.119583e-01	1.617842e+02	1.438450e+00	3.406760e-09	2.105920e-08	1.000000e+00
4.119583e-01	9.955843e+01	1.832981e+00	5.679938e-09	1.325086e-08	1.000000e+00
4.119583e-01	6.134045e+01	2.335721e+00	8.801531e-09	8.447660e-09	0.000000e+00
4.119583e-01	3.778279e+01	2.976351e+00	1.443649e-08	5.534146e-09	0.000000e+00
4.119583e-01	2.325973e+01	3.792690e+00	2.282050e-08	3.688666e-09	0.000000e+00
4.119583e-01	1.430897e+01	4.832930e+00	3.726523e-08	2.509042e-09	0.000000e+00
4.119583e-01	8.811610e+00	6.158482e+00	6.026583e-08	1.899393e-09	0.000000e+00
4.119583e-01	5.427414e+00	7.847600e+00	9.916745e-08	1.474023e-09	0.000000e+00
4.119583e-01	3.341965e+00	1.000000e+01	1.593232e-07	1.123792e-09	0.000000e+00
4.399291e-01	2.749118e+04	1.000000e-01	1.427692e-11	1.985772e-06	1.000000e+00
4.399291e-01	1.693040e+04	1.274275e-01	2.318291e-11	1.236776e-06	1.000000e+00
4.399291e-01	1.042656e+04	1.623777e-01	3.764531e-11	7.756438e-07	1.000000e+00
4.399291e-01	6.421191e+03	2.069138e-01	6.113292e-11	4.918756e-07	1.000000e+00
4.399291e-01	3.954492e+03	2.636651e-01	9.928596e-11	3.174731e-07	1.000000e+00
4.399291e-01	2.435384e+03	3.359818e-01	1.612889e-10	2.106422e-07	1.000000e+00
4.399291e-01	1.499848e+03	4.281332e-01	2.621401e-10	1.457718e-07	1.000000e+00
4.399291e-01	9.237056e+02	5.455595e-01	4.264509e-10	1.037243e-07	1.000000e+00
4.399291e-01	5.688936e+02	6.951928e-01	6.949226e-10	6.416969e-08	1.000000e+00
4.399291e-01	3.503870e+02	8.858668e-01	1.135653e-09	3.977841e-08	1.000000e+00
4.399291e-01	2.158226e+02	1.128838e+00	1.864442e-09	2.475073e-08	1.000000e+00
4.399291e-01	1.329338e+02	1.438450e+00	3.055738e-09	1.550316e-08	1.000000e+00
4.399291e-01	8.180555e+01	1.832981e+00	5.094758e-09	9.836481e-09	1.000000e+00
4.399291e-01	5.040130e+01	2.335721e+00	7.894565e-09	6.341812e-09	0.000000e+00
4.399291e-01	3.104496e+01	2.976351e+00	1.294893e-08	4.159510e-09	0.000000e+00
4.399291e-01	1.911155e+01	3.792690e+00	2.046876e-08	2.817006e-09	0.000000e+00
4.399291e-01	1.175711e+01	4.832930e+00	3.342498e-08	2.012707e-09	0.000000e+00
4.399291e-01	7.240133e+00	6.158482e+00	5.405522e-08	1.549484e-09	0.000000e+00
4.399291e-01	4.459508e+00	7.847600e+00	8.894845e-08	1.241633e-09	0.000000e+00
4.399291e-01	2.745957e+00	1.000000e+01	1.429045e-07	1.147394e-09	0.000000e+00
4.697989e-01	2.258718e+04	1.000000e-01	1.276258e-11	1.466192e-06	1.000000e+00
4.697989e-01	1.391028e+04	1.274275e-01	2.072392e-11	9.153841e-07	1.000000e+00
4.697989e-01	8.566625e+03	1.623777e-01	3.365229e-11	5.763175e-07	1.000000e+00
4.697989e-01	5.275749e+03	2.069138e-01	5.464860e-11	3.677428e-07	1.000000e+00
4.697989e-01	3.249071e+03	2.636651e-01	8.875477e-11	2.396793e-07	1.000000e+00
4.697989e-01	2.000949e+03	3.359818e-01	1.441812e-10	1.614353e-07	1.000000e+00
4.697989e-01	1.232299e+03	4.281332e-01	2.343352e-10	1.142427e-07	1.000000e+00
4.697989e-01	7.589318e+02	5.455595e-01	3.812182e-10	7.648390e-08	1.000000e+00
4.697989e-01	4.674132e+02	6.951928e-01	6.212146e-10	4.731889e-08	1.000000e+00
4.697989e-01	2.878851e+02	8.858668e-01	1.015201e-09	2.936067e-08	1.000000e+00
4.697989e-01	1.773251e+02	1.128838e+00	1.666701e-09	1.833363e-08	1.000000e+00
4.697989e-01	1.092222e+02	1.438450e+00	2.731661e-09	1.153219e-08	1.000000e+00
4.697989e-01	6.721451e+01	1.832981e+00	4.554484e-09	7.326521e-09	1.000000e+00
4.697989e-01	4.141072e+01	2.335721e+00	7.057236e-09	4.819335e-09	0.000000e+00
4.697989e-01	2.550729e+01	2.976351e+00	1.157557e-08	3.231102e-09	0.000000e+00
4.697989e-01	1.570232e+01	3.792690e+00	1.829763e-08	2.165140e-09	0.000000e+00
4.697989e-01	9.659826e+00	4.832930e+00	2.987962e-08	1.655012e-09	0.000000e+00
4.697989e-01	5.948596e+00	6.158482e+00	4.832155e-08	1.360884e-09	0.000000e+00
4.697989e-01	3.664016e+00	7.847600e+00	7.951408e-08	9.620865e-10	0.000000e+00
4.697989e-01	2.256120e+00	1.000000e+01	1.277467e-07	9.427858e-10	0.000000e+00
5.016969e-01	1.855696e+04	1.000000e-01	1.137770e-11	1.180060e-06	1.000000e+00
5.016969e-01	1.142828e+04	1.274275e-01	1.847515e-11	7.389096e-07	1.000000e+00
5.016969e-01	7.038089e+03	1.623777e-01	3.000065e-11	4.674023e-07	1.000000e+00
5.016969e-01	4.334401e+03	2.069138e-01	4.871863e-11	3.004783e-07	1.000000e+00
5.016969e-01	2.669342e+03	2.636651e-01	7.912393e-11	1.981365e-07	1.000000e+00
5.016969e-01	1.643922e+03	3.359818e-01	1.285360e-10	1.358454e-07	1.000000e+00
5.016969e-01	1.012422e+03	4.281332e-01	2.089075e-10	9.864607e-08	1.000000e+00
5.016969e-01	6.235172e+02	5.455595e-01	3.398524e-10	6.139231e-08	1.000000e+00
5.016969e-01	3.840142e+02	6.951928e-01	5.538077e-10	3.797691e-08	1.000000e+00
5.016969e-01	2.365193e+02	8.858668e-01	9.050462e-10	2.363063e-08	1.000000e+00
5.016969e-01	1.456866e+02	1.128838e+00	1.485861e-09	1.484913e-08	1.000000e+00
5.016969e-01	8.973505e+01	1.438450e+00	2.435281e-09	9.420947e-09	1.000000e+00
5.016969e-01	5.522284e+01	1.832981e+00	4.060373e-09	6.058912e-09	1.000000e+00
5.016969e-01	3.402203e+01	2.335721e+00	6.291484e-09	3.992027e-09	0.000000e+00
5.016969e-01	2.095625e+01	2.976351e+00	1.031960e-08	2.673539e-09	0.000000e+00
5.016969e-01	1.290055e+01	3.792690e+00	1.631211e-08	1.872034e-09	0.000000e+00
5.016969e-01	7.936234e+00	4.832930e+00	2.663737e-08	1.505247e-09	0.000000e+00
5.016969e-01	4.887186e+00	6.158482e+00	4.307809e-08	1.194246e-09	0.000000e+00
5.016969e-01	3.010260e+00	7.847600e+00	7.088622e-08	9.839898e-10	0.000000e+00
5.016969e-01	1.853561e+00	1.000000e+01	1.138847e-07	1.087315e-09	0.000000e+00
5.357607e-01	1.524506e+04	1.000000e-01	1.012042e-11	9.429535e-07	1.000000e+00
5.357607e-01	9.388646e+03	1.274275e-01	1.643357e-11	5.925454e-07	1.000000e+00
5.357607e-01	5.781985e+03	1.623777e-01	2.668546e-11	3.769528e-07	1.000000e+00
5.357607e-01	3.560831e+03	2.069138e-01	4.333504e-11	2.445133e-07	1.000000e+00
5.357607e-01	2.192939e+03	2.636651e-01	7.038043e-11	1.634882e-07	1.000000e+00
5.357607e-01	1.350528e+03	3.359818e-01	1.143323e-10	1.144483e-07	1.000000e+00
5.357607e-01	8.317331e+02	4.281332e-01	1.858225e-10	7.888546e-08	1.000000e+00
5.357607e-01	5.122373e+02	5.455595e-01	3.022978e-10	4.881650e-08	1.000000e+00
5.357607e-01	3.154791e+02	6.951928e-01	4.926111e-10	3.031650e-08	1.000000e+00
5.357607e-01	1.943082e+02	8.858668e-01	8.050392e-10	1.894161e-08	1.000000e+00
5.357607e-01	1.196867e+02	1.128838e+00	1.321680e-09	1.193421e-08	1.000000e+00
5.357607e-01	7.372078e+01	1.438450e+00	2.166201e-09	7.598150e-09	1.000000e+00
5.357607e-01	4.536811e+01	1.832981e+00	3.611767e-09	4.930797e-09	1.000000e+00
5.357607e-01	2.795018e+01	2.335721e+00	5.596278e-09	3.283323e-09	0.000000e+00
5.357607e-01	1.721629e+01	2.976351e+00	9.179326e-09	2.239909e-09	0.000000e+00
5.357607e-01	1.059815e+01	3.792690e+00	1.450954e-08	1.656981e-09	0.000000e+00
5.357607e-01	6.519838e+00	4.832930e+00	2.369384e-08	1.348025e-09	0.000000e+00
5.357607e-01	4.014954e+00	6.158482e+00	3.831775e-08	1.049705e-09	0.000000e+00
5.357607e-01	2.473021e+00	7.847600e+00	6.305324e-08	9.775142e-10	0.000000e+00
5.357607e-01	1.522752e+00	1.000000e+01	1.013000e-07	1.102837e-09	0.000000e+00
5.721372e-01	1.252362e+04	1.000000e-01	8.985512e-12	7.374107e-07	1.000000e+00
5.721372e-01	7.712650e+03	1.274275e-01	1.459071e-11	4.653826e-07	1.000000e+00
5.721372e-01	4.749825e+03	1.623777e-01	2.369295e-11	2.980909e-07	1.000000e+00
5.721372e-01	2.925176e+03	2.069138e-01	3.847544e-11	1.954471e-07	1.000000e+00
5.721372e-01	1.801471e+03	2.636651e-01	6.248797e-11	1.328497e-07	1.000000e+00
5.721372e-01	1.109441e+03	3.359818e-01	1.015111e-10	9.527603e-08	1.000000e+00
5.721372e-01	6.832583e+02	4.281332e-01	1.649844e-10	6.148839e-08	1.000000e+00
5.721372e-01	4.207968e+02	5.455595e-01	2.683984e-10	3.800591e-08	1.000000e+00
5.721372e-01	2.591626e+02	6.951928e-01	4.373707e-10	2.361839e-08	1.000000e+00
5.721372e-01	1.596224e+02	8.858668e-01	7.147653e-10	1.482968e-08	1.000000e+00
5.721372e-01	9.832192e+01	1.128838e+00	1.173476e-09	9.369070e-09	1.000000e+00
5.721372e-01	6.056137e+01	1.438450e+00	1.923305e-09	5.978312e-09	1.000000e+00
5.721372e-01	3.727006e+01	1.832981e+00	3.206807e-09	3.959365e-09	1.000000e+00
5.721372e-01	2.296081e+01	2.335721e+00	4.968732e-09	2.692888e-09	0.000000e+00
5.721372e-01	1.414307e+01	2.976351e+00	8.150021e-09	1.886723e-09	0.000000e+00
5.721372e-01	8.706230e+00	3.792690e+00	1.288243e-08	1.505027e-09	0.000000e+00
5.721372e-01	5.355964e+00	4.832930e+00	2.103682e-08	1.200730e-09	0.000000e+00
5.721372e-01	3.298229e+00	6.158482e+00	3.402075e-08	9.116704e-10	0.000000e+00
5.721372e-01	2.031561e+00	7.847600e+00	5.598262e-08	9.876834e-10	0.000000e+00
5.721372e-01	1.250920e+00	1.000000e+01	8.994019e-08	1.132106e-09	0.000000e+00
6.109837e-01	1.028751e+04	1.000000e-01	7.965772e-12	6.185957e-07	1.000000e+00
6.109837e-01	6.335548e+03	1.274275e-01	1.293485e-11	3.924348e-07	1.000000e+00
6.109837e-01	3.901739e+03	1.623777e-01	2.100411e-11	2.534450e-07	1.000000e+00
6.109837e-01	2.402883e+03	2.069138e-01	3.410897e-11	1.683186e-07	1.000000e+00
6.109837e-01	1.479817e+03	2.636651e-01	5.539639e-11	1.166473e-07	1.000000e+00
6.109837e-01	9.113496e+02	3.359818e-01	8.999088e-11	8.268274e-08	1.000000e+00
6.109837e-01	5.612621e+02	4.281332e-01	1.462609e-10	5.119319e-08	1.000000e+00
6.109837e-01	3.456634e+02	5.455595e-01	2.379388e-10	3.179660e-08	1.000000e+00
6.109837e-01	2.128893e+02	6.951928e-01	3.877356e-10	1.985886e-08	1.000000e+00
6.109837e-01	1.311222e+02	8.858668e-01	6.336512e-10	1.249868e-08	1.000000e+00
6.109837e-01	8.076705e+01	1.128838e+00	1.040310e-09	7.925656e-09	1.000000e+00
6.109837e-01	4.974859e+01	1.438450e+00	1.705053e-09	5.157373e-09	1.000000e+00
6.109837e-01	3.061601e+01	1.832981e+00	2.842927e-09	3.496056e-09	1.000000e+00
6.109837e-01	1.886121e+01	2.335721e+00	4.404863e-09	2.438295e-09	0.000000e+00
6.109837e-01	1.161790e+01	2.976351e+00	7.225150e-09	1.763429e-09	0.000000e+00
6.109837e-01	7.151716e+00	3.792690e+00	1.142042e-08	1.372744e-09	0.000000e+00
6.109837e-01	4.399652e+00	4.832930e+00	1.864941e-08	1.265181e-09	0.000000e+00
6.109837e-01	2.709324e+00	6.158482e+00	3.015981e-08	1.273576e-09	0.000000e+00
6.109837e-01	1.668828e+00	7.847600e+00	4.962945e-08	1.292241e-09	0.000000e+00
6.109837e-01	1.027567e+00	1.000000e+01	7.973311e-08	1.628701e-09	0.000000e+00
6.524676e-01	8.450306e+03	1.000000e-01	7.052929e-12	4.791441e-07	1.000000e+00
6.524676e-01	5.204108e+03	1.274275e-01	1.145257e-11	3.058825e-07	1.000000e+00
6.524676e-01	3.204943e+03	1.623777e-01	1.859713e-11	1.995097e-07	1.000000e+00
6.524676e-01	1.973762e+03	2.069138e-01	3.020023e-11	1.345324e-07	1.000000e+00
6.524676e-01	1.215542e+03	2.636651e-01	4.904821e-11	9.536384e-08	1.000000e+00
6.524676e-01	7.485954e+02	3.359818e-01	7.967834e-11	6.348387e-08	1.000000e+00
6.524676e-01	4.610288e+02	4.281332e-01	1.295001e-10	3.933763e-08	1.000000e+00
6.524676e-01	2.839331e+02	5.455595e-01	2.106723e-10	2.448767e-08	1.000000e+00
6.524676e-01	1.748706e+02	6.951928e-01	3.433034e-10	1.535530e-08	1.000000e+00
6.524676e-01	1.077060e+02	8.858668e-01	5.610396e-10	9.707714e-09	1.000000e+00
6.524676e-01	6.634363e+01	1.128838e+00	9.211009e-10	6.213925e-09	1.000000e+00
6.524676e-01	4.086457e+01	1.438450e+00	1.509675e-09	4.131563e-09	1.000000e+00
6.524676e-01	2.514882e+01	1.832981e+00	2.517180e-09	2.835274e-09	1.000000e+00
6.524676e-01	1.549291e+01	2.335721e+00	3.900098e-09	1.992911e-09	0.000000e+00
6.524676e-01	9.543165e+00	2.976351e+00	6.397220e-09	1.554252e-09	0.000000e+00
6.524676e-01	5.874515e+00	3.792690e+00	1.011168e-08	1.300864e-09	0.000000e+00
6.524676e-01	3.613937e+00	4.832930e+00	1.651228e-08	1.062190e-09	0.000000e+00
6.524676e-01	2.225475e+00	6.158482e+00	2.670360e-08	1.085145e-09	0.000000e+00
6.524676e-01	1.370802e+00	7.847600e+00	4.394224e-08	1.247825e-09	0.000000e+00
6.524676e-01	8.440577e-01	1.000000e+01	7.059603e-08	1.310454e-09	0.000000e+00
6.967683e-01	6.940930e+03	1.000000e-01	6.238286e-12	3.776471e-07	1.000000e+00
6.967683e-01	4.274561e+03	1.274275e-01	1.012975e-11	2.429184e-07	1.000000e+00
6.967683e-01	2.632483e+03	1.623777e-01	1.644908e-11	1.603260e-07	1.000000e+00
6.967683e-01	1.621213e+03	2.069138e-01	2.671198e-11	1.100721e-07	1.000000e+00
6.967683e-01	9.984247e+02	2.636651e-01	4.338294e-11	8.003242e-08	1.000000e+00
6.967683e-01	6.148830e+02	3.359818e-01	7.047517e-11	4.943582e-08	1.000000e+00
6.967683e-01	3.786810e+02	4.281332e-01	1.145423e-10	3.079576e-08	1.000000e+00
6.967683e-01	2.332178e+02	5.455595e-01	1.863389e-10	1.924447e-08	1.000000e+00
6.967683e-01	1.436358e+02	6.951928e-01	3.036510e-10	1.207572e-08	1.000000e+00
6.967683e-01	8.846806e+01	8.858668e-01	4.962388e-10	7.673096e-09	1.000000e+00
6.967683e-01	5.449380e+01	1.128838e+00	8.147148e-10	5.023445e-09	1.000000e+00
6.967683e-01	3.356571e+01	1.438450e+00	1.335312e-09	3.430589e-09	1.000000e+00
6.967683e-01	2.065709e+01	1.832981e+00	2.226468e-09	2.353792e-09	1.000000e+00
6.967683e-01	1.272564e+01	2.335721e+00	3.449632e-09	1.680295e-09	0.000000e+00
6.967683e-01	7.838630e+00	2.976351e+00	5.658347e-09	1.422527e-09	0.000000e+00
6.967683e-01	4.825218e+00	3.792690e+00	8.943735e-09	1.154871e-09	0.000000e+00
6.967683e-01	2.968424e+00	4.832930e+00	1.460504e-08	9.631665e-10	0.000000e+00
6.967683e-01	1.827964e+00	6.158482e+00	2.361921e-08	1.097462e-09	0.000000e+00
6.967683e-01	1.125955e+00	7.847600e+00	3.886682e-08	1.225453e-09	0.000000e+00
6.967683e-01	6.932938e-01	1.000000e+01	6.244189e-08	1.291256e-09	0.000000e+00
7.440768e-01	5.700956e+03	1.000000e-01	5.513134e-12	3.080841e-07	1.000000e+00
7.440768e-01	3.510925e+03	1.274275e-01	8.952247e-12	1.999826e-07	1.000000e+00
7.440768e-01	2.162199e+03	1.623777e-01	1.453700e-11	1.338595e-07	1.000000e+00
7.440768e-01	1.331588e+03	2.069138e-01	2.360692e-11	9.385870e-08	1.000000e+00
7.440768e-01	8.200595e+02	2.636651e-01	3.834001e-11	6.447842e-08	1.000000e+00
7.440768e-01	5.050363e+02	3.359818e-01	6.228299e-11	3.993244e-08	1.000000e+00
7.440768e-01	3.110310e+02	4.281332e-01	1.012277e-10	2.482597e-08	1.000000e+00
7.440768e-01	1.915543e+02	5.455595e-01	1.646786e-10	1.556296e-08	1.000000e+00
7.440768e-01	1.179759e+02	6.951928e-01	2.683543e-10	9.852079e-09	1.000000e+00
7.440768e-01	7.266374e+01	8.858668e-01	4.385562e-10	6.296507e-09	1.000000e+00
7.440768e-01	4.475890e+01	1.128838e+00	7.200144e-10	4.166624e-09	1.000000e+00
7.440768e-01	2.756951e+01	1.438450e+00	1.180101e-09	2.856719e-09	1.000000e+00
7.440768e-01	1.696698e+01	1.832981e+00	1.967683e-09	1.982276e-09	1.000000e+00
7.440768e-01	1.045228e+01	2.335721e+00	3.048648e-09	1.512127e-09	0.000000e+00
7.440768e-01	6.438317e+00	2.976351e+00	5.000634e-09	1.289687e-09	0.000000e+00
7.440768e-01	3.963206e+00	3.792690e+00	7.904090e-09	1.042865e-09	0.000000e+00
7.440768e-01	2.438125e+00	4.832930e+00	1.290732e-08	1.023335e-09	0.000000e+00
7.440768e-01	1.501403e+00	6.158482e+00	2.087364e-08	1.202877e-09	0.000000e+00
7.440768e-01	9.248089e-01	7.847600e+00	3.434892e-08	-1.000000e+00	0.000000e+00
7.440768e-01	5.694391e-01	1.000000e+01	5.518350e-08	-1.000000e+00	0.000000e+00
7.945974e-01	4.682351e+03	1.000000e-01	4.869020e-12	2.295453e-07	1.000000e+00
7.945974e-01	2.883618e+03	1.274275e-01	7.906333e-12	1.506334e-07	1.000000e+00
7.945974e-01	1.775873e+03	1.623777e-01	1.283861e-11	1.025225e-07	1.000000e+00
7.945974e-01	1.093670e+03	2.069138e-01	2.084887e-11	7.366559e-08	1.000000e+00
7.945974e-01	6.735373e+02	2.636651e-01	3.386065e-11	4.727838e-08	1.000000e+00
7.945974e-01	4.148002e+02	3.359818e-01	5.500632e-11	2.931687e-08	1.000000e+00
7.945974e-01	2.554583e+02	4.281332e-01	8.940106e-11	1.829079e-08	1.000000e+00
7.945974e-01	1.573289e+02	5.455595e-01	1.454389e-10	1.152918e-08	1.000000e+00
7.945974e-01	9.689700e+01	6.951928e-01	2.370021e-10	7.331375e-09	1.000000e+00
7.945974e-01	5.968087e+01	8.858668e-01	3.873196e-10	4.744174e-09	1.000000e+00
7.945974e-01	3.676188e+01	1.128838e+00	6.358963e-10	3.211993e-09	1.000000e+00
7.945974e-01	2.264374e+01	1.438450e+00	1.042234e-09	2.225347e-09	1.000000e+00
7.945974e-01	1.393560e+01	1.832981e+00	1.737813e-09	1.585071e-09	0.000000e+00
7.945974e-01	8.584763e+00	2.335721e+00	2.692473e-09	1.303457e-09	0.000000e+00
7.945974e-01	5.287990e+00	2.976351e+00	4.416417e-09	1.102535e-09	0.000000e+00
7.945974e-01	3.255087e+00	3.792690e+00	6.980631e-09	9.293711e-10	0.000000e+00
7.945974e-01	2.002499e+00	4.832930e+00	1.139933e-08	1.023374e-09	0.000000e+00
7.945974e-01	1.233143e+00	6.158482e+00	1.843491e-08	1.186888e-09	0.000000e+00
7.945974e-01	7.595721e-01	7.847600e+00	3.033591e-08	-1.000000e+00	0.000000e+00
7.945974e-01	4.676958e-01	1.000000e+01	4.873626e-08	-1.000000e+00	0.000000e+00
8.485482e-01	3.845634e+03	1.000000e-01	4.297920e-12	1.804386e-07	1.000000e+00
8.485482e-01	2.368328e+03	1.274275e-01	6.978977e-12	1.199574e-07	1.000000e+00
8.485482e-01	1.458531e+03	1.623777e-01	1.133273e-11	8.326106e-08	1.000000e+00
8.485482e-01	8.982356e+02	2.069138e-01	1.840345e-11	5.883600e-08	1.000000e+00
8.485482e-01	5.531789e+02	2.636651e-01	2.988905e-11	3.646725e-08	1.000000e+00
8.485482e-01	3.406771e+02	3.359818e-01	4.855448e-11	2.267925e-08	1.000000e+00
8.485482e-01	2.098090e+02	4.281332e-01	7.891498e-11	1.425277e-08	1.000000e+00
8.485482e-01	1.292149e+02	5.455595e-01	1.283800e-10	9.066681e-09	1.000000e+00
8.485482e-01	7.958199e+01	6.951928e-01	2.092038e-10	5.776837e-09	1.000000e+00
8.485482e-01	4.901625e+01	8.858668e-01	3.418906e-10	3.791933e-09	1.000000e+00
8.485482e-01	3.019281e+01	1.128838e+00	5.613126e-10	2.618508e-09	1.000000e+00
8.485482e-01	1.859750e+01	1.438450e+00	9.199929e-10	1.843965e-09	1.000000e+00
8.485482e-01	1.144548e+01	1.832981e+00	1.533996e-09	1.385283e-09	0.000000e+00
8.485482e-01	7.050716e+00	2.335721e+00	2.376671e-09	1.185765e-09	0.000000e+00
8.485482e-01	4.343065e+00	2.976351e+00	3.898419e-09	1.051507e-09	0.000000e+00
8.485482e-01	2.673415e+00	3.792690e+00	6.161850e-09	1.005786e-09	0.000000e+00
8.485482e-01	1.644661e+00	4.832930e+00	1.006227e-08	1.060498e-09	0.000000e+00
8.485482e-01	1.012785e+00	6.158482e+00	1.627262e-08	1.148529e-09	0.000000e+00
8.485482e-01	6.238406e-01	7.847600e+00	2.677777e-08	1.317056e-09	0.000000e+00
8.485482e-01	3.841204e-01	1.000000e+01	4.301985e-08	1.658251e-09	0.000000e+00
9.061622e-01	3.158355e+03	1.000000e-01	3.792330e-12	1.343162e-07	1.000000e+00
9.061622e-01	1.945068e+03	1.274275e-01	6.157998e-12	9.068365e-08	1.000000e+00
9.061622e-01	1.197867e+03	1.623777e-01	9.999596e-12	6.439840e-08	1.000000e+00
9.061622e-01	7.377059e+02	2.069138e-01	1.623854e-11	4.251474e-08	1.000000e+00
9.061622e-01	4.543166e+02	2.636651e-01	2.637302e-11	2.651358e-08	1.000000e+00
9.061622e-01	2.797924e+02	3.359818e-01	4.284273e-11	1.661296e-08	1.000000e+00
9.061622e-01	1.723127e+02	4.281332e-01	6.963176e-11	1.042941e-08	1.000000e+00
9.061622e-01	1.061221e+02	5.455595e-01	1.132780e-10	6.644635e-09	1.000000e+00
9.061622e-01	6.535943e+01	6.951928e-01	1.845941e-10	4.364887e-09	1.000000e+00
9.061622e-01	4.025631e+01	8.858668e-01	3.016726e-10	2.910950e-09	1.000000e+00
9.061622e-01	2.479694e+01	1.128838e+00	4.952839e-10	2.017546e-09	1.000000e+00
9.061622e-01	1.527390e+01	1.438450e+00	8.117728e-10	1.498238e-09	1.000000e+00
9.061622e-01	9.400066e+00	1.832981e+00	1.353555e-09	1.167591e-09	0.000000e+00
9.061622e-01	5.790647e+00	2.335721e+00	2.097093e-09	9.881402e-10	0.000000e+00
9.061622e-01	3.566899e+00	2.976351e+00	3.439837e-09	9.486995e-10	0.000000e+00
9.061622e-01	2.195630e+00	3.792690e+00	5.436992e-09	9.419814e-10	0.000000e+00
9.061622e-01	1.350733e+00	4.832930e+00	8.878588e-09	9.464437e-10	0.000000e+00
9.061622e-01	8.317828e-01	6.158482e+00	1.435837e-08	1.000883e-09	0.000000e+00
9.061622e-01	5.123506e-01	7.847600e+00	2.362777e-08	1.155285e-09	0.000000e+00
9.061622e-01	3.154716e-01	1.000000e+01	3.795916e-08	1.356194e-09	0.000000e+00
9.676879e-01	2.593845e+03	1.000000e-01	3.345319e-12	1.127217e-07	1.000000e+00
9.676879e-01	1.597416e+03	1.274275e-01	5.432142e-12	7.750318e-08	1.000000e+00
9.676879e-01	9.837664e+02	1.623777e-01	8.820921e-12	5.614064e-08	1.000000e+00
9.676879e-01	6.058519e+02	2.069138e-01	1.432447e-11	3.480441e-08	1.000000e+00
9.676879e-01	3.731143e+02	2.636651e-01	2.326437e-11	2.160885e-08	1.000000e+00
9.676879e-01	2.297837e+02	3.359818e-01	3.779277e-11	1.353780e-08	1.000000e+00
9.676879e-01	1.415144e+02	4.281332e-01	6.142412e-11	8.600008e-09	1.000000e+00
9.676879e-01	8.715441e+01	5.455595e-01	9.992571e-11	5.543551e-09	1.000000e+00
9.676879e-01	5.367745e+01	6.951928e-01	1.628357e-10	3.633645e-09	1.000000e+00
9.676879e-01	3.306115e+01	8.858668e-01	2.661142e-10	2.448508e-09	1.000000e+00
9.676879e-01	2.036492e+01	1.128838e+00	4.369051e-10	1.754781e-09	1.000000e+00
9.676879e-01	1.254397e+01	1.438450e+00	7.160906e-10	1.373377e-09	1.000000e+00
9.676879e-01	7.720004e+00	1.832981e+00	1.194017e-09	1.192077e-09	0.000000e+00
9.676879e-01	4.755662e+00	2.335721e+00	1.849907e-09	1.050719e-09	0.000000e+00
9.676879e-01	2.929378e+00	2.976351e+00	3.034385e-09	9.856964e-10	0.000000e+00
9.676879e-01	1.803193e+00	3.792690e+00	4.796120e-09	1.069606e-09	0.000000e+00
9.676879e-01	1.109309e+00	4.832930e+00	7.832050e-09	1.333482e-09	0.000000e+00
9.676879e-01	6.831137e-01	6.158482e+00	1.266591e-08	1.864464e-09	0.000000e+00
9.676879e-01	4.207760e-01	7.847600e+00	2.084274e-08	2.843366e-09	0.000000e+00
9.676879e-01	2.590857e-01	1.000000e+01	3.348483e-08	3.686813e-09	0.000000e+00
1.033391e+00	2.107218e+03	1.000000e-01	2.912734e-12	8.219494e-08	1.000000e+00
1.033391e+00	1.297727e+03	1.274275e-01	4.729706e-12	5.780612e-08	1.000000e+00
1.033391e+00	7.992026e+02	1.623777e-01	7.680273e-12	3.942712e-08	1.000000e+00
1.033391e+00	4.921875e+02	2.069138e-01	1.247212e-11	2.445717e-08	1.000000e+00
1.033391e+00	3.031126e+02	2.636651e-01	2.025590e-11	1.525268e-08	1.000000e+00
1.033391e+00	1.866711e+02	3.359818e-01	3.290521e-11	9.621196e-09	1.000000e+00
1.033391e+00	1.149606e+02	4.281332e-01	5.347933e-11	6.143513e-09	1.000000e+00
1.033391e+00	7.079769e+01	5.455595e-01	8.699737e-11	3.969206e-09	1.000000e+00
1.033391e+00	4.359989e+01	6.951928e-01	1.417567e-10	2.689514e-09	1.000000e+00
1.033391e+00	2.685004e+01	8.858668e-01	2.316316e-10	1.897702e-09	1.000000e+00
1.033391e+00	1.653456e+01	1.128838e+00	3.801926e-10	1.351043e-09	1.000000e+00
1.033391e+00	1.018223e+01	1.438450e+00	6.229970e-10	1.086286e-09	1.000000e+00
1.033391e+00	6.261581e+00	1.832981e+00	1.037995e-09	9.749509e-10	0.000000e+00
1.033391e+00	3.862192e+00	2.335721e+00	1.610183e-09	8.048006e-10	0.000000e+00
1.033391e+00	2.378451e+00	2.976351e+00	2.640559e-09	8.321221e-10	0.000000e+00
1.033391e+00	1.465010e+00	3.792690e+00	4.176238e-09	1.016284e-09	0.000000e+00
1.033391e+00	9.011064e-01	4.832930e+00	6.818621e-09	-1.000000e+00	0.000000e+00
1.033391e+00	5.549566e-01	6.158482e+00	1.102805e-08	-1.000000e+00	0.000000e+00
1.033391e+00	3.417190e-01	7.847600e+00	1.814152e-08	-1.000000e+00	0.000000e+00
1.033391e+00	2.104646e-01	1.000000e+01	2.915282e-08	-1.000000e+00	0.000000e+00
1.103555e+00	1.731504e+03	1.000000e-01	2.559789e-12	6.753410e-08	1.000000e+00
1.103555e+00	1.066344e+03	1.274275e-01	4.156594e-12	4.869053e-08	1.000000e+00
1.103555e+00	6.567059e+02	1.623777e-01	6.749634e-12	3.094255e-08	1.000000e+00
1.103555e+00	4.044312e+02	2.069138e-01	1.096085e-11	1.933839e-08	1.000000e+00
1.103555e+00	2.490683e+02	2.636651e-01	1.780146e-11	1.211161e-08	1.000000e+00
1.103555e+00	1.533883e+02	3.359818e-01	2.891811e-11	7.608598e-09	1.000000e+00
1.103555e+00	9.446386e+01	4.281332e-01	4.699951e-11	4.898353e-09	1.000000e+00
1.103555e+00	5.817531e+01	5.455595e-01	7.645711e-11	3.242565e-09	1.000000e+00
1.103555e+00	3.582703e+01	6.951928e-01	1.245844e-10	2.155027e-09	1.000000e+00
1.103555e+00	2.206384e+01	8.858668e-01	2.035792e-10	1.559741e-09	1.000000e+00
1.103555e+00	1.358775e+01	1.128838e+00	3.341691e-10	1.252941e-09	1.000000e+00
1.103555e+00	8.367865e+00	1.438450e+00	5.476108e-10	9.936444e-10	1.000000e+00
1.103555e+00	5.146503e+00	1.832981e+00	9.125448e-10	8.876032e-10	0.000000e+00
1.103555e+00	3.173737e+00	2.335721e+00	1.415179e-09	9.100397e-10	0.000000e+00
1.103555e+00	1.954555e+00	2.976351e+00	2.320899e-09	8.861784e-10	0.000000e+00
1.103555e+00	1.203786e+00	3.792690e+00	3.670127e-09	9.268481e-10	0.000000e+00
1.103555e+00	7.404508e-01	4.832930e+00	5.992470e-09	1.161777e-09	0.000000e+00
1.103555e+00	4.560078e-01	6.158482e+00	9.691661e-09	1.456985e-09	0.000000e+00
1.103555e+00	2.808062e-01	7.847600e+00	1.594434e-08	1.737774e-09	0.000000e+00
1.103555e+00	1.729407e-01	1.000000e+01	2.562045e-08	1.981195e-09	0.000000e+00
1.178483e+00	1.422430e+03	1.000000e-01	2.249204e-12	6.617895e-08	1.000000e+00
1.178483e+00	8.760011e+02	1.274275e-01	3.652266e-12	4.643466e-08	1.000000e+00
1.178483e+00	5.394839e+02	1.623777e-01	5.930688e-12	2.881695e-08	1.000000e+00
1.178483e+00	3.322403e+02	2.069138e-01	9.630950e-12	1.796662e-08	1.000000e+00
1.178483e+00	2.046098e+02	2.636651e-01	1.564160e-11	1.133318e-08	1.000000e+00
1.178483e+00	1.260087e+02	3.359818e-01	2.540950e-11	7.264263e-09	1.000000e+00
1.178483e+00	7.760244e+01	4.281332e-01	4.129729e-11	4.732635e-09	1.000000e+00
1.178483e+00	4.779152e+01	5.455595e-01	6.718153e-11	3.150498e-09	1.000000e+00
1.178483e+00	2.943253e+01	6.951928e-01	1.094720e-10	2.185539e-09	1.000000e+00
1.178483e+00	1.812619e+01	8.858668e-01	1.788900e-10	1.631736e-09	1.000000e+00
1.178483e+00	1.116319e+01	1.128838e+00	2.936583e-10	1.293764e-09	1.000000e+00
1.178483e+00	6.874936e+00	1.438450e+00	4.812471e-10	1.072025e-09	1.000000e+00
1.178483e+00	4.228741e+00	1.832981e+00	8.020687e-10	9.815832e-10	1.000000e+00
1.178483e+00	2.607336e+00	2.335721e+00	1.243554e-09	9.658666e-10	0.000000e+00
1.178483e+00	1.605785e+00	2.976351e+00	2.039531e-09	9.781795e-10	0.000000e+00
1.178483e+00	9.889004e-01	3.792690e+00	3.224773e-09	1.050165e-09	0.000000e+00
1.178483e+00	6.082873e-01	4.832930e+00	5.265448e-09	1.181653e-09	0.000000e+00
1.178483e+00	3.746099e-01	6.158482e+00	8.515677e-09	1.336525e-09	0.000000e+00
1.178483e+00	2.306923e-01	7.847600e+00	1.401058e-08	1.396026e-09	0.000000e+00
1.178483e+00	1.420719e-01	1.000000e+01	2.251197e-08	1.379295e-09	0.000000e+00
1.258499e+00	1.168296e+03	1.000000e-01	1.976245e-12	6.110849e-08	1.000000e+00
1.258499e+00	7.194930e+02	1.274275e-01	3.209034e-12	4.041476e-08	1.000000e+00
1.258499e+00	4.430986e+02	1.623777e-01	5.210952e-12	2.501460e-08	1.000000e+00
1.258499e+00	2.728817e+02	2.069138e-01	8.462162e-12	1.561441e-08	1.000000e+00
1.258499e+00	1.680539e+02	2.636651e-01	1.374338e-11	9.940500e-09	1.000000e+00
1.258499e+00	1.034959e+02	3.359818e-01	2.232593e-11	6.426834e-09	1.000000e+00
1.258499e+00	6.373809e+01	4.281332e-01	3.628579e-11	4.216342e-09	1.000000e+00
1.258499e+00	3.925333e+01	5.455595e-01	5.902938e-11	2.903592e-09	1.000000e+00
1.258499e+00	2.417448e+01	6.951928e-01	9.618955e-11	2.074836e-09	1.000000e+00
1.258499e+00	1.488823e+01	8.858668e-01	1.571892e-10	1.537826e-09	1.000000e+00
1.258499e+00	9.169323e+00	1.128838e+00	2.580474e-10	1.352727e-09	1.000000e+00
1.258499e+00	5.647137e+00	1.438450e+00	4.229051e-10	1.215344e-09	1.000000e+00
1.258499e+00	3.473817e+00	1.832981e+00	7.049185e-10	9.895638e-10	1.000000e+00
1.258499e+00	2.141579e+00	2.335721e+00	1.092701e-09	1.138010e-09	1.000000e+00
1.258499e+00	1.318972e+00	2.976351e+00	1.792197e-09	1.443460e-09	0.000000e+00
1.258499e+00	8.122149e-01	3.792690e+00	2.833383e-09	1.561860e-09	0.000000e+00
1.258499e+00	4.996141e-01	4.832930e+00	4.626483e-09	2.148988e-09	0.000000e+00
1.258499e+00	3.076810e-01	6.158482e+00	7.482168e-09	2.923515e-09	0.000000e+00
1.258499e+00	1.894830e-01	7.847600e+00	1.231088e-08	3.096379e-09	0.000000e+00
1.258499e+00	1.166898e-01	1.000000e+01	1.978002e-08	2.983642e-09	0.000000e+00
1.343947e+00	9.597171e+02	1.000000e-01	1.737162e-12	4.685791e-08	1.000000e+00
1.343947e+00	5.910402e+02	1.274275e-01	2.820810e-12	2.912062e-08	1.000000e+00
1.343947e+00	3.639912e+02	1.623777e-01	4.580541e-12	1.808954e-08	1.000000e+00
1.343947e+00	2.241636e+02	2.069138e-01	7.438427e-12	1.138586e-08	1.000000e+00
1.343947e+00	1.380510e+02	2.636651e-01	1.208075e-11	7.302622e-09	1.000000e+00
1.343947e+00	8.501877e+01	3.359818e-01	1.962504e-11	4.729834e-09	1.000000e+00
1.343947e+00	5.235905e+01	4.281332e-01	3.189625e-11	3.168924e-09	1.000000e+00
1.343947e+00	3.224570e+01	5.455595e-01	5.188900e-11	2.259692e-09	1.000000e+00
1.343947e+00	1.985900e+01	6.951928e-01	8.455563e-11	1.653943e-09	1.000000e+00
1.343947e+00	1.223073e+01	8.858668e-01	1.381819e-10	1.281614e-09	1.000000e+00
1.343947e+00	7.532904e+00	1.128838e+00	2.268569e-10	1.132570e-09	1.000000e+00
1.343947e+00	4.639459e+00	1.438450e+00	3.718058e-10	1.011035e-09	1.000000e+00
1.343947e+00	2.854247e+00	1.832981e+00	6.198325e-10	9.654548e-10	1.000000e+00
1.343947e+00	1.759316e+00	2.335721e+00	9.605718e-10	1.068646e-09	1.000000e+00
1.343947e+00	1.083576e+00	2.976351e+00	1.575565e-09	1.223762e-09	0.000000e+00
1.343947e+00	6.672013e-01	3.792690e+00	2.490566e-09	1.452075e-09	0.000000e+00
1.343947e+00	4.104217e-01	4.832930e+00	4.066823e-09	1.933116e-09	0.000000e+00
1.343947e+00	2.527496e-01	6.158482e+00	6.576928e-09	2.283339e-09	0.000000e+00
1.343947e+00	1.556611e-01	7.847600e+00	1.082216e-08	2.383912e-09	0.000000e+00
1.343947e+00	9.585766e-02	1.000000e+01	1.738714e-08	2.386335e-09	0.000000e+00
1.435197e+00	7.877504e+02	1.000000e-01	1.526374e-12	3.721339e-08	1.000000e+00
1.435197e+00	4.851348e+02	1.274275e-01	2.478532e-12	2.312541e-08	1.000000e+00
1.435197e+00	2.987695e+02	1.623777e-01	4.024737e-12	1.445344e-08	1.000000e+00
1.435197e+00	1.839969e+02	2.069138e-01	6.535849e-12	9.155248e-09	1.000000e+00
1.435197e+00	1.133144e+02	2.636651e-01	1.061488e-11	5.904336e-09	1.000000e+00
1.435197e+00	6.978477e+01	3.359818e-01	1.724378e-11	3.890841e-09	1.000000e+00
1.435197e+00	4.297721e+01	4.281332e-01	2.802611e-11	2.647514e-09	1.000000e+00
1.435197e+00	2.646790e+01	5.455595e-01	4.559330e-11	1.890506e-09	1.000000e+00
1.435197e+00	1.630074e+01	6.951928e-01	7.429734e-11	1.437023e-09	1.000000e+00
1.435197e+00	1.003937e+01	8.858668e-01	1.214202e-10	1.172718e-09	1.000000e+00
1.435197e+00	6.183358e+00	1.128838e+00	1.993460e-10	1.031424e-09	1.000000e+00
1.435197e+00	3.808341e+00	1.438450e+00	3.267272e-10	9.790105e-10	1.000000e+00
1.435197e+00	2.343051e+00	1.832981e+00	5.447304e-10	1.008461e-09	1.000000e+00
1.435197e+00	1.444104e+00	2.335721e+00	8.440526e-10	1.085014e-09	1.000000e+00
1.435197e+00	8.894484e-01	2.976351e+00	1.384492e-09	1.206739e-09	0.000000e+00
1.435197e+00	5.476463e-01	3.792690e+00	2.188337e-09	1.414132e-09	0.000000e+00
1.435197e+00	3.368821e-01	4.832930e+00	3.573370e-09	1.666944e-09	0.000000e+00
1.435197e+00	2.074605e-01	6.158482e+00	5.778833e-09	1.796033e-09	0.000000e+00
1.435197e+00	1.277717e-01	7.847600e+00	9.509326e-09	1.829337e-09	0.000000e+00
1.435197e+00	7.868170e-02	1.000000e+01	1.527738e-08	1.824549e-09	0.000000e+00
1.532643e+00	6.465409e+02	1.000000e-01	1.341715e-12	2.702685e-08	1.000000e+00
1.532643e+00	3.981712e+02	1.274275e-01	2.178682e-12	1.679562e-08	1.000000e+00
1.532643e+00	2.452131e+02	1.623777e-01	3.537829e-12	1.056332e-08	1.000000e+00
1.532643e+00	1.510142e+02	2.069138e-01	5.745152e-12	6.782301e-09	1.000000e+00
1.532643e+00	9.300208e+01	2.636651e-01	9.330712e-12	4.414700e-09	1.000000e+00
1.532643e+00	5.727545e+01	3.359818e-01	1.515768e-11	2.962403e-09	1.000000e+00
1.532643e+00	3.527334e+01	4.281332e-01	2.463566e-11	2.130881e-09	1.000000e+00
1.532643e+00	2.172345e+01	5.455595e-01	4.007791e-11	1.557071e-09	1.000000e+00
1.532643e+00	1.337885e+01	6.951928e-01	6.531034e-11	1.172312e-09	1.000000e+00
1.532643e+00	8.239896e+00	8.858668e-01	1.067353e-10	1.052122e-09	1.000000e+00
1.532643e+00	5.075117e+00	1.128838e+00	1.752426e-10	9.813240e-10	1.000000e+00
1.532643e+00	3.125815e+00	1.438450e+00	2.872301e-10	9.273649e-10	1.000000e+00
1.532643e+00	1.923214e+00	1.832981e+00	4.789183e-10	1.016484e-09	1.000000e+00
1.532643e+00	1.185260e+00	2.335721e+00	7.419704e-10	1.172485e-09	1.000000e+00
1.532643e+00	7.300321e-01	2.976351e+00	1.217086e-09	1.371253e-09	1.000000e+00
1.532643e+00	4.494752e-01	3.792690e+00	1.923576e-09	1.781404e-09	0.000000e+00
1.532643e+00	2.764951e-01	4.832930e+00	3.141080e-09	2.169636e-09	0.000000e+00
1.532643e+00	1.702717e-01	6.158482e+00	5.079672e-09	2.354353e-09	0.000000e+00
1.532643e+00	1.048696e-01	7.847600e+00	8.359163e-09	2.415920e-09	0.000000e+00
1.532643e+00	6.457768e-02	1.000000e+01	1.342913e-08	2.425987e-09	0.000000e+00
1.636705e+00	5.306052e+02	1.000000e-01	1.180044e-12	1.781733e-08	1.000000e+00
1.636705e+00	3.267724e+02	1.274275e-01	1.916160e-12	1.112159e-08	1.000000e+00
1.636705e+00	2.012423e+02	1.623777e-01	3.111536e-12	7.080047e-09	1.000000e+00
1.636705e+00	1.239349e+02	2.069138e-01	5.052886e-12	4.605384e-09	1.000000e+00
1.636705e+00	7.632526e+01	2.636651e-01	8.206407e-12	3.015940e-09	1.000000e+00
1.636705e+00	4.700503e+01	3.359818e-01	1.333127e-11	2.022347e-09	1.000000e+00
1.636705e+00	2.894829e+01	4.281332e-01	2.166727e-11	1.446026e-09	1.000000e+00
1.636705e+00	1.782814e+01	5.455595e-01	3.524904e-11	1.146665e-09	1.000000e+00
1.636705e+00	1.097988e+01	6.951928e-01	5.744189e-11	9.574887e-10	1.000000e+00
1.636705e+00	6.762449e+00	8.858668e-01	9.387783e-11	8.156172e-10	1.000000e+00
1.636705e+00	4.165182e+00	1.128838e+00	1.541375e-10	7.858199e-10	1.000000e+00
1.636705e+00	2.565406e+00	1.438450e+00	2.526450e-10	8.478557e-10	1.000000e+00
1.636705e+00	1.578470e+00	1.832981e+00	4.212840e-10	9.554041e-10	1.000000e+00
1.636705e+00	9.727387e-01	2.335721e+00	6.525912e-10	1.136376e-09	1.000000e+00
1.636705e+00	5.991415e-01	2.976351e+00	1.070505e-09	1.537121e-09	1.000000e+00
1.636705e+00	3.688753e-01	3.792690e+00	1.691777e-09	2.233064e-09	1.000000e+00
1.636705e+00	2.269157e-01	4.832930e+00	2.762601e-09	2.743464e-09	0.000000e+00
1.636705e+00	1.397390e-01	6.158482e+00	4.467555e-09	2.995565e-09	0.000000e+00
1.636705e+00	8.606607e-02	7.847600e+00	7.352134e-09	3.091812e-09	0.000000e+00
1.636705e+00	5.299794e-02	1.000000e+01	1.181096e-08	3.116949e-09	0.000000e+00
1.747832e+00	4.354319e+02	1.000000e-01	1.038575e-12	2.980626e-08	1.000000e+00
1.747832e+00	2.681601e+02	1.274275e-01	1.686443e-12	1.876261e-08	1.000000e+00
1.747832e+00	1.651460e+02	1.623777e-01	2.738512e-12	1.196800e-08	1.000000e+00
1.747832e+00	1.017050e+02	2.069138e-01	4.447127e-12	7.778134e-09	1.000000e+00
1.747832e+00	6.263502e+01	2.636651e-01	7.222595e-12	5.195470e-09	1.000000e+00
1.747832e+00	3.857389e+01	3.359818e-01	1.173309e-11	3.620923e-09	1.000000e+00
1.747832e+00	2.375595e+01	4.281332e-01	1.906980e-11	2.673555e-09	1.000000e+00
1.747832e+00	1.463041e+01	5.455595e-01	3.102355e-11	2.110988e-09	1.000000e+00
1.747832e+00	9.010515e+00	6.951928e-01	5.055651e-11	1.801493e-09	1.000000e+00
1.747832e+00	5.549562e+00	8.858668e-01	8.262646e-11	1.636804e-09	1.000000e+00
1.747832e+00	3.418171e+00	1.128838e+00	1.356681e-10	1.567524e-09	1.000000e+00
1.747832e+00	2.105330e+00	1.438450e+00	2.223779e-10	1.632045e-09	1.000000e+00
1.747832e+00	1.295432e+00	1.832981e+00	3.708401e-10	1.785932e-09	1.000000e+00
1.747832e+00	7.982723e-01	2.335721e+00	5.743770e-10	2.031227e-09	1.000000e+00
1.747832e+00	4.916871e-01	2.976351e+00	9.422301e-10	2.357873e-09	1.000000e+00
1.747832e+00	3.027101e-01	3.792690e+00	1.488946e-09	2.574567e-09	1.000000e+00
1.747832e+00	1.862151e-01	4.832930e+00	2.431415e-09	2.486091e-09	1.000000e+00
1.747832e+00	1.146743e-01	6.158482e+00	3.931932e-09	2.324726e-09	0.000000e+00
1.747832e+00	7.062958e-02	7.847600e+00	6.470907e-09	2.246951e-09	0.000000e+00
1.747832e+00	4.349193e-02	1.000000e+01	1.039500e-08	2.226742e-09	0.000000e+00
1.866505e+00	3.572350e+02	1.000000e-01	9.146480e-13	1.358397e-08	1.000000e+00
1.866505e+00	2.200026e+02	1.274275e-01	1.485209e-12	8.592480e-09	1.000000e+00
1.866505e+00	1.354883e+02	1.623777e-01	2.411741e-12	5.524954e-09	1.000000e+00
1.866505e+00	8.344035e+01	2.069138e-01	3.916477e-12	3.633372e-09	1.000000e+00
1.866505e+00	5.138675e+01	2.636651e-01	6.360769e-12	2.469428e-09	1.000000e+00
1.866505e+00	3.164663e+01	3.359818e-01	1.033307e-11	1.763384e-09	1.000000e+00
1.866505e+00	1.948977e+01	4.281332e-01	1.679438e-11	1.351896e-09	1.000000e+00
1.866505e+00	1.200305e+01	5.455595e-01	2.732194e-11	1.114933e-09	1.000000e+00
1.866505e+00	7.392412e+00	6.951928e-01	4.452473e-11	9.752550e-10	1.000000e+00
1.866505e+00	4.553001e+00	8.858668e-01	7.276972e-11	8.710970e-10	1.000000e+00
1.866505e+00	2.804382e+00	1.128838e+00	1.194874e-10	8.537054e-10	1.000000e+00
1.866505e+00	1.727299e+00	1.438450e+00	1.958605e-10	9.470076e-10	1.000000e+00
1.866505e+00	1.062855e+00	1.832981e+00	3.266413e-10	1.079143e-09	1.000000e+00
1.866505e+00	6.549229e-01	2.335721e+00	5.058576e-10	1.266367e-09	1.000000e+00
1.866505e+00	4.033962e-01	2.976351e+00	8.298510e-10	1.613294e-09	1.000000e+00
1.866505e+00	2.483473e-01	3.792690e+00	1.311268e-09	1.866908e-09	1.000000e+00
1.866505e+00	1.527741e-01	4.832930e+00	2.141292e-09	1.958899e-09	0.000000e+00
1.866505e+00	9.408045e-02	6.158482e+00	3.462727e-09	1.986472e-09	0.000000e+00
1.866505e+00	5.794627e-02	7.847600e+00	5.698916e-09	1.997986e-09	0.000000e+00
1.866505e+00	3.568151e-02	1.000000e+01	9.154604e-09	2.004389e-09	0.000000e+00
1.993235e+00	2.930679e+02	1.000000e-01	8.063262e-13	1.715666e-08	1.000000e+00
1.993235e+00	1.804854e+02	1.274275e-01	1.309316e-12	1.095764e-08	1.000000e+00
1.993235e+00	1.111517e+02	1.623777e-01	2.126119e-12	7.132054e-09	1.000000e+00
1.993235e+00	6.845267e+01	2.069138e-01	3.452650e-12	4.754810e-09	1.000000e+00
1.993235e+00	4.215659e+01	2.636651e-01	5.607468e-12	3.334515e-09	1.000000e+00
1.993235e+00	2.596223e+01	3.359818e-01	9.109339e-12	2.468437e-09	1.000000e+00
1.993235e+00	1.598901e+01	4.281332e-01	1.480549e-11	1.917691e-09	1.000000e+00
1.993235e+00	9.847069e+00	5.455595e-01	2.408642e-11	1.637868e-09	1.000000e+00
1.993235e+00	6.064610e+00	6.951928e-01	3.925239e-11	1.506500e-09	1.000000e+00
1.993235e+00	3.735225e+00	8.858668e-01	6.415386e-11	1.405859e-09	1.000000e+00
1.993235e+00	2.300702e+00	1.128838e+00	1.053433e-10	1.495425e-09	1.000000e+00
1.993235e+00	1.417079e+00	1.438450e+00	1.726800e-10	1.722236e-09	1.000000e+00
1.993235e+00	8.719904e-01	1.832981e+00	2.880014e-10	2.024319e-09	1.000000e+00
1.993235e+00	5.372907e-01	2.335721e+00	4.459643e-10	2.533593e-09	1.000000e+00
1.993235e+00	3.309441e-01	2.976351e+00	7.316166e-10	3.119057e-09	1.000000e+00
1.993235e+00	2.037382e-01	3.792690e+00	1.155965e-09	3.292300e-09	1.000000e+00
1.993235e+00	1.253329e-01	4.832930e+00	1.887702e-09	3.231357e-09	1.000000e+00
1.993235e+00	7.718150e-02	6.158482e+00	3.052610e-09	3.182015e-09	1.000000e+00
1.993235e+00	4.753838e-02	7.847600e+00	5.024118e-09	3.168855e-09	0.000000e+00
1.993235e+00	2.927238e-02	1.000000e+01	8.070406e-09	3.172348e-09	0.000000e+00
2.128570e+00	2.404191e+02	1.000000e-01	7.116865e-13	6.078629e-09	1.000000e+00
2.128570e+00	1.480617e+02	1.274275e-01	1.155640e-12	3.875838e-09	1.000000e+00
2.128570e+00	9.118361e+01	1.623777e-01	1.876573e-12	2.526608e-09	1.000000e+00
2.128570e+00	5.615535e+01	2.069138e-01	3.047409e-12	1.721998e-09	1.000000e+00
2.128570e+00	3.458328e+01	2.636651e-01	4.949316e-12	1.243891e-09	1.000000e+00
2.128570e+00	2.129820e+01	3.359818e-01	8.040179e-12	9.378225e-10	1.000000e+00
2.128570e+00	1.311665e+01	4.281332e-01	1.306781e-11	7.605819e-10	1.000000e+00
2.128570e+00	8.078093e+00	5.455595e-01	2.125956e-11	7.269167e-10	1.000000e+00
2.128570e+00	4.975147e+00	6.951928e-01	3.464591e-11	6.712053e-10	1.000000e+00
2.128570e+00	3.064235e+00	8.858668e-01	5.662600e-11	6.251892e-10	1.000000e+00
2.128570e+00	1.887424e+00	1.128838e+00	9.298485e-11	7.246652e-10	1.000000e+00
2.128570e+00	1.162536e+00	1.438450e+00	1.524256e-10	8.814151e-10	1.000000e+00
2.128570e+00	7.153763e-01	1.832981e+00	2.542365e-10	1.124487e-09	1.000000e+00
2.128570e+00	4.407727e-01	2.335721e+00	3.936342e-10	1.874839e-09	1.000000e+00
2.128570e+00	2.714960e-01	2.976351e+00	6.457847e-10	2.615611e-09	1.000000e+00
2.128570e+00	1.671368e-01	3.792690e+00	1.020279e-09	2.978951e-09	1.000000e+00
2.128570e+00	1.028174e-01	4.832930e+00	1.666142e-09	3.117665e-09	1.000000e+00
2.128570e+00	6.331601e-02	6.158482e+00	2.694297e-09	3.164386e-09	1.000000e+00
2.128570e+00	3.899864e-02	7.847600e+00	4.434538e-09	3.177317e-09	0.000000e+00
2.128570e+00	2.401372e-02	1.000000e+01	7.123154e-09	3.178982e-09	0.000000e+00
2.273094e+00	1.972254e+02	1.000000e-01	6.290333e-13	5.984903e-09	1.000000e+00
2.273094e+00	1.214609e+02	1.274275e-01	1.021427e-12	3.878944e-09	1.000000e+00
2.273094e+00	7.480156e+01	1.623777e-01	1.658634e-12	2.586941e-09	1.000000e+00
2.273094e+00	4.606648e+01	2.069138e-01	2.693492e-12	1.837546e-09	1.000000e+00
2.273094e+00	2.837006e+01	2.636651e-01	4.374520e-12	1.378424e-09	1.000000e+00
2.273094e+00	1.747178e+01	3.359818e-01	7.106430e-12	1.045233e-09	1.000000e+00
2.273094e+00	1.076012e+01	4.281332e-01	1.155020e-11	8.685892e-10	1.000000e+00
2.273094e+00	6.626801e+00	5.455595e-01	1.879071e-11	8.118175e-10	1.000000e+00
2.273094e+00	4.081334e+00	6.951928e-01	3.062279e-11	7.376183e-10	1.000000e+00
2.273094e+00	2.513741e+00	8.858668e-01	5.005135e-11	8.103435e-10	1.000000e+00
2.273094e+00	1.548359e+00	1.128838e+00	8.219104e-11	1.029077e-09	1.000000e+00
2.273094e+00	9.537006e-01	1.438450e+00	1.347351e-10	1.270957e-09	1.000000e+00
2.273094e+00	5.868814e-01	1.832981e+00	2.247441e-10	1.911907e-09	1.000000e+00
2.273094e+00	3.615873e-01	2.335721e+00	3.479305e-10	3.162291e-09	1.000000e+00
2.273094e+00	2.227231e-01	2.976351e+00	5.708196e-10	4.010687e-09	1.000000e+00
2.273094e+00	1.371087e-01	3.792690e+00	9.017795e-10	4.367559e-09	1.000000e+00
2.273094e+00	8.434545e-02	4.832930e+00	1.472643e-09	4.491564e-09	1.000000e+00
2.273094e+00	5.194061e-02	6.158482e+00	2.381368e-09	4.527012e-09	1.000000e+00
2.273094e+00	3.199246e-02	7.847600e+00	3.919617e-09	4.532401e-09	1.000000e+00
2.273094e+00	1.969944e-02	1.000000e+01	6.295876e-09	4.529245e-09	0.000000e+00
2.427430e+00	1.617952e+02	1.000000e-01	5.568818e-13	4.316019e-09	1.000000e+00
2.427430e+00	9.964134e+01	1.274275e-01	9.042671e-13	2.831167e-09	1.000000e+00
2.427430e+00	6.136399e+01	1.623777e-01	1.468385e-12	1.906151e-09	1.000000e+00
2.427430e+00	3.779097e+01	2.069138e-01	2.384544e-12	1.446736e-09	1.000000e+00
2.427430e+00	2.327358e+01	2.636651e-01	3.872757e-12	1.100128e-09	1.000000e+00
2.427430e+00	1.433310e+01	3.359818e-01	6.291320e-12	8.153343e-10	1.000000e+00
2.427430e+00	8.827156e+00	4.281332e-01	1.022541e-11	7.898190e-10	1.000000e+00
2.427430e+00	5.436359e+00	5.455595e-01	1.663553e-11	7.281702e-10	1.000000e+00
2.427430e+00	3.348172e+00	6.951928e-01	2.711081e-11	5.611328e-10	1.000000e+00
2.427430e+00	2.062189e+00	8.858668e-01	4.431196e-11	7.085600e-10	1.000000e+00
2.427430e+00	1.270235e+00	1.128838e+00	7.276834e-11	9.548945e-10	1.000000e+00
2.427430e+00	7.823986e-01	1.438450e+00	1.192915e-10	1.055306e-09	1.000000e+00
2.427430e+00	4.814797e-01	1.832981e+00	1.989968e-10	1.691775e-09	1.000000e+00
2.427430e+00	2.966342e-01	2.335721e+00	3.080330e-10	2.580842e-09	1.000000e+00
2.427430e+00	1.827163e-01	2.976351e+00	5.053772e-10	3.131764e-09	1.000000e+00
2.427430e+00	1.124777e-01	3.792690e+00	7.983367e-10	3.387854e-09	1.000000e+00
2.427430e+00	6.919357e-02	4.832930e+00	1.303730e-09	3.474220e-09	1.000000e+00
2.427430e+00	4.260980e-02	6.158482e+00	2.108202e-09	3.489714e-09	1.000000e+00
2.427430e+00	2.624553e-02	7.847600e+00	3.470117e-09	3.482589e-09	1.000000e+00
2.427430e+00	1.616060e-02	1.000000e+01	5.573713e-09	3.471300e-09	0.000000e+00
2.592245e+00	1.317277e+02	1.000000e-01	4.901579e-13	5.041211e-09	1.000000e+00
2.592245e+00	8.112429e+01	1.274275e-01	7.959203e-13	3.318901e-09	1.000000e+00
2.592245e+00	4.996027e+01	1.623777e-01	1.292447e-12	2.324774e-09	1.000000e+00
2.592245e+00	3.076797e+01	2.069138e-01	2.098833e-12	1.745672e-09	1.000000e+00
2.592245e+00	1.894844e+01	2.636651e-01	3.408728e-12	1.306067e-09	1.000000e+00
2.592245e+00	1.166942e+01	3.359818e-01	5.537491e-12	1.055519e-09	1.000000e+00
2.592245e+00	7.186662e+00	4.281332e-01	9.000159e-12	1.019908e-09	1.000000e+00
2.592245e+00	4.425980e+00	5.455595e-01	1.464207e-11	9.570346e-10	1.000000e+00
2.592245e+00	2.725834e+00	6.951928e-01	2.386170e-11	9.852395e-10	1.000000e+00
2.592245e+00	1.678814e+00	8.858668e-01	3.900024e-11	1.177413e-09	1.000000e+00
2.592245e+00	1.034017e+00	1.128838e+00	6.404233e-11	1.362774e-09	1.000000e+00
2.592245e+00	6.368630e-01	1.438450e+00	1.049822e-10	1.744824e-09	1.000000e+00
2.592245e+00	3.918612e-01	1.832981e+00	1.751080e-10	2.767191e-09	1.000000e+00
2.592245e+00	2.414907e-01	2.335721e+00	2.711118e-10	3.496538e-09	1.000000e+00
2.592245e+00	1.487393e-01	2.976351e+00	4.447787e-10	3.728997e-09	1.000000e+00
2.592245e+00	9.157704e-02	3.792690e+00	7.026922e-10	3.774632e-09	1.000000e+00
2.592245e+00	5.633374e-02	4.832930e+00	1.147498e-09	3.779859e-09	1.000000e+00
2.592245e+00	3.469139e-02	6.158482e+00	1.855592e-09	3.777910e-09	1.000000e+00
2.592245e+00	2.136687e-02	7.847600e+00	3.054200e-09	3.775573e-09	1.000000e+00
2.592245e+00	1.315725e-02	1.000000e+01	4.905827e-09	3.773893e-09	0.000000e+00
2.768251e+00	1.073890e+02	1.000000e-01	4.328344e-13	6.555529e-09	1.000000e+00
2.768251e+00	6.613536e+01	1.274275e-01	7.028381e-13	4.406872e-09	1.000000e+00
2.768251e+00	4.072935e+01	1.623777e-01	1.141296e-12	3.181366e-09	1.000000e+00
2.768251e+00	2.508311e+01	2.069138e-01	1.853375e-12	2.394562e-09	1.000000e+00
2.768251e+00	1.544740e+01	2.636651e-01	3.010076e-12	1.834789e-09	1.000000e+00
2.768251e+00	9.513272e+00	3.359818e-01	4.889869e-12	1.650338e-09	1.000000e+00
2.768251e+00	5.858755e+00	4.281332e-01	7.947538e-12	1.580924e-09	1.000000e+00
2.768251e+00	3.608133e+00	5.455595e-01	1.292949e-11	1.396935e-09	1.000000e+00
2.768251e+00	2.222097e+00	6.951928e-01	2.107044e-11	1.548378e-09	1.000000e+00
2.768251e+00	1.368514e+00	8.858668e-01	3.443718e-11	1.892907e-09	1.000000e+00
2.768251e+00	8.428392e-01	1.128838e+00	5.654659e-11	2.118515e-09	1.000000e+00
2.768251e+00	5.190839e-01	1.438450e+00	9.269083e-11	2.945539e-09	1.000000e+00
2.768251e+00	3.193422e-01	1.832981e+00	1.545885e-10	4.097736e-09	1.000000e+00
2.768251e+00	1.968569e-01	2.335721e+00	2.393932e-10	4.384521e-09	1.000000e+00
2.768251e+00	1.212402e-01	2.976351e+00	3.927230e-10	4.218937e-09	1.000000e+00
2.768251e+00	7.465827e-02	3.792690e+00	6.205216e-10	4.098361e-09	1.000000e+00
2.768251e+00	4.592431e-02	4.832930e+00	1.013278e-09	4.059520e-09	1.000000e+00
2.768251e+00	2.828169e-02	6.158482e+00	1.638572e-09	4.059026e-09	1.000000e+00
2.768251e+00	1.741790e-02	7.847600e+00	2.696879e-09	4.069873e-09	1.000000e+00
2.768251e+00	1.072614e-02	1.000000e+01	4.332035e-09	4.081324e-09	0.000000e+00
2.956207e+00	8.789997e+01	1.000000e-01	3.845253e-13	-1.000000e+00	0.000000e+00
2.956207e+00	5.413304e+01	1.274275e-01	6.243937e-13	-1.000000e+00	0.000000e+00
2.956207e+00	3.333774e+01	1.623777e-01	1.013915e-12	-1.000000e+00	0.000000e+00
2.956207e+00	2.053099e+01	2.069138e-01	1.646518e-12	-1.000000e+00	0.000000e+00
2.956207e+00	1.264398e+01	2.636651e-01	2.674118e-12	-1.000000e+00	0.000000e+00
2.956207e+00	7.786780e+00	3.359818e-01	4.344104e-12	-1.000000e+00	0.000000e+00
2.956207e+00	4.795484e+00	4.281332e-01	7.060501e-12	-1.000000e+00	0.000000e+00
2.956207e+00	2.953303e+00	5.455595e-01	1.148640e-11	-1.000000e+00	0.000000e+00
2.956207e+00	1.818801e+00	6.951928e-01	1.871871e-11	-1.000000e+00	0.000000e+00
2.956207e+00	1.120122e+00	8.858668e-01	3.059349e-11	-1.000000e+00	0.000000e+00
2.956207e+00	6.898437e-01	1.128838e+00	5.023499e-11	-1.000000e+00	0.000000e+00
2.956207e+00	4.248491e-01	1.438450e+00	8.234462e-11	-1.000000e+00	0.000000e+00
2.956207e+00	2.613541e-01	1.832981e+00	1.373312e-10	-1.000000e+00	0.000000e+00
2.956207e+00	1.611269e-01	2.335721e+00	2.126738e-10	-1.000000e+00	0.000000e+00
2.956207e+00	9.923248e-02	2.976351e+00	3.488885e-10	-1.000000e+00	0.000000e+00
2.956207e+00	6.110962e-02	3.792690e+00	5.512650e-10	-1.000000e+00	0.000000e+00
2.956207e+00	3.758964e-02	4.832930e+00	9.001770e-10	-1.000000e+00	0.000000e+00
2.956207e+00	2.314910e-02	6.158482e+00	1.455678e-09	-1.000000e+00	0.000000e+00
2.956207e+00	1.425654e-02	7.847600e+00	2.395856e-09	-1.000000e+00	0.000000e+00
2.956207e+00	8.779513e-03	1.000000e+01	3.848501e-09	-1.000000e+00	0.000000e+00
3.156925e+00	7.205391e+01	1.000000e-01	3.427560e-13	-1.000000e+00	0.000000e+00
3.156925e+00	4.437427e+01	1.274275e-01	5.565686e-13	-1.000000e+00	0.000000e+00
3.156925e+00	2.732782e+01	1.623777e-01	9.037781e-13	-1.000000e+00	0.000000e+00
3.156925e+00	1.682979e+01	2.069138e-01	1.467665e-12	-1.000000e+00	0.000000e+00
3.156925e+00	1.036460e+01	2.636651e-01	2.383641e-12	-1.000000e+00	0.000000e+00
3.156925e+00	6.383024e+00	3.359818e-01	3.872228e-12	-1.000000e+00	0.000000e+00
3.156925e+00	3.930980e+00	4.281332e-01	6.293565e-12	-1.000000e+00	0.000000e+00
3.156925e+00	2.420895e+00	5.455595e-01	1.023873e-11	-1.000000e+00	0.000000e+00
3.156925e+00	1.490913e+00	6.951928e-01	1.668553e-11	-1.000000e+00	0.000000e+00
3.156925e+00	9.181865e-01	8.858668e-01	2.727072e-11	-1.000000e+00	0.000000e+00
3.156925e+00	5.654748e-01	1.128838e+00	4.477957e-11	-1.000000e+00	0.000000e+00
3.156925e+00	3.482530e-01	1.438450e+00	7.340300e-11	-1.000000e+00	0.000000e+00
3.156925e+00	2.142309e-01	1.832981e+00	1.224216e-10	-1.000000e+00	0.000000e+00
3.156925e+00	1.320790e-01	2.335721e+00	1.895752e-10	-1.000000e+00	0.000000e+00
3.156925e+00	8.134235e-02	2.976351e+00	3.109995e-10	-1.000000e+00	0.000000e+00
3.156925e+00	5.009325e-02	3.792690e+00	4.913817e-10	-1.000000e+00	0.000000e+00
3.156925e+00	3.081313e-02	4.832930e+00	8.023920e-10	-1.000000e+00	0.000000e+00
3.156925e+00	1.897592e-02	6.158482e+00	1.297543e-09	-1.000000e+00	0.000000e+00
3.156925e+00	1.168637e-02	7.847600e+00	2.135620e-09	-1.000000e+00	0.000000e+00
3.156925e+00	7.196784e-03	1.000000e+01	3.430436e-09	-1.000000e+00	0.000000e+00
3.371271e+00	5.910626e+01	1.000000e-01	3.061418e-13	2.592129e-09	1.000000e+00
3.371271e+00	3.640049e+01	1.274275e-01	4.971143e-13	2.038166e-09	1.000000e+00
3.371271e+00	2.241718e+01	1.623777e-01	8.072338e-13	1.502066e-09	1.000000e+00
3.371271e+00	1.380558e+01	2.069138e-01	1.310885e-12	1.051633e-09	1.000000e+00
3.371271e+00	8.502145e+00	2.636651e-01	2.129015e-12	1.219773e-09	1.000000e+00
3.371271e+00	5.236035e+00	3.359818e-01	3.458590e-12	1.077626e-09	1.000000e+00
3.371271e+00	3.224608e+00	4.281332e-01	5.621288e-12	6.513961e-10	1.000000e+00
3.371271e+00	1.985876e+00	5.455595e-01	9.145069e-12	1.096400e-09	1.000000e+00
3.371271e+00	1.223007e+00	6.951928e-01	1.490335e-11	1.559916e-09	1.000000e+00
3.371271e+00	7.531962e-01	8.858668e-01	2.435826e-11	1.386376e-09	1.000000e+00
3.371271e+00	4.638649e-01	1.128838e+00	3.999810e-11	3.145854e-09	1.000000e+00
3.371271e+00	2.856761e-01	1.438450e+00	6.556644e-11	5.382873e-09	1.000000e+00
3.371271e+00	1.757368e-01	1.832981e+00	1.093566e-10	6.189895e-09	1.000000e+00
3.371271e+00	1.083454e-01	2.335721e+00	1.693286e-10	6.286714e-09	1.000000e+00
3.371271e+00	6.672595e-02	2.976351e+00	2.777910e-10	6.276279e-09	1.000000e+00
3.371271e+00	4.109177e-02	3.792690e+00	4.388879e-10	6.268311e-09	1.000000e+00
3.371271e+00	2.527620e-02	4.832930e+00	7.166774e-10	6.268708e-09	1.000000e+00
3.371271e+00	1.556605e-02	6.158482e+00	1.158925e-09	6.272334e-09	1.000000e+00
3.371271e+00	9.586410e-03	7.847600e+00	1.907516e-09	6.276168e-09	1.000000e+00
3.371271e+00	5.903563e-03	1.000000e+01	3.063973e-09	6.279211e-09	1.000000e+00
3.600170e+00	4.832126e+01	1.000000e-01	2.724356e-13	2.328118e-09	1.000000e+00
3.600170e+00	2.975856e+01	1.274275e-01	4.423821e-13	1.931126e-09	1.000000e+00
3.600170e+00	1.832676e+01	1.623777e-01	7.183575e-13	1.225851e-09	1.000000e+00
3.600170e+00	1.128650e+01	2.069138e-01	1.166556e-12	1.025581e-09	1.000000e+00
3.600170e+00	6.950769e+00	2.636651e-01	1.894611e-12	1.444048e-09	1.000000e+00
3.600170e+00	4.280618e+00	3.359818e-01	3.077799e-12	7.219923e-10	1.000000e+00
3.600170e+00	2.636210e+00	4.281332e-01	5.002381e-12	5.720499e-10	1.000000e+00
3.600170e+00	1.623504e+00	5.455595e-01	8.138185e-12	1.658358e-09	1.000000e+00
3.600170e+00	9.998305e-01	6.951928e-01	1.326245e-11	1.583173e-09	1.000000e+00
3.600170e+00	6.157423e-01	8.858668e-01	2.167628e-11	1.867450e-09	1.000000e+00
3.600170e+00	3.792023e-01	1.128838e+00	3.559388e-11	5.524431e-09	1.000000e+00
3.600170e+00	2.335306e-01	1.438450e+00	5.834656e-11	8.166065e-09	1.000000e+00
3.600170e+00	1.436504e-01	1.832981e+00	9.731302e-11	8.915358e-09	1.000000e+00
3.600170e+00	8.857304e-02	2.335721e+00	1.506845e-10	9.026561e-09	1.000000e+00
3.600170e+00	5.454755e-02	2.976351e+00	2.472032e-10	9.029367e-09	1.000000e+00
3.600170e+00	3.359409e-02	3.792690e+00	3.905671e-10	9.022022e-09	1.000000e+00
3.600170e+00	2.066408e-02	4.832930e+00	6.377701e-10	9.017784e-09	1.000000e+00
3.600170e+00	1.272585e-02	6.158482e+00	1.031328e-09	9.016167e-09	1.000000e+00
3.600170e+00	7.837022e-03	7.847600e+00	1.697486e-09	9.015747e-09	1.000000e+00
3.600170e+00	4.826363e-03	1.000000e+01	2.726627e-09	9.015754e-09	1.000000e+00
3.844611e+00	3.952289e+01	1.000000e-01	2.414690e-13	-1.000000e+00	0.000000e+00
3.844611e+00	2.434010e+01	1.274275e-01	3.920984e-13	-1.000000e+00	0.000000e+00
3.844611e+00	1.498980e+01	1.623777e-01	6.367049e-13	-1.000000e+00	0.000000e+00
3.844611e+00	9.231442e+00	2.069138e-01	1.033959e-12	-1.000000e+00	0.000000e+00
3.844611e+00	5.685164e+00	2.636651e-01	1.679258e-12	-1.000000e+00	0.000000e+00
3.844611e+00	3.501194e+00	3.359818e-01	2.727958e-12	-1.000000e+00	0.000000e+00
3.844611e+00	2.156199e+00	4.281332e-01	4.433780e-12	-1.000000e+00	0.000000e+00
3.844611e+00	1.327885e+00	5.455595e-01	7.213147e-12	-1.000000e+00	0.000000e+00
3.844611e+00	8.177683e-01	6.951928e-01	1.175494e-11	-1.000000e+00	0.000000e+00
3.844611e+00	5.036130e-01	8.858668e-01	1.921237e-11	-1.000000e+00	0.000000e+00
3.844611e+00	3.101406e-01	1.128838e+00	3.154787e-11	-1.000000e+00	0.000000e+00
3.844611e+00	1.909953e-01	1.438450e+00	5.171408e-11	-1.000000e+00	0.000000e+00
3.844611e+00	1.174797e-01	1.832981e+00	8.625009e-11	-1.000000e+00	0.000000e+00
3.844611e+00	7.244352e-02	2.335721e+00	1.335563e-10	-1.000000e+00	0.000000e+00
3.844611e+00	4.461325e-02	2.976351e+00	2.191033e-10	-1.000000e+00	0.000000e+00
3.844611e+00	2.747744e-02	3.792690e+00	3.461733e-10	-1.000000e+00	0.000000e+00
3.844611e+00	1.690155e-02	4.832930e+00	5.652771e-10	-1.000000e+00	0.000000e+00
3.844611e+00	1.040881e-02	6.158482e+00	9.141017e-10	-1.000000e+00	0.000000e+00
3.844611e+00	6.409927e-03	7.847600e+00	1.504534e-09	-1.000000e+00	0.000000e+00
3.844611e+00	3.947588e-03	1.000000e+01	2.416701e-09	-1.000000e+00	0.000000e+00
4.105649e+00	3.241817e+01	1.000000e-01	2.111653e-13	2.010650e-09	1.000000e+00
4.105649e+00	1.996467e+01	1.274275e-01	3.428911e-13	1.548824e-09	1.000000e+00
4.105649e+00	1.229521e+01	1.623777e-01	5.568002e-13	1.272191e-09	1.000000e+00
4.105649e+00	7.571980e+00	2.069138e-01	9.042000e-13	1.161759e-09	1.000000e+00
4.105649e+00	4.663188e+00	2.636651e-01	1.468517e-12	1.148869e-09	1.000000e+00
4.105649e+00	2.871813e+00	3.359818e-01	2.385611e-12	1.211482e-09	1.000000e+00
4.105649e+00	1.768597e+00	4.281332e-01	3.877367e-12	1.339362e-09	1.000000e+00
4.105649e+00	1.089183e+00	5.455595e-01	6.307965e-12	1.659577e-09	1.000000e+00
4.105649e+00	6.707659e-01	6.951928e-01	1.027989e-11	2.412866e-09	1.000000e+00
4.105649e+00	4.130840e-01	8.858668e-01	1.680175e-11	3.989201e-09	1.000000e+00
4.105649e+00	2.543907e-01	1.128838e+00	2.759014e-11	5.080718e-09	1.000000e+00
4.105649e+00	1.566630e-01	1.438450e+00	4.522737e-11	5.307064e-09	1.000000e+00
4.105649e+00	9.636271e-02	1.832981e+00	7.543498e-11	5.273994e-09	1.000000e+00
4.105649e+00	5.942107e-02	2.335721e+00	1.167984e-10	5.247589e-09	1.000000e+00
4.105649e+00	3.659369e-02	2.976351e+00	1.916159e-10	5.243913e-09	1.000000e+00
4.105649e+00	2.253802e-02	3.792690e+00	3.027274e-10	5.249950e-09	1.000000e+00
4.105649e+00	1.386332e-02	4.832930e+00	4.943369e-10	5.257655e-09	1.000000e+00
4.105649e+00	8.537714e-03	6.158482e+00	7.993790e-10	5.264081e-09	1.000000e+00
4.105649e+00	5.257681e-03	7.847600e+00	1.315742e-09	5.268725e-09	1.000000e+00
4.105649e+00	3.237967e-03	1.000000e+01	2.113406e-09	5.271855e-09	1.000000e+00
4.384411e+00	2.661215e+01	1.000000e-01	1.744014e-13	-1.000000e+00	0.000000e+00
4.384411e+00	1.638905e+01	1.274275e-01	2.831937e-13	-1.000000e+00	0.000000e+00
4.384411e+00	1.009316e+01	1.623777e-01	4.598612e-13	-1.000000e+00	0.000000e+00
4.384411e+00	6.215857e+00	2.069138e-01	7.467790e-13	-1.000000e+00	0.000000e+00
4.384411e+00	3.828023e+00	2.636651e-01	1.212849e-12	-1.000000e+00	0.000000e+00
4.384411e+00	2.357480e+00	3.359818e-01	1.970281e-12	-1.000000e+00	0.000000e+00
4.384411e+00	1.451849e+00	4.281332e-01	3.202334e-12	-1.000000e+00	0.000000e+00
4.384411e+00	8.941167e-01	5.455595e-01	5.209808e-12	-1.000000e+00	0.000000e+00
4.384411e+00	5.506382e-01	6.951928e-01	8.490355e-12	-1.000000e+00	0.000000e+00
4.384411e+00	3.391074e-01	8.858668e-01	1.387718e-11	-1.000000e+00	0.000000e+00
4.384411e+00	2.088365e-01	1.128838e+00	2.278854e-11	-1.000000e+00	0.000000e+00
4.384411e+00	1.286106e-01	1.438450e+00	3.735742e-11	-1.000000e+00	0.000000e+00
4.384411e+00	7.920281e-02	1.832981e+00	6.262777e-11	-1.000000e+00	0.000000e+00
4.384411e+00	4.877956e-02	2.335721e+00	9.646703e-11	-1.000000e+00	0.000000e+00
4.384411e+00	3.004065e-02	2.976351e+00	1.582658e-10	-1.000000e+00	0.000000e+00
4.384411e+00	1.850134e-02	3.792690e+00	2.500142e-10	-1.000000e+00	0.000000e+00
4.384411e+00	1.139405e-02	4.832930e+00	4.104117e-10	-1.000000e+00	0.000000e+00
4.384411e+00	7.017210e-03	6.158482e+00	6.637570e-10	-1.000000e+00	0.000000e+00
4.384411e+00	4.321633e-03	7.847600e+00	1.092806e-09	-1.000000e+00	0.000000e+00
4.384411e+00	2.661621e-03	1.000000e+01	1.755735e-09	-1.000000e+00	0.000000e+00
4.682099e+00	2.184947e+01	1.000000e-01	1.020893e-13	-1.000000e+00	0.000000e+00
4.682099e+00	1.345596e+01	1.274275e-01	1.657730e-13	-1.000000e+00	0.000000e+00
4.682099e+00	8.286828e+00	1.623777e-01	2.691889e-13	-1.000000e+00	0.000000e+00
4.682099e+00	5.103429e+00	2.069138e-01	4.371420e-13	-1.000000e+00	0.000000e+00
4.682099e+00	3.142938e+00	2.636651e-01	7.099661e-13	-1.000000e+00	0.000000e+00
4.682099e+00	1.935573e+00	3.359818e-01	1.153346e-12	-1.000000e+00	0.000000e+00
4.682099e+00	1.192019e+00	4.281332e-01	1.874560e-12	-1.000000e+00	0.000000e+00
4.682099e+00	7.341033e-01	5.455595e-01	3.049700e-12	-1.000000e+00	0.000000e+00
4.682099e+00	4.520967e-01	6.951928e-01	4.970115e-12	-1.000000e+00	0.000000e+00
4.682099e+00	2.784236e-01	8.858668e-01	8.123648e-12	-1.000000e+00	0.000000e+00
4.682099e+00	1.714674e-01	1.128838e+00	1.334082e-11	-1.000000e+00	0.000000e+00
4.682099e+00	1.055984e-01	1.438450e+00	2.187038e-11	-1.000000e+00	0.000000e+00
4.682099e+00	6.503357e-02	1.832981e+00	3.666815e-11	-1.000000e+00	0.000000e+00
4.682099e+00	4.005021e-02	2.335721e+00	5.647070e-11	-1.000000e+00	0.000000e+00
4.682099e+00	2.466505e-02	2.976351e+00	9.264984e-11	-1.000000e+00	0.000000e+00
4.682099e+00	1.519007e-02	3.792690e+00	1.463451e-10	-1.000000e+00	0.000000e+00
4.682099e+00	9.354893e-03	4.832930e+00	2.402387e-10	-1.000000e+00	0.000000e+00
4.682099e+00	5.761312e-03	6.158482e+00	3.885248e-10	-1.000000e+00	0.000000e+00
4.682099e+00	3.548206e-03	7.847600e+00	6.396758e-10	-1.000000e+00	0.000000e+00
4.682099e+00	2.185237e-03	1.000000e+01	1.027653e-09	-1.000000e+00	0.000000e+00
5.000000e+00	1.794258e+01	1.000000e-01	  nan	-1.000000e+00	0.000000e+00
5.000000e+00	1.104991e+01	1.274275e-01	  nan	-1.000000e+00	0.000000e+00
5.000000e+00	6.805067e+00	1.623777e-01	  nan	-1.000000e+00	0.000000e+00
5.000000e+00	4.190889e+00	2.069138e-01	  nan	-1.000000e+00	0.000000e+00
5.000000e+00	2.580953e+00	2.636651e-01	  nan	-1.000000e+00	0.000000e+00
5.000000e+00	1.589476e+00	3.359818e-01	  nan	-1.000000e+00	0.000000e+00
5.000000e+00	9.788777e-01	4.281332e-01	  nan	-1.000000e+00	0.000000e+00
5.000000e+00	6.028421e-01	5.455595e-01	  nan	-1.000000e+00	0.000000e+00
5.000000e+00	3.712615e-01	6.951928e-01	  nan	-1.000000e+00	0.000000e+00
5.000000e+00	2.286434e-01	8.858668e-01	  nan	-1.000000e+00	0.000000e+00
5.000000e+00	1.408126e-01	1.128838e+00	  nan	-1.000000e+00	0.000000e+00
5.000000e+00	8.672077e-02	1.438450e+00	  nan	-1.000000e+00	0.000000e+00
5.000000e+00	5.340996e-02	1.832981e+00	  nan	-1.000000e+00	0.000000e+00
5.000000e+00	3.288940e-02	2.335721e+00	  nan	-1.000000e+00	0.000000e+00
5.000000e+00	2.025535e-02	2.976351e+00	  nan	-1.000000e+00	0.000000e+00
5.000000e+00	1.247381e-02	3.792690e+00	  nan	-1.000000e+00	0.000000e+00
5.000000e+00	7.682167e-03	4.832930e+00	  nan	-1.000000e+00	0.000000e+00
5.000000e+00	4.731103e-03	6.158482e+00	  nan	-1.000000e+00	0.000000e+00
5.000000e+00	2.913768e-03	7.847600e+00	  nan	-1.000000e+00	0.000000e+00
5.000000e+00	1.794468e-03	1.000000e+01	  nan	-1.000000e+00	0.000000e+00
