#m [GeV],  tau [ps], c, BRtheo(B+->K+mumu), BRexp, allowed/excluded(1/0)
2.000000e-01	2.935267e+01	1.000000e+01	0.000000e+00	-1.000000e+00	0.000000e+00
2.000000e-01	2.052583e+01	1.196033e+01	0.000000e+00	-1.000000e+00	0.000000e+00
2.000000e-01	1.434323e+01	1.430495e+01	0.000000e+00	-1.000000e+00	0.000000e+00
2.000000e-01	1.003097e+01	1.710920e+01	0.000000e+00	-1.000000e+00	0.000000e+00
2.000000e-01	7.007925e+00	2.046317e+01	0.000000e+00	-1.000000e+00	0.000000e+00
2.000000e-01	4.899417e+00	2.447463e+01	0.000000e+00	-1.000000e+00	0.000000e+00
2.000000e-01	3.426129e+00	2.927247e+01	0.000000e+00	-1.000000e+00	0.000000e+00
2.000000e-01	2.393889e+00	3.501084e+01	0.000000e+00	-1.000000e+00	0.000000e+00
2.000000e-01	1.673477e+00	4.187413e+01	0.000000e+00	-1.000000e+00	0.000000e+00
2.000000e-01	1.169932e+00	5.008285e+01	0.000000e+00	-1.000000e+00	0.000000e+00
2.000000e-01	8.178400e-01	5.990075e+01	0.000000e+00	-1.000000e+00	0.000000e+00
2.000000e-01	5.718238e-01	7.164328e+01	0.000000e+00	-1.000000e+00	0.000000e+00
2.000000e-01	3.996359e-01	8.568774e+01	0.000000e+00	-1.000000e+00	0.000000e+00
2.000000e-01	2.793668e-01	1.024854e+02	0.000000e+00	-1.000000e+00	0.000000e+00
2.000000e-01	1.953027e-01	1.225759e+02	0.000000e+00	-1.000000e+00	0.000000e+00
2.000000e-01	1.365428e-01	1.466049e+02	0.000000e+00	-1.000000e+00	0.000000e+00
2.000000e-01	9.546820e-02	1.753443e+02	0.000000e+00	-1.000000e+00	0.000000e+00
2.000000e-01	6.671668e-02	2.097176e+02	0.000000e+00	-1.000000e+00	0.000000e+00
2.000000e-01	4.663867e-02	2.508292e+02	0.000000e+00	-1.000000e+00	0.000000e+00
2.000000e-01	3.260365e-02	3.000000e+02	0.000000e+00	-1.000000e+00	0.000000e+00
2.135794e-01	2.400538e+01	1.000000e+01	1.000987e-07	-1.000000e+00	0.000000e+00
2.135794e-01	1.678562e+01	1.196033e+01	1.458699e-07	-1.000000e+00	0.000000e+00
2.135794e-01	1.173035e+01	1.430495e+01	2.043716e-07	-1.000000e+00	0.000000e+00
2.135794e-01	8.203062e+00	1.710920e+01	2.991201e-07	-1.000000e+00	0.000000e+00
2.135794e-01	5.731465e+00	2.046317e+01	4.142172e-07	-1.000000e+00	0.000000e+00
2.135794e-01	4.006938e+00	2.447463e+01	5.961246e-07	-1.000000e+00	0.000000e+00
2.135794e-01	2.801865e+00	2.927247e+01	8.687227e-07	-1.000000e+00	0.000000e+00
2.135794e-01	1.957862e+00	3.501084e+01	1.210830e-06	-1.000000e+00	0.000000e+00
2.135794e-01	1.368664e+00	4.187413e+01	1.733367e-06	-1.000000e+00	0.000000e+00
2.135794e-01	9.568253e-01	5.008285e+01	2.489609e-06	-1.000000e+00	0.000000e+00
2.135794e-01	6.688689e-01	5.990075e+01	3.559038e-06	-1.000000e+00	0.000000e+00
2.135794e-01	4.676506e-01	7.164328e+01	5.142762e-06	-1.000000e+00	0.000000e+00
2.135794e-01	3.268453e-01	8.568774e+01	7.254447e-06	-1.000000e+00	0.000000e+00
2.135794e-01	2.284826e-01	1.024854e+02	1.037222e-05	-1.000000e+00	0.000000e+00
2.135794e-01	1.597289e-01	1.225759e+02	1.487426e-05	-1.000000e+00	0.000000e+00
2.135794e-01	1.116699e-01	1.466049e+02	2.140125e-05	-1.000000e+00	0.000000e+00
2.135794e-01	7.807536e-02	1.753443e+02	3.089926e-05	-1.000000e+00	0.000000e+00
2.135794e-01	5.456481e-02	2.097176e+02	4.343809e-05	-1.000000e+00	0.000000e+00
2.135794e-01	3.814389e-02	2.508292e+02	6.211091e-05	-1.000000e+00	0.000000e+00
2.135794e-01	2.666515e-02	3.000000e+02	8.891155e-05	-1.000000e+00	0.000000e+00
2.280808e-01	1.962438e+01	1.000000e+01	2.265363e-07	1.848263e-08	0.000000e+00
2.280808e-01	1.372132e+01	1.196033e+01	3.301007e-07	1.396830e-08	0.000000e+00
2.280808e-01	9.589623e+00	1.430495e+01	4.625228e-07	1.072429e-08	0.000000e+00
2.280808e-01	6.705488e+00	1.710920e+01	6.768960e-07	8.450381e-09	0.000000e+00
2.280808e-01	4.685662e+00	2.046317e+01	9.374657e-07	6.982711e-09	0.000000e+00
2.280808e-01	3.275734e+00	2.447463e+01	1.349134e-06	6.023487e-09	0.000000e+00
2.280808e-01	2.290414e+00	2.927247e+01	1.965939e-06	5.314657e-09	0.000000e+00
2.280808e-01	1.600625e+00	3.501084e+01	2.740392e-06	4.783761e-09	0.000000e+00
2.280808e-01	1.118930e+00	4.187413e+01	3.923005e-06	4.506970e-09	0.000000e+00
2.280808e-01	7.822271e-01	5.008285e+01	5.634475e-06	4.426388e-09	0.000000e+00
2.280808e-01	5.468172e-01	5.990075e+01	8.054818e-06	4.318836e-09	0.000000e+00
2.280808e-01	3.823023e-01	7.164328e+01	1.163868e-05	4.146256e-09	0.000000e+00
2.280808e-01	2.672079e-01	8.568774e+01	1.641850e-05	4.005646e-09	0.000000e+00
2.280808e-01	1.867932e-01	1.024854e+02	2.347479e-05	3.922994e-09	0.000000e+00
2.280808e-01	1.305833e-01	1.225759e+02	3.366366e-05	3.882747e-09	0.000000e+00
2.280808e-01	9.129173e-02	1.466049e+02	4.843465e-05	3.868180e-09	0.000000e+00
2.280808e-01	6.382555e-02	1.753443e+02	6.992793e-05	3.866464e-09	0.000000e+00
2.280808e-01	4.460878e-02	2.097176e+02	9.831062e-05	3.870034e-09	0.000000e+00
2.280808e-01	3.118410e-02	2.508292e+02	1.405718e-04	3.875073e-09	0.000000e+00
2.280808e-01	2.179974e-02	3.000000e+02	2.012276e-04	3.879912e-09	0.000000e+00
2.435668e-01	1.609602e+01	1.000000e+01	2.622523e-07	3.457298e-09	0.000000e+00
2.435668e-01	1.125410e+01	1.196033e+01	3.821381e-07	2.626769e-09	0.000000e+00
2.435668e-01	7.865472e+00	1.430495e+01	5.354460e-07	2.078049e-09	0.000000e+00
2.435668e-01	5.499762e+00	1.710920e+01	7.836004e-07	1.678908e-09	0.000000e+00
2.435668e-01	3.843246e+00	2.046317e+01	1.085280e-06	1.375554e-09	0.000000e+00
2.435668e-01	2.686787e+00	2.447463e+01	1.561849e-06	1.198155e-09	0.000000e+00
2.435668e-01	1.878585e+00	2.927247e+01	2.275863e-06	1.122770e-09	0.000000e+00
2.435668e-01	1.312857e+00	3.501084e+01	3.172486e-06	1.107010e-09	0.000000e+00
2.435668e-01	9.177628e-01	4.187413e+01	4.541565e-06	1.122377e-09	0.000000e+00
2.435668e-01	6.415916e-01	5.008285e+01	6.522867e-06	1.198064e-09	0.000000e+00
2.435668e-01	4.485060e-01	5.990075e+01	9.324832e-06	1.357060e-09	0.000000e+00
2.435668e-01	3.135659e-01	7.164328e+01	1.347364e-05	1.500371e-09	0.000000e+00
2.435668e-01	2.191679e-01	8.568774e+01	1.900730e-05	1.561315e-09	0.000000e+00
2.435668e-01	1.532106e-01	1.024854e+02	2.717621e-05	1.565203e-09	0.000000e+00
2.435668e-01	1.071061e-01	1.225759e+02	3.897153e-05	1.552730e-09	0.000000e+00
2.435668e-01	7.487828e-02	1.466049e+02	5.607120e-05	1.541002e-09	0.000000e+00
2.435668e-01	5.234981e-02	1.753443e+02	8.095253e-05	1.532856e-09	0.000000e+00
2.435668e-01	3.658880e-02	2.097176e+02	1.138119e-04	1.527704e-09	0.000000e+00
2.435668e-01	2.557769e-02	2.508292e+02	1.627367e-04	1.524549e-09	0.000000e+00
2.435668e-01	1.788048e-02	3.000000e+02	2.329563e-04	1.522623e-09	0.000000e+00
2.601043e-01	1.321547e+01	1.000000e+01	2.696485e-07	4.918160e-09	0.000000e+00
2.601043e-01	9.240035e+00	1.196033e+01	3.929143e-07	3.818990e-09	0.000000e+00
2.601043e-01	6.457867e+00	1.430495e+01	5.505471e-07	3.071159e-09	0.000000e+00
2.601043e-01	4.515509e+00	1.710920e+01	8.056974e-07	2.455878e-09	0.000000e+00
2.601043e-01	3.155463e+00	2.046317e+01	1.115890e-06	2.038933e-09	0.000000e+00
2.601043e-01	2.205961e+00	2.447463e+01	1.605898e-06	1.880519e-09	0.000000e+00
2.601043e-01	1.542390e+00	2.927247e+01	2.340043e-06	1.866900e-09	0.000000e+00
2.601043e-01	1.077910e+00	3.501084e+01	3.261964e-06	1.821113e-09	0.000000e+00
2.601043e-01	7.535212e-01	4.187413e+01	4.669657e-06	1.765128e-09	0.000000e+00
2.601043e-01	5.267729e-01	5.008285e+01	6.706837e-06	1.950947e-09	0.000000e+00
2.601043e-01	3.682417e-01	5.990075e+01	9.587829e-06	2.251270e-09	0.000000e+00
2.601043e-01	2.574500e-01	7.164328e+01	1.385363e-05	2.253074e-09	0.000000e+00
2.601043e-01	1.799459e-01	8.568774e+01	1.954339e-05	1.985084e-09	0.000000e+00
2.601043e-01	1.257923e-01	1.024854e+02	2.794270e-05	1.683246e-09	0.000000e+00
2.601043e-01	8.793854e-02	1.225759e+02	4.007069e-05	1.497050e-09	0.000000e+00
2.601043e-01	6.147809e-02	1.466049e+02	5.765260e-05	1.410815e-09	0.000000e+00
2.601043e-01	4.298125e-02	1.753443e+02	8.323555e-05	1.382858e-09	0.000000e+00
2.601043e-01	3.004092e-02	2.097176e+02	1.170219e-04	1.382829e-09	0.000000e+00
2.601043e-01	2.100034e-02	2.508292e+02	1.673266e-04	1.393617e-09	0.000000e+00
2.601043e-01	1.468061e-02	3.000000e+02	2.395267e-04	1.406872e-09	0.000000e+00
2.777646e-01	1.085566e+01	1.000000e+01	2.633447e-07	2.137916e-09	0.000000e+00
2.777646e-01	7.590126e+00	1.196033e+01	3.837305e-07	1.722542e-09	0.000000e+00
2.777646e-01	5.304719e+00	1.430495e+01	5.376762e-07	1.393249e-09	0.000000e+00
2.777646e-01	3.709218e+00	1.710920e+01	7.868658e-07	1.130567e-09	0.000000e+00
2.777646e-01	2.592002e+00	2.046317e+01	1.089799e-06	9.980026e-10	0.000000e+00
2.777646e-01	1.812052e+00	2.447463e+01	1.568353e-06	9.705939e-10	0.000000e+00
2.777646e-01	1.266978e+00	2.927247e+01	2.285345e-06	1.001118e-09	0.000000e+00
2.777646e-01	8.854305e-01	3.501084e+01	3.185697e-06	1.058266e-09	0.000000e+00
2.777646e-01	6.189673e-01	4.187413e+01	4.560477e-06	1.149775e-09	0.000000e+00
2.777646e-01	4.327092e-01	5.008285e+01	6.550032e-06	1.276467e-09	0.000000e+00
2.777646e-01	3.024862e-01	5.990075e+01	9.363666e-06	1.389166e-09	0.000000e+00
2.777646e-01	2.114787e-01	7.164328e+01	1.352976e-05	1.461927e-09	0.000000e+00
2.777646e-01	1.478136e-01	8.568774e+01	1.908645e-05	1.502195e-09	0.000000e+00
2.777646e-01	1.033299e-01	1.024854e+02	2.728938e-05	1.518570e-09	0.000000e+00
2.777646e-01	7.223566e-02	1.225759e+02	3.913382e-05	1.521126e-09	0.000000e+00
2.777646e-01	5.050023e-02	1.466049e+02	5.630473e-05	1.517496e-09	0.000000e+00
2.777646e-01	3.530637e-02	1.753443e+02	8.128976e-05	1.511943e-09	0.000000e+00
2.777646e-01	2.467660e-02	2.097176e+02	1.142858e-04	1.506458e-09	0.000000e+00
2.777646e-01	1.725037e-02	2.508292e+02	1.634143e-04	1.501801e-09	0.000000e+00
2.777646e-01	1.205914e-02	3.000000e+02	2.339264e-04	1.498129e-09	0.000000e+00
2.966240e-01	8.919386e+00	1.000000e+01	2.498988e-07	1.832990e-09	0.000000e+00
2.966240e-01	6.236362e+00	1.196033e+01	3.641409e-07	1.477925e-09	0.000000e+00
2.966240e-01	4.358538e+00	1.430495e+01	5.102230e-07	1.236854e-09	0.000000e+00
2.966240e-01	3.047651e+00	1.710920e+01	7.466969e-07	1.105701e-09	0.000000e+00
2.966240e-01	2.129669e+00	2.046317e+01	1.034151e-06	1.067355e-09	0.000000e+00
2.966240e-01	1.488842e+00	2.447463e+01	1.488273e-06	1.091442e-09	0.000000e+00
2.966240e-01	1.040999e+00	2.927247e+01	2.168672e-06	1.189294e-09	0.000000e+00
2.966240e-01	7.274965e-01	3.501084e+01	3.023024e-06	1.371865e-09	0.000000e+00
2.966240e-01	5.085624e-01	4.187413e+01	4.327605e-06	1.725980e-09	0.000000e+00
2.966240e-01	3.555276e-01	5.008285e+01	6.215578e-06	2.132142e-09	0.000000e+00
2.966240e-01	2.485323e-01	5.990075e+01	8.885542e-06	2.401284e-09	0.000000e+00
2.966240e-01	1.737583e-01	7.164328e+01	1.283897e-05	2.532725e-09	0.000000e+00
2.966240e-01	1.214481e-01	8.568774e+01	1.811183e-05	2.584578e-09	0.000000e+00
2.966240e-01	8.489897e-02	1.024854e+02	2.589589e-05	2.600474e-09	0.000000e+00
2.966240e-01	5.935106e-02	1.225759e+02	3.713556e-05	2.601537e-09	0.000000e+00
2.966240e-01	4.149266e-02	1.466049e+02	5.342981e-05	2.597331e-09	0.000000e+00
2.966240e-01	2.900900e-02	1.753443e+02	7.713941e-05	2.591958e-09	0.000000e+00
2.966240e-01	2.027504e-02	2.097176e+02	1.084500e-04	2.587004e-09	0.000000e+00
2.966240e-01	1.417342e-02	2.508292e+02	1.550698e-04	2.582959e-09	0.000000e+00
2.966240e-01	9.908154e-03	3.000000e+02	2.219813e-04	2.579844e-09	0.000000e+00
3.167639e-01	7.329319e+00	1.000000e+01	2.328446e-07	1.939767e-09	0.000000e+00
3.167639e-01	5.124651e+00	1.196033e+01	3.392937e-07	1.577611e-09	0.000000e+00
3.167639e-01	3.581533e+00	1.430495e+01	4.754027e-07	1.294673e-09	0.000000e+00
3.167639e-01	2.504372e+00	1.710920e+01	6.957469e-07	1.231327e-09	0.000000e+00
3.167639e-01	1.750000e+00	2.046317e+01	9.635703e-07	1.328167e-09	0.000000e+00
3.167639e-01	1.223421e+00	2.447463e+01	1.386702e-06	1.450835e-09	0.000000e+00
3.167639e-01	8.554253e-01	2.927247e+01	2.020687e-06	1.542513e-09	0.000000e+00
3.167639e-01	5.978009e-01	3.501084e+01	2.816701e-06	1.909629e-09	0.000000e+00
3.167639e-01	4.178978e-01	4.187413e+01	4.032245e-06	2.610465e-09	0.000000e+00
3.167639e-01	2.921461e-01	5.008285e+01	5.791375e-06	3.166195e-09	0.000000e+00
3.167639e-01	2.042252e-01	5.990075e+01	8.279114e-06	3.383981e-09	0.000000e+00
3.167639e-01	1.427824e-01	7.164328e+01	1.196279e-05	3.394843e-09	0.000000e+00
3.167639e-01	9.979675e-02	8.568774e+01	1.687569e-05	3.356446e-09	0.000000e+00
3.167639e-01	6.976346e-02	1.024854e+02	2.412847e-05	3.322413e-09	0.000000e+00
3.167639e-01	4.877021e-02	1.225759e+02	3.460107e-05	3.300321e-09	0.000000e+00
3.167639e-01	3.409564e-02	1.466049e+02	4.978339e-05	3.287487e-09	0.000000e+00
3.167639e-01	2.383759e-02	1.753443e+02	7.187525e-05	3.280399e-09	0.000000e+00
3.167639e-01	1.666047e-02	2.097176e+02	1.010482e-04	3.276569e-09	0.000000e+00
3.167639e-01	1.164663e-02	2.508292e+02	1.444861e-04	3.274516e-09	0.000000e+00
3.167639e-01	8.141762e-03	3.000000e+02	2.068309e-04	3.273410e-09	0.000000e+00
3.382713e-01	6.022961e+00	1.000000e+01	2.142436e-07	1.789906e-09	0.000000e+00
3.382713e-01	4.211291e+00	1.196033e+01	3.121921e-07	1.465017e-09	0.000000e+00
3.382713e-01	2.943167e+00	1.430495e+01	4.374241e-07	1.291131e-09	0.000000e+00
3.382713e-01	2.058024e+00	1.710920e+01	6.401743e-07	1.305678e-09	0.000000e+00
3.382713e-01	1.438075e+00	2.046317e+01	8.865887e-07	1.438510e-09	0.000000e+00
3.382713e-01	1.005359e+00	2.447463e+01	1.275920e-06	1.659741e-09	0.000000e+00
3.382713e-01	7.029620e-01	2.927247e+01	1.859276e-06	2.026810e-09	0.000000e+00
3.382713e-01	4.912469e-01	3.501084e+01	2.591667e-06	2.731387e-09	0.000000e+00
3.382713e-01	3.434104e-01	4.187413e+01	3.710099e-06	3.485317e-09	0.000000e+00
3.382713e-01	2.400737e-01	5.008285e+01	5.328700e-06	3.913796e-09	0.000000e+00
3.382713e-01	1.678238e-01	5.990075e+01	7.617691e-06	4.059860e-09	0.000000e+00
3.382713e-01	1.173333e-01	7.164328e+01	1.100714e-05	4.077826e-09	0.000000e+00
3.382713e-01	8.200865e-02	8.568774e+01	1.552744e-05	4.062279e-09	0.000000e+00
3.382713e-01	5.732858e-02	1.024854e+02	2.220077e-05	4.042550e-09	0.000000e+00
3.382713e-01	4.007729e-02	1.225759e+02	3.183673e-05	4.026091e-09	0.000000e+00
3.382713e-01	2.801844e-02	1.466049e+02	4.580627e-05	4.013849e-09	0.000000e+00
3.382713e-01	1.958889e-02	1.753443e+02	6.613359e-05	4.005126e-09	0.000000e+00
3.382713e-01	1.369085e-02	2.097176e+02	9.297514e-05	3.999008e-09	0.000000e+00
3.382713e-01	9.570693e-03	2.508292e+02	1.329427e-04	3.994750e-09	0.000000e+00
3.382713e-01	6.690548e-03	3.000000e+02	1.903066e-04	3.991788e-09	0.000000e+00
3.612389e-01	4.949431e+00	1.000000e+01	1.953391e-07	1.479529e-09	0.000000e+00
3.612389e-01	3.460709e+00	1.196033e+01	2.846478e-07	1.177743e-09	0.000000e+00
3.612389e-01	2.418575e+00	1.430495e+01	3.988260e-07	1.145457e-09	0.000000e+00
3.612389e-01	1.691224e+00	1.710920e+01	5.836934e-07	1.299811e-09	0.000000e+00
3.612389e-01	1.181745e+00	2.046317e+01	8.083521e-07	1.414958e-09	0.000000e+00
3.612389e-01	8.261613e-01	2.447463e+01	1.163331e-06	1.436481e-09	0.000000e+00
3.612389e-01	5.776707e-01	2.927247e+01	1.695230e-06	1.809629e-09	0.000000e+00
3.612389e-01	4.036842e-01	3.501084e+01	2.362964e-06	2.563119e-09	0.000000e+00
3.612389e-01	2.821991e-01	4.187413e+01	3.382702e-06	3.121379e-09	0.000000e+00
3.612389e-01	1.972821e-01	5.008285e+01	4.858480e-06	3.311175e-09	0.000000e+00
3.612389e-01	1.379103e-01	5.990075e+01	6.945482e-06	3.293743e-09	0.000000e+00
3.612389e-01	9.641994e-02	7.164328e+01	1.003589e-05	3.240733e-09	0.000000e+00
3.612389e-01	6.739097e-02	8.568774e+01	1.415722e-05	3.201244e-09	0.000000e+00
3.612389e-01	4.711000e-02	1.024854e+02	2.024166e-05	3.178482e-09	0.000000e+00
3.612389e-01	3.293373e-02	1.225759e+02	2.902732e-05	3.166980e-09	0.000000e+00
3.612389e-01	2.302438e-02	1.466049e+02	4.176427e-05	3.161793e-09	0.000000e+00
3.612389e-01	1.609742e-02	1.753443e+02	6.029821e-05	3.159800e-09	0.000000e+00
3.612389e-01	1.125052e-02	2.097176e+02	8.477051e-05	3.159287e-09	0.000000e+00
3.612389e-01	7.864755e-03	2.508292e+02	1.212111e-04	3.159387e-09	0.000000e+00
3.612389e-01	5.497987e-03	3.000000e+02	1.735130e-04	3.159690e-09	0.000000e+00
3.857659e-01	4.067129e+00	1.000000e+01	1.768838e-07	1.164638e-09	0.000000e+00
3.857659e-01	2.843822e+00	1.196033e+01	2.577575e-07	1.010329e-09	0.000000e+00
3.857659e-01	1.987430e+00	1.430495e+01	3.611453e-07	1.026778e-09	0.000000e+00
3.857659e-01	1.389757e+00	1.710920e+01	5.285535e-07	1.089006e-09	0.000000e+00
3.857659e-01	9.710775e-01	2.046317e+01	7.319759e-07	1.054531e-09	0.000000e+00
3.857659e-01	6.788851e-01	2.447463e+01	1.053419e-06	1.033887e-09	0.000000e+00
3.857659e-01	4.746968e-01	2.927247e+01	1.535079e-06	1.202258e-09	0.000000e+00
3.857659e-01	3.317198e-01	3.501084e+01	2.139701e-06	1.392202e-09	0.000000e+00
3.857659e-01	2.318918e-01	4.187413e+01	3.063090e-06	1.402959e-09	0.000000e+00
3.857659e-01	1.621132e-01	5.008285e+01	4.399440e-06	1.288490e-09	0.000000e+00
3.857659e-01	1.133254e-01	5.990075e+01	6.289256e-06	1.175097e-09	0.000000e+00
3.857659e-01	7.923187e-02	7.164328e+01	9.087727e-06	1.110644e-09	0.000000e+00
3.857659e-01	5.537725e-02	8.568774e+01	1.281958e-05	1.083764e-09	0.000000e+00
3.857659e-01	3.871174e-02	1.024854e+02	1.832913e-05	1.077634e-09	0.000000e+00
3.857659e-01	2.706270e-02	1.225759e+02	2.628472e-05	1.080808e-09	0.000000e+00
3.857659e-01	1.891993e-02	1.466049e+02	3.781836e-05	1.087109e-09	0.000000e+00
3.857659e-01	1.322787e-02	1.753443e+02	5.460149e-05	1.093658e-09	0.000000e+00
3.857659e-01	9.244897e-03	2.097176e+02	7.676101e-05	1.099340e-09	0.000000e+00
3.857659e-01	6.462710e-03	2.508292e+02	1.097585e-04	1.103865e-09	0.000000e+00
3.857659e-01	4.517866e-03	3.000000e+02	1.571187e-04	1.107304e-09	0.000000e+00
4.119583e-01	3.341965e+00	1.000000e+01	1.593232e-07	1.123792e-09	0.000000e+00
4.119583e-01	2.336795e+00	1.196033e+01	2.321701e-07	1.147338e-09	0.000000e+00
4.119583e-01	1.633072e+00	1.430495e+01	3.252911e-07	1.327813e-09	0.000000e+00
4.119583e-01	1.141978e+00	1.710920e+01	4.760851e-07	1.485304e-09	0.000000e+00
4.119583e-01	7.979308e-01	2.046317e+01	6.593028e-07	1.611893e-09	0.000000e+00
4.119583e-01	5.578391e-01	2.447463e+01	9.488348e-07	2.133991e-09	0.000000e+00
4.119583e-01	3.900617e-01	2.927247e+01	1.382689e-06	2.981550e-09	0.000000e+00
4.119583e-01	2.725727e-01	3.501084e+01	1.927262e-06	3.586900e-09	0.000000e+00
4.119583e-01	1.905446e-01	4.187413e+01	2.758975e-06	3.827522e-09	0.000000e+00
4.119583e-01	1.332080e-01	5.008285e+01	3.962655e-06	3.863686e-09	0.000000e+00
4.119583e-01	9.311918e-02	5.990075e+01	5.664844e-06	3.844315e-09	0.000000e+00
4.119583e-01	6.510497e-02	7.164328e+01	8.185521e-06	3.819040e-09	0.000000e+00
4.119583e-01	4.550325e-02	8.568774e+01	1.154680e-05	3.799059e-09	0.000000e+00
4.119583e-01	3.180926e-02	1.024854e+02	1.650934e-05	3.785155e-09	0.000000e+00
4.119583e-01	2.223732e-02	1.225759e+02	2.367509e-05	3.775865e-09	0.000000e+00
4.119583e-01	1.554649e-02	1.466049e+02	3.406374e-05	3.769719e-09	0.000000e+00
4.119583e-01	1.086938e-02	1.753443e+02	4.918088e-05	3.765638e-09	0.000000e+00
4.119583e-01	7.596491e-03	2.097176e+02	6.913985e-05	3.762905e-09	0.000000e+00
4.119583e-01	5.310379e-03	2.508292e+02	9.886118e-05	3.761060e-09	0.000000e+00
4.119583e-01	3.712311e-03	3.000000e+02	1.415193e-04	3.759805e-09	0.000000e+00
4.399291e-01	2.745957e+00	1.000000e+01	1.429045e-07	1.147394e-09	0.000000e+00
4.399291e-01	1.920067e+00	1.196033e+01	2.082463e-07	1.229271e-09	0.000000e+00
4.399291e-01	1.341827e+00	1.430495e+01	2.917688e-07	1.377320e-09	0.000000e+00
4.399291e-01	9.383268e-01	1.710920e+01	4.270278e-07	1.561509e-09	0.000000e+00
4.399291e-01	6.556236e-01	2.046317e+01	5.913567e-07	1.951313e-09	0.000000e+00
4.399291e-01	4.583525e-01	2.447463e+01	8.510528e-07	2.712028e-09	0.000000e+00
4.399291e-01	3.204999e-01	2.927247e+01	1.240208e-06	3.456817e-09	0.000000e+00
4.399291e-01	2.239605e-01	3.501084e+01	1.728642e-06	3.872446e-09	0.000000e+00
4.399291e-01	1.565618e-01	4.187413e+01	2.474641e-06	4.028676e-09	0.000000e+00
4.399291e-01	1.094512e-01	5.008285e+01	3.554280e-06	4.065166e-09	0.000000e+00
4.399291e-01	7.651191e-02	5.990075e+01	5.081046e-06	4.060076e-09	0.000000e+00
4.399291e-01	5.349414e-02	7.164328e+01	7.341988e-06	4.043319e-09	0.000000e+00
4.399291e-01	3.738794e-02	8.568774e+01	1.035681e-05	4.025733e-09	0.000000e+00
4.399291e-01	2.613621e-02	1.024854e+02	1.480791e-05	4.010789e-09	0.000000e+00
4.399291e-01	1.827141e-02	1.225759e+02	2.123521e-05	3.999115e-09	0.000000e+00
4.399291e-01	1.277389e-02	1.466049e+02	3.055332e-05	3.990378e-09	0.000000e+00
4.399291e-01	8.930950e-03	1.753443e+02	4.411276e-05	3.983997e-09	0.000000e+00
4.399291e-01	6.241688e-03	2.097176e+02	6.201442e-05	3.979400e-09	0.000000e+00
4.399291e-01	4.363294e-03	2.508292e+02	8.867270e-05	3.976127e-09	0.000000e+00
4.399291e-01	3.050236e-03	3.000000e+02	1.269346e-04	3.973808e-09	0.000000e+00
4.697989e-01	2.256120e+00	1.000000e+01	1.277467e-07	9.427858e-10	0.000000e+00
4.697989e-01	1.577569e+00	1.196033e+01	1.861593e-07	1.109387e-09	0.000000e+00
4.697989e-01	1.102464e+00	1.430495e+01	2.608207e-07	1.148475e-09	0.000000e+00
4.697989e-01	7.709508e-01	1.710920e+01	3.817368e-07	1.081657e-09	0.000000e+00
4.697989e-01	5.386674e-01	2.046317e+01	5.286289e-07	1.293990e-09	0.000000e+00
4.697989e-01	3.765883e-01	2.447463e+01	7.607800e-07	1.712856e-09	0.000000e+00
4.697989e-01	2.633291e-01	2.927247e+01	1.108666e-06	1.901666e-09	0.000000e+00
4.697989e-01	1.840082e-01	3.501084e+01	1.545277e-06	1.826606e-09	0.000000e+00
4.697989e-01	1.286328e-01	4.187413e+01	2.212144e-06	1.666104e-09	0.000000e+00
4.697989e-01	8.992640e-02	5.008285e+01	3.177267e-06	1.554875e-09	0.000000e+00
4.697989e-01	6.286308e-02	5.990075e+01	4.542083e-06	1.499836e-09	0.000000e+00
4.697989e-01	4.395162e-02	7.164328e+01	6.563229e-06	1.480081e-09	0.000000e+00
4.697989e-01	3.071831e-02	8.568774e+01	9.258216e-06	1.478009e-09	0.000000e+00
4.697989e-01	2.147377e-02	1.024854e+02	1.323716e-05	1.483190e-09	0.000000e+00
4.697989e-01	1.501199e-02	1.225759e+02	1.898270e-05	1.490353e-09	0.000000e+00
4.697989e-01	1.049519e-02	1.466049e+02	2.731248e-05	1.497193e-09	0.000000e+00
4.697989e-01	7.337817e-03	1.753443e+02	3.943382e-05	1.502905e-09	0.000000e+00
4.697989e-01	5.128234e-03	2.097176e+02	5.543625e-05	1.507371e-09	0.000000e+00
4.697989e-01	3.584926e-03	2.508292e+02	7.926674e-05	1.510723e-09	0.000000e+00
4.697989e-01	2.506105e-03	3.000000e+02	1.134700e-04	1.513181e-09	0.000000e+00
5.016969e-01	1.853561e+00	1.000000e+01	1.138847e-07	1.087315e-09	0.000000e+00
5.016969e-01	1.296094e+00	1.196033e+01	1.659602e-07	1.179040e-09	0.000000e+00
5.016969e-01	9.057515e-01	1.430495e+01	2.325186e-07	1.144491e-09	0.000000e+00
5.016969e-01	6.333960e-01	1.710920e+01	3.403171e-07	1.244903e-09	0.000000e+00
5.016969e-01	4.425511e-01	2.046317e+01	4.712646e-07	1.661252e-09	0.000000e+00
5.016969e-01	3.093932e-01	2.447463e+01	6.782254e-07	2.028159e-09	0.000000e+00
5.016969e-01	2.163447e-01	2.927247e+01	9.883688e-07	2.108718e-09	0.000000e+00
5.016969e-01	1.511750e-01	3.501084e+01	1.377590e-06	2.010395e-09	0.000000e+00
5.016969e-01	1.056804e-01	4.187413e+01	1.972092e-06	1.903917e-09	0.000000e+00
5.016969e-01	7.388064e-02	5.008285e+01	2.832488e-06	1.840624e-09	0.000000e+00
5.016969e-01	5.164627e-02	5.990075e+01	4.049202e-06	1.811979e-09	0.000000e+00
5.016969e-01	3.610937e-02	7.164328e+01	5.851049e-06	1.803058e-09	0.000000e+00
5.016969e-01	2.523713e-02	8.568774e+01	8.253554e-06	1.803432e-09	0.000000e+00
5.016969e-01	1.764212e-02	1.024854e+02	1.180072e-05	1.807331e-09	0.000000e+00
5.016969e-01	1.233336e-02	1.225759e+02	1.692279e-05	1.811971e-09	0.000000e+00
5.016969e-01	8.622525e-03	1.466049e+02	2.434872e-05	1.816198e-09	0.000000e+00
5.016969e-01	6.028546e-03	1.753443e+02	3.515487e-05	1.819649e-09	0.000000e+00
5.016969e-01	4.213183e-03	2.097176e+02	4.942053e-05	1.822313e-09	0.000000e+00
5.016969e-01	2.945253e-03	2.508292e+02	7.066502e-05	1.824296e-09	0.000000e+00
5.016969e-01	2.058931e-03	3.000000e+02	1.011567e-04	1.825744e-09	0.000000e+00
5.357607e-01	1.522752e+00	1.000000e+01	1.013000e-07	1.102837e-09	0.000000e+00
5.357607e-01	1.064784e+00	1.196033e+01	1.476219e-07	1.108106e-09	0.000000e+00
5.357607e-01	7.440992e-01	1.430495e+01	2.068241e-07	1.082783e-09	0.000000e+00
5.357607e-01	5.203564e-01	1.710920e+01	3.027131e-07	1.336158e-09	0.000000e+00
5.357607e-01	3.635664e-01	2.046317e+01	4.191861e-07	1.735248e-09	0.000000e+00
5.357607e-01	2.541745e-01	2.447463e+01	6.032775e-07	1.893421e-09	0.000000e+00
5.357607e-01	1.777340e-01	2.927247e+01	8.791544e-07	1.816849e-09	0.000000e+00
5.357607e-01	1.241938e-01	3.501084e+01	1.225355e-06	1.676140e-09	0.000000e+00
5.357607e-01	8.681897e-02	4.187413e+01	1.754160e-06	1.581504e-09	0.000000e+00
5.357607e-01	6.069479e-02	5.008285e+01	2.519479e-06	1.535059e-09	0.000000e+00
5.357607e-01	4.242869e-02	5.990075e+01	3.601736e-06	1.518347e-09	0.000000e+00
5.357607e-01	2.966486e-02	7.164328e+01	5.204487e-06	1.516462e-09	0.000000e+00
5.357607e-01	2.073290e-02	8.568774e+01	7.341467e-06	1.520649e-09	0.000000e+00
5.357607e-01	1.449342e-02	1.024854e+02	1.049664e-05	1.526510e-09	0.000000e+00
5.357607e-01	1.013215e-02	1.225759e+02	1.505270e-05	1.532123e-09	0.000000e+00
5.357607e-01	7.083628e-03	1.466049e+02	2.165805e-05	1.536816e-09	0.000000e+00
5.357607e-01	4.952624e-03	1.753443e+02	3.127016e-05	1.540482e-09	0.000000e+00
5.357607e-01	3.461229e-03	2.097176e+02	4.395914e-05	1.543240e-09	0.000000e+00
5.357607e-01	2.419594e-03	2.508292e+02	6.285593e-05	1.545261e-09	0.000000e+00
5.357607e-01	1.691461e-03	3.000000e+02	8.997808e-05	1.546721e-09	0.000000e+00
5.721372e-01	1.250920e+00	1.000000e+01	8.994019e-08	1.132106e-09	0.000000e+00
5.721372e-01	8.747116e-01	1.196033e+01	1.310684e-07	1.053990e-09	0.000000e+00
5.721372e-01	6.112672e-01	1.430495e+01	1.836307e-07	1.124680e-09	0.000000e+00
5.721372e-01	4.274690e-01	1.710920e+01	2.687686e-07	1.488268e-09	0.000000e+00
5.721372e-01	2.986638e-01	2.046317e+01	3.721770e-07	1.768687e-09	0.000000e+00
5.721372e-01	2.088006e-01	2.447463e+01	5.356247e-07	1.779651e-09	0.000000e+00
5.721372e-01	1.460067e-01	2.927247e+01	7.805691e-07	1.643695e-09	0.000000e+00
5.721372e-01	1.020231e-01	3.501084e+01	1.087938e-06	1.524275e-09	0.000000e+00
5.721372e-01	7.132034e-02	4.187413e+01	1.557441e-06	1.458153e-09	0.000000e+00
5.721372e-01	4.985983e-02	5.008285e+01	2.236937e-06	1.430278e-09	0.000000e+00
5.721372e-01	3.485450e-02	5.990075e+01	3.197827e-06	1.423144e-09	0.000000e+00
5.721372e-01	2.436930e-02	7.164328e+01	4.620856e-06	1.425351e-09	0.000000e+00
5.721372e-01	1.703173e-02	8.568774e+01	6.518164e-06	1.430812e-09	0.000000e+00
5.721372e-01	1.190610e-02	1.024854e+02	9.319502e-06	1.436674e-09	0.000000e+00
5.721372e-01	8.323398e-03	1.225759e+02	1.336463e-05	1.441818e-09	0.000000e+00
5.721372e-01	5.819097e-03	1.466049e+02	1.922927e-05	1.445941e-09	0.000000e+00
5.721372e-01	4.068521e-03	1.753443e+02	2.776356e-05	1.449085e-09	0.000000e+00
5.721372e-01	2.843342e-03	2.097176e+02	3.902938e-05	1.451417e-09	0.000000e+00
5.721372e-01	1.987656e-03	2.508292e+02	5.580699e-05	1.453109e-09	0.000000e+00
5.721372e-01	1.389506e-03	3.000000e+02	7.988756e-05	1.454324e-09	0.000000e+00
6.109837e-01	1.027567e+00	1.000000e+01	7.973311e-08	1.628701e-09	0.000000e+00
6.109837e-01	7.185348e-01	1.196033e+01	1.161944e-07	2.150803e-09	0.000000e+00
6.109837e-01	5.021244e-01	1.430495e+01	1.627908e-07	2.946312e-09	0.000000e+00
6.109837e-01	3.511461e-01	1.710920e+01	2.382683e-07	3.787800e-09	0.000000e+00
6.109837e-01	2.453362e-01	2.046317e+01	3.299384e-07	4.409414e-09	0.000000e+00
6.109837e-01	1.715187e-01	2.447463e+01	4.748373e-07	4.800114e-09	0.000000e+00
6.109837e-01	1.199375e-01	2.927247e+01	6.919872e-07	5.003696e-09	0.000000e+00
6.109837e-01	8.380643e-02	3.501084e+01	9.644672e-07	5.075535e-09	0.000000e+00
6.109837e-01	5.858579e-02	4.187413e+01	1.380686e-06	5.077903e-09	0.000000e+00
6.109837e-01	4.095719e-02	5.008285e+01	1.983068e-06	5.051718e-09	0.000000e+00
6.109837e-01	2.863111e-02	5.990075e+01	2.834906e-06	5.018259e-09	0.000000e+00
6.109837e-01	2.001814e-02	7.164328e+01	4.096448e-06	4.986953e-09	0.000000e+00
6.109837e-01	1.399064e-02	8.568774e+01	5.778413e-06	4.960986e-09	0.000000e+00
6.109837e-01	9.780211e-03	1.024854e+02	8.261823e-06	4.940802e-09	0.000000e+00
6.109837e-01	6.837223e-03	1.225759e+02	1.184788e-05	4.925676e-09	0.000000e+00
6.109837e-01	4.780083e-03	1.466049e+02	1.704697e-05	4.914597e-09	0.000000e+00
6.109837e-01	3.342086e-03	1.753443e+02	2.461278e-05	4.906603e-09	0.000000e+00
6.109837e-01	2.335650e-03	2.097176e+02	3.459990e-05	4.900886e-09	0.000000e+00
6.109837e-01	1.632751e-03	2.508292e+02	4.947340e-05	4.896832e-09	0.000000e+00
6.109837e-01	1.141404e-03	3.000000e+02	7.082106e-05	4.893969e-09	0.000000e+00
6.524676e-01	8.440577e-01	1.000000e+01	7.059603e-08	1.310454e-09	0.000000e+00
6.524676e-01	5.902174e-01	1.196033e+01	1.028795e-07	1.616885e-09	0.000000e+00
6.524676e-01	4.124517e-01	1.430495e+01	1.441356e-07	2.245152e-09	0.000000e+00
6.524676e-01	2.884379e-01	1.710920e+01	2.109650e-07	2.756403e-09	0.000000e+00
6.524676e-01	2.015219e-01	2.046317e+01	2.921280e-07	2.984836e-09	0.000000e+00
6.524676e-01	1.408876e-01	2.447463e+01	4.204223e-07	3.031501e-09	0.000000e+00
6.524676e-01	9.851871e-02	2.927247e+01	6.126905e-07	3.016799e-09	0.000000e+00
6.524676e-01	6.883953e-02	3.501084e+01	8.539403e-07	2.989714e-09	0.000000e+00
6.524676e-01	4.812302e-02	4.187413e+01	1.222462e-06	2.964796e-09	0.000000e+00
6.524676e-01	3.364273e-02	5.008285e+01	1.755813e-06	2.945188e-09	0.000000e+00
6.524676e-01	2.351794e-02	5.990075e+01	2.510032e-06	2.930663e-09	0.000000e+00
6.524676e-01	1.644318e-02	7.164328e+01	3.627014e-06	2.920201e-09	0.000000e+00
6.524676e-01	1.149207e-02	8.568774e+01	5.116213e-06	2.912757e-09	0.000000e+00
6.524676e-01	8.033573e-03	1.024854e+02	7.315027e-06	2.907508e-09	0.000000e+00
6.524676e-01	5.616173e-03	1.225759e+02	1.049013e-05	2.903818e-09	0.000000e+00
6.524676e-01	3.926421e-03	1.466049e+02	1.509344e-05	2.901229e-09	0.000000e+00
6.524676e-01	2.745239e-03	1.753443e+02	2.179228e-05	2.899416e-09	0.000000e+00
6.524676e-01	1.918529e-03	2.097176e+02	3.063479e-05	2.898145e-09	0.000000e+00
6.524676e-01	1.341159e-03	2.508292e+02	4.380380e-05	2.897256e-09	0.000000e+00
6.524676e-01	9.375618e-04	3.000000e+02	6.270505e-05	2.896635e-09	0.000000e+00
6.967683e-01	6.932938e-01	1.000000e+01	6.244189e-08	1.291256e-09	0.000000e+00
6.967683e-01	4.847961e-01	1.196033e+01	9.099690e-08	1.693247e-09	0.000000e+00
6.967683e-01	3.387802e-01	1.430495e+01	1.274872e-07	2.174800e-09	0.000000e+00
6.967683e-01	2.369189e-01	1.710920e+01	1.865986e-07	2.386134e-09	0.000000e+00
6.967683e-01	1.655260e-01	2.046317e+01	2.583852e-07	2.374669e-09	0.000000e+00
6.967683e-01	1.157224e-01	2.447463e+01	3.718612e-07	2.294153e-09	0.000000e+00
6.967683e-01	8.092176e-02	2.927247e+01	5.419239e-07	2.225477e-09	0.000000e+00
6.967683e-01	5.654337e-02	3.501084e+01	7.553042e-07	2.179605e-09	0.000000e+00
6.967683e-01	3.952727e-02	4.187413e+01	1.081259e-06	2.151518e-09	0.000000e+00
6.967683e-01	2.763348e-02	5.008285e+01	1.553006e-06	2.134775e-09	0.000000e+00
6.967683e-01	1.931717e-02	5.990075e+01	2.220108e-06	2.124811e-09	0.000000e+00
6.967683e-01	1.350614e-02	7.164328e+01	3.208079e-06	2.118814e-09	0.000000e+00
6.967683e-01	9.439347e-03	8.568774e+01	4.525255e-06	2.115127e-09	0.000000e+00
6.967683e-01	6.598611e-03	1.024854e+02	6.470089e-06	2.112815e-09	0.000000e+00
6.967683e-01	4.613012e-03	1.225759e+02	9.278451e-06	2.111331e-09	0.000000e+00
6.967683e-01	3.225088e-03	1.466049e+02	1.335006e-05	2.110360e-09	0.000000e+00
6.967683e-01	2.254892e-03	1.753443e+02	1.927520e-05	2.109715e-09	0.000000e+00
6.967683e-01	1.575840e-03	2.097176e+02	2.709626e-05	2.109279e-09	0.000000e+00
6.967683e-01	1.101601e-03	2.508292e+02	3.874415e-05	2.108983e-09	0.000000e+00
6.967683e-01	7.700941e-04	3.000000e+02	5.546217e-05	2.108780e-09	0.000000e+00
7.440768e-01	5.694391e-01	1.000000e+01	5.518350e-08	-1.000000e+00	0.000000e+00
7.440768e-01	3.981903e-01	1.196033e+01	8.041953e-08	-1.000000e+00	0.000000e+00
7.440768e-01	2.782581e-01	1.430495e+01	1.126678e-07	-1.000000e+00	0.000000e+00
7.440768e-01	1.945950e-01	1.710920e+01	1.649087e-07	-1.000000e+00	0.000000e+00
7.440768e-01	1.359550e-01	2.046317e+01	2.283494e-07	-1.000000e+00	0.000000e+00
7.440768e-01	9.504886e-02	2.447463e+01	3.286348e-07	-1.000000e+00	0.000000e+00
7.440768e-01	6.646553e-02	2.927247e+01	4.789307e-07	-1.000000e+00	0.000000e+00
7.440768e-01	4.644195e-02	3.501084e+01	6.675041e-07	-1.000000e+00	0.000000e+00
7.440768e-01	3.246576e-02	4.187413e+01	9.555683e-07	-1.000000e+00	0.000000e+00
7.440768e-01	2.269680e-02	5.008285e+01	1.372479e-06	-1.000000e+00	0.000000e+00
7.440768e-01	1.586619e-02	5.990075e+01	1.962034e-06	-1.000000e+00	0.000000e+00
7.440768e-01	1.109331e-02	7.164328e+01	2.835165e-06	-1.000000e+00	0.000000e+00
7.440768e-01	7.753017e-03	8.568774e+01	3.999218e-06	-1.000000e+00	0.000000e+00
7.440768e-01	5.419775e-03	1.024854e+02	5.717975e-06	-1.000000e+00	0.000000e+00
7.440768e-01	3.788903e-03	1.225759e+02	8.199883e-06	-1.000000e+00	0.000000e+00
7.440768e-01	2.648933e-03	1.466049e+02	1.179821e-05	-1.000000e+00	0.000000e+00
7.440768e-01	1.852065e-03	1.753443e+02	1.703462e-05	-1.000000e+00	0.000000e+00
7.440768e-01	1.294318e-03	2.097176e+02	2.394646e-05	-1.000000e+00	0.000000e+00
7.440768e-01	9.048005e-04	2.508292e+02	3.424034e-05	-1.000000e+00	0.000000e+00
7.440768e-01	6.325175e-04	3.000000e+02	4.901499e-05	-1.000000e+00	0.000000e+00
7.945974e-01	4.676958e-01	1.000000e+01	4.873626e-08	-1.000000e+00	0.000000e+00
7.945974e-01	3.270457e-01	1.196033e+01	7.102415e-08	-1.000000e+00	0.000000e+00
7.945974e-01	2.285408e-01	1.430495e+01	9.950446e-08	-1.000000e+00	0.000000e+00
7.945974e-01	1.598268e-01	1.710920e+01	1.456425e-07	-1.000000e+00	0.000000e+00
7.945974e-01	1.116633e-01	2.046317e+01	2.016703e-07	-1.000000e+00	0.000000e+00
7.945974e-01	7.806613e-02	2.447463e+01	2.902392e-07	-1.000000e+00	0.000000e+00
7.945974e-01	5.459008e-02	2.927247e+01	4.229770e-07	-1.000000e+00	0.000000e+00
7.945974e-01	3.814395e-02	3.501084e+01	5.895164e-07	-1.000000e+00	0.000000e+00
7.945974e-01	2.666495e-02	4.187413e+01	8.439248e-07	-1.000000e+00	0.000000e+00
7.945974e-01	1.864147e-02	5.008285e+01	1.212126e-06	-1.000000e+00	0.000000e+00
7.945974e-01	1.303131e-02	5.990075e+01	1.732801e-06	-1.000000e+00	0.000000e+00
7.945974e-01	9.111241e-03	7.164328e+01	2.503926e-06	-1.000000e+00	0.000000e+00
7.945974e-01	6.367748e-03	8.568774e+01	3.531970e-06	-1.000000e+00	0.000000e+00
7.945974e-01	4.451397e-03	1.024854e+02	5.049916e-06	-1.000000e+00	0.000000e+00
7.945974e-01	3.111923e-03	1.225759e+02	7.241855e-06	-1.000000e+00	0.000000e+00
7.945974e-01	2.175639e-03	1.466049e+02	1.041978e-05	-1.000000e+00	0.000000e+00
7.945974e-01	1.521152e-03	1.753443e+02	1.504443e-05	-1.000000e+00	0.000000e+00
7.945974e-01	1.063056e-03	2.097176e+02	2.114868e-05	-1.000000e+00	0.000000e+00
7.945974e-01	7.431354e-04	2.508292e+02	3.023987e-05	-1.000000e+00	0.000000e+00
7.945974e-01	5.195026e-04	3.000000e+02	4.328833e-05	-1.000000e+00	0.000000e+00
8.485482e-01	3.841204e-01	1.000000e+01	4.301985e-08	1.658251e-09	0.000000e+00
8.485482e-01	2.686048e-01	1.196033e+01	6.269372e-08	1.855955e-09	0.000000e+00
8.485482e-01	1.877014e-01	1.430495e+01	8.783327e-08	1.963525e-09	0.000000e+00
8.485482e-01	1.312668e-01	1.710920e+01	1.285602e-07	2.007781e-09	0.000000e+00
8.485482e-01	9.170932e-02	2.046317e+01	1.780154e-07	2.014821e-09	0.000000e+00
8.485482e-01	6.411597e-02	2.447463e+01	2.561960e-07	2.004701e-09	0.000000e+00
8.485482e-01	4.483515e-02	2.927247e+01	3.733657e-07	1.989165e-09	0.000000e+00
8.485482e-01	3.132771e-02	3.501084e+01	5.203692e-07	1.973743e-09	0.000000e+00
8.485482e-01	2.189999e-02	4.187413e+01	7.449370e-07	1.960632e-09	0.000000e+00
8.485482e-01	1.531030e-02	5.008285e+01	1.069951e-06	1.950276e-09	0.000000e+00
8.485482e-01	1.070265e-02	5.990075e+01	1.529554e-06	1.942437e-09	0.000000e+00
8.485482e-01	7.483100e-03	7.164328e+01	2.210234e-06	1.936662e-09	0.000000e+00
8.485482e-01	5.229846e-03	8.568774e+01	3.117689e-06	1.932474e-09	0.000000e+00
8.485482e-01	3.655942e-03	1.024854e+02	4.457588e-06	1.929475e-09	0.000000e+00
8.485482e-01	2.555830e-03	1.225759e+02	6.392425e-06	1.927344e-09	0.000000e+00
8.485482e-01	1.786859e-03	1.466049e+02	9.197609e-06	1.925836e-09	0.000000e+00
8.485482e-01	1.249329e-03	1.753443e+02	1.327984e-05	1.924774e-09	0.000000e+00
8.485482e-01	8.730899e-04	2.097176e+02	1.866805e-05	1.924027e-09	0.000000e+00
8.485482e-01	6.103386e-04	2.508292e+02	2.669289e-05	1.923502e-09	0.000000e+00
8.485482e-01	4.266686e-04	3.000000e+02	3.821084e-05	1.923135e-09	0.000000e+00
9.061622e-01	3.154716e-01	1.000000e+01	3.795916e-08	1.356194e-09	0.000000e+00
9.061622e-01	2.206012e-01	1.196033e+01	5.531882e-08	1.465052e-09	0.000000e+00
9.061622e-01	1.541560e-01	1.430495e+01	7.750088e-08	1.537082e-09	0.000000e+00
9.061622e-01	1.078076e-01	1.710920e+01	1.134372e-07	1.576249e-09	0.000000e+00
9.061622e-01	7.531919e-02	2.046317e+01	1.570741e-07	1.593122e-09	0.000000e+00
9.061622e-01	5.265732e-02	2.447463e+01	2.260579e-07	1.597959e-09	0.000000e+00
9.061622e-01	3.682243e-02	2.927247e+01	3.294450e-07	1.597355e-09	0.000000e+00
9.061622e-01	2.572887e-02	3.501084e+01	4.591541e-07	1.594772e-09	0.000000e+00
9.061622e-01	1.798606e-02	4.187413e+01	6.573043e-07	1.591844e-09	0.000000e+00
9.061622e-01	1.257407e-02	5.008285e+01	9.440851e-07	1.589225e-09	0.000000e+00
9.061622e-01	8.789896e-03	5.990075e+01	1.349621e-06	1.587105e-09	0.000000e+00
9.061622e-01	6.145745e-03	7.164328e+01	1.950231e-06	1.585480e-09	0.000000e+00
9.061622e-01	4.295176e-03	8.568774e+01	2.750931e-06	1.584272e-09	0.000000e+00
9.061622e-01	3.002558e-03	1.024854e+02	3.933207e-06	1.583393e-09	0.000000e+00
9.061622e-01	2.099057e-03	1.225759e+02	5.640437e-06	1.582761e-09	0.000000e+00
9.061622e-01	1.467517e-03	1.466049e+02	8.115633e-06	1.582311e-09	0.000000e+00
9.061622e-01	1.026054e-03	1.753443e+02	1.171766e-05	1.581992e-09	0.000000e+00
9.061622e-01	7.170527e-04	2.097176e+02	1.647198e-05	1.581767e-09	0.000000e+00
9.061622e-01	5.012599e-04	2.508292e+02	2.355280e-05	1.581609e-09	0.000000e+00
9.061622e-01	3.504151e-04	3.000000e+02	3.371580e-05	1.581497e-09	0.000000e+00
9.676879e-01	2.590857e-01	1.000000e+01	3.348483e-08	3.686813e-09	0.000000e+00
9.676879e-01	1.811724e-01	1.196033e+01	4.879839e-08	4.047658e-09	0.000000e+00
9.676879e-01	1.266028e-01	1.430495e+01	6.836566e-08	4.244454e-09	0.000000e+00
9.676879e-01	8.853882e-02	1.710920e+01	1.000664e-07	4.333612e-09	0.000000e+00
9.676879e-01	6.185690e-02	2.046317e+01	1.385592e-07	4.364825e-09	0.000000e+00
9.676879e-01	4.324557e-02	2.447463e+01	1.994118e-07	4.368702e-09	0.000000e+00
9.676879e-01	3.024101e-02	2.927247e+01	2.906131e-07	4.361786e-09	0.000000e+00
9.676879e-01	2.113018e-02	3.501084e+01	4.050319e-07	4.351917e-09	0.000000e+00
9.676879e-01	1.477129e-02	4.187413e+01	5.798254e-07	4.342471e-09	0.000000e+00
9.676879e-01	1.032663e-02	5.008285e+01	8.328028e-07	4.334585e-09	0.000000e+00
9.676879e-01	7.218823e-03	5.990075e+01	1.190537e-06	4.328431e-09	0.000000e+00
9.676879e-01	5.047285e-03	7.164328e+01	1.720353e-06	4.323814e-09	0.000000e+00
9.676879e-01	3.527471e-03	8.568774e+01	2.426669e-06	4.320426e-09	0.000000e+00
9.676879e-01	2.465891e-03	1.024854e+02	3.469585e-06	4.317983e-09	0.000000e+00
9.676879e-01	1.723879e-03	1.225759e+02	4.975579e-06	4.316238e-09	0.000000e+00
9.676879e-01	1.205219e-03	1.466049e+02	7.159020e-06	4.314999e-09	0.000000e+00
9.676879e-01	8.426623e-04	1.753443e+02	1.033648e-05	4.314124e-09	0.000000e+00
9.676879e-01	5.888891e-04	2.097176e+02	1.453037e-05	4.313508e-09	0.000000e+00
9.676879e-01	4.116663e-04	2.508292e+02	2.077654e-05	4.313075e-09	0.000000e+00
9.676879e-01	2.877831e-04	3.000000e+02	2.974159e-05	4.312771e-09	0.000000e+00
1.033391e+00	2.104646e-01	1.000000e+01	2.915282e-08	-1.000000e+00	0.000000e+00
1.033391e+00	1.471057e-01	1.196033e+01	4.246652e-08	-1.000000e+00	0.000000e+00
1.033391e+00	1.028500e-01	1.430495e+01	5.952441e-08	-1.000000e+00	0.000000e+00
1.033391e+00	7.188784e-02	1.710920e+01	8.707921e-08	-1.000000e+00	0.000000e+00
1.033391e+00	5.026286e-02	2.046317e+01	1.206667e-07	-1.000000e+00	0.000000e+00
1.033391e+00	3.513507e-02	2.447463e+01	1.736381e-07	-1.000000e+00	0.000000e+00
1.033391e+00	2.455861e-02	2.927247e+01	2.529441e-07	-1.000000e+00	0.000000e+00
1.033391e+00	1.717026e-02	3.501084e+01	3.527405e-07	-1.000000e+00	0.000000e+00
1.033391e+00	1.200287e-02	4.187413e+01	5.049595e-07	-1.000000e+00	0.000000e+00
1.033391e+00	8.390434e-03	5.008285e+01	7.252069e-07	-1.000000e+00	0.000000e+00
1.033391e+00	5.865434e-03	5.990075e+01	1.036741e-06	-1.000000e+00	0.000000e+00
1.033391e+00	4.100059e-03	7.164328e+01	1.497778e-06	-1.000000e+00	0.000000e+00
1.033391e+00	2.866401e-03	8.568774e+01	2.113374e-06	-1.000000e+00	0.000000e+00
1.033391e+00	2.003793e-03	1.024854e+02	3.021682e-06	-1.000000e+00	0.000000e+00
1.033391e+00	1.400754e-03	1.225759e+02	4.333030e-06	-1.000000e+00	0.000000e+00
1.033391e+00	9.791818e-04	1.466049e+02	6.233704e-06	-1.000000e+00	0.000000e+00
1.033391e+00	6.844736e-04	1.753443e+02	8.998586e-06	-1.000000e+00	0.000000e+00
1.033391e+00	4.785339e-04	2.097176e+02	1.265459e-05	-1.000000e+00	0.000000e+00
1.033391e+00	3.345255e-04	2.508292e+02	1.809461e-05	-1.000000e+00	0.000000e+00
1.033391e+00	2.338527e-04	3.000000e+02	2.590202e-05	-1.000000e+00	0.000000e+00
1.103555e+00	1.729407e-01	1.000000e+01	2.562045e-08	1.981195e-09	0.000000e+00
1.103555e+00	1.208871e-01	1.196033e+01	3.732487e-08	2.101406e-09	0.000000e+00
1.103555e+00	8.451199e-02	1.430495e+01	5.231131e-08	2.161263e-09	0.000000e+00
1.103555e+00	5.907559e-02	1.710920e+01	7.653681e-08	2.182772e-09	0.000000e+00
1.103555e+00	4.129956e-02	2.046317e+01	1.060389e-07	2.184945e-09	0.000000e+00
1.103555e+00	2.887012e-02	2.447463e+01	1.525938e-07	2.179183e-09	0.000000e+00
1.103555e+00	2.018099e-02	2.927247e+01	2.223108e-07	2.171255e-09	0.000000e+00
1.103555e+00	1.410823e-02	3.501084e+01	3.099771e-07	2.163692e-09	0.000000e+00
1.103555e+00	9.862390e-03	4.187413e+01	4.437440e-07	2.157377e-09	0.000000e+00
1.103555e+00	6.894264e-03	5.008285e+01	6.373049e-07	2.152447e-09	0.000000e+00
1.103555e+00	4.819503e-03	5.990075e+01	9.110747e-07	2.148744e-09	0.000000e+00
1.103555e+00	3.369058e-03	7.164328e+01	1.316299e-06	2.146028e-09	0.000000e+00
1.103555e+00	2.355227e-03	8.568774e+01	1.857166e-06	2.144067e-09	0.000000e+00
1.103555e+00	1.646447e-03	1.024854e+02	2.655351e-06	2.142665e-09	0.000000e+00
1.103555e+00	1.150961e-03	1.225759e+02	3.807768e-06	2.141670e-09	0.000000e+00
1.103555e+00	8.045838e-04	1.466049e+02	5.478207e-06	2.140967e-09	0.000000e+00
1.103555e+00	5.624447e-04	1.753443e+02	7.908396e-06	2.140473e-09	0.000000e+00
1.103555e+00	3.931946e-04	2.097176e+02	1.112042e-05	2.140125e-09	0.000000e+00
1.103555e+00	2.748675e-04	2.508292e+02	1.590089e-05	2.139881e-09	0.000000e+00
1.103555e+00	1.921487e-04	3.000000e+02	2.276184e-05	2.139710e-09	0.000000e+00
1.178483e+00	1.420719e-01	1.000000e+01	2.251197e-08	1.379295e-09	0.000000e+00
1.178483e+00	9.931544e-02	1.196033e+01	3.279927e-08	1.363991e-09	0.000000e+00
1.178483e+00	6.942661e-02	1.430495e+01	4.596395e-08	1.356265e-09	0.000000e+00
1.178483e+00	4.853406e-02	1.710920e+01	6.725739e-08	1.353984e-09	0.000000e+00
1.178483e+00	3.392659e-02	2.046317e+01	9.316808e-08	1.354484e-09	0.000000e+00
1.178483e+00	2.371653e-02	2.447463e+01	1.340760e-07	1.356051e-09	0.000000e+00
1.178483e+00	1.657944e-02	2.927247e+01	1.953499e-07	1.357809e-09	0.000000e+00
1.178483e+00	1.158952e-02	3.501084e+01	2.723508e-07	1.359383e-09	0.000000e+00
1.178483e+00	8.101696e-03	4.187413e+01	3.898818e-07	1.360661e-09	0.000000e+00
1.178483e+00	5.663528e-03	5.008285e+01	5.599587e-07	1.361643e-09	0.000000e+00
1.178483e+00	3.959136e-03	5.990075e+01	8.004997e-07	1.362374e-09	0.000000e+00
1.178483e+00	2.767704e-03	7.164328e+01	1.156598e-06	1.362907e-09	0.000000e+00
1.178483e+00	1.934753e-03	8.568774e+01	1.631736e-06	1.363291e-09	0.000000e+00
1.178483e+00	1.352508e-03	1.024854e+02	2.333028e-06	1.363564e-09	0.000000e+00
1.178483e+00	9.454876e-04	1.225759e+02	3.345596e-06	1.363758e-09	0.000000e+00
1.178483e+00	6.609582e-04	1.466049e+02	4.813413e-06	1.363895e-09	0.000000e+00
1.178483e+00	4.620561e-04	1.753443e+02	6.948998e-06	1.363991e-09	0.000000e+00
1.178483e+00	3.229979e-04	2.097176e+02	9.770558e-06	1.364059e-09	0.000000e+00
1.178483e+00	2.257953e-04	2.508292e+02	1.397071e-05	1.364106e-09	0.000000e+00
1.178483e+00	1.578447e-04	3.000000e+02	1.999890e-05	1.364139e-09	0.000000e+00
1.258499e+00	1.166898e-01	1.000000e+01	1.978002e-08	2.983642e-09	0.000000e+00
1.258499e+00	8.157600e-02	1.196033e+01	2.882118e-08	2.915139e-09	0.000000e+00
1.258499e+00	5.702272e-02	1.430495e+01	4.038558e-08	2.877447e-09	0.000000e+00
1.258499e+00	3.986519e-02	1.710920e+01	5.910050e-08	2.860535e-09	0.000000e+00
1.258499e+00	2.786454e-02	2.046317e+01	8.185755e-08	2.854832e-09	0.000000e+00
1.258499e+00	1.947910e-02	2.447463e+01	1.178022e-07	2.854359e-09	0.000000e+00
1.258499e+00	1.361783e-02	2.927247e+01	1.716522e-07	2.855920e-09	0.000000e+00
1.258499e+00	9.518655e-03	3.501084e+01	2.392862e-07	2.857998e-09	0.000000e+00
1.258499e+00	6.654060e-03	4.187413e+01	3.425494e-07	2.859952e-09	0.000000e+00
1.258499e+00	4.651597e-03	5.008285e+01	4.919868e-07	2.861570e-09	0.000000e+00
1.258499e+00	3.251731e-03	5.990075e+01	7.033271e-07	2.862828e-09	0.000000e+00
1.258499e+00	2.273236e-03	7.164328e+01	1.016241e-06	2.863769e-09	0.000000e+00
1.258499e+00	1.589043e-03	8.568774e+01	1.433636e-06	2.864457e-09	0.000000e+00
1.258499e+00	1.110835e-03	1.024854e+02	2.049784e-06	2.864954e-09	0.000000e+00
1.258499e+00	7.765471e-04	1.225759e+02	2.939449e-06	2.865308e-09	0.000000e+00
1.258499e+00	5.428652e-04	1.466049e+02	4.229178e-06	2.865560e-09	0.000000e+00
1.258499e+00	3.795095e-04	1.753443e+02	6.105789e-06	2.865737e-09	0.000000e+00
1.258499e+00	2.652828e-04	2.097176e+02	8.584353e-06	2.865862e-09	0.000000e+00
1.258499e+00	1.854487e-04	2.508292e+02	1.227456e-05	2.865950e-09	0.000000e+00
1.258499e+00	1.296402e-04	3.000000e+02	1.757093e-05	2.866012e-09	0.000000e+00
1.343947e+00	9.585766e-02	1.000000e+01	1.738714e-08	2.386335e-09	0.000000e+00
1.343947e+00	6.701673e-02	1.196033e+01	2.533691e-08	2.374900e-09	0.000000e+00
1.343947e+00	4.684232e-02	1.430495e+01	3.549954e-08	2.362961e-09	0.000000e+00
1.343947e+00	3.275042e-02	1.710920e+01	5.195618e-08	2.352963e-09	0.000000e+00
1.343947e+00	2.288912e-02	2.046317e+01	7.195067e-08	2.345246e-09	0.000000e+00
1.343947e+00	1.600126e-02	2.447463e+01	1.035481e-07	2.339535e-09	0.000000e+00
1.343947e+00	1.118714e-02	2.927247e+01	1.508961e-07	2.335397e-09	0.000000e+00
1.343947e+00	7.818992e-03	3.501084e+01	2.103249e-07	2.332434e-09	0.000000e+00
1.343947e+00	5.465914e-03	4.187413e+01	3.010910e-07	2.330332e-09	0.000000e+00
1.343947e+00	3.821059e-03	5.008285e+01	4.324505e-07	2.328847e-09	0.000000e+00
1.343947e+00	2.671131e-03	5.990075e+01	6.182140e-07	2.327802e-09	0.000000e+00
1.343947e+00	1.867407e-03	7.164328e+01	8.933042e-07	2.327068e-09	0.000000e+00
1.343947e+00	1.305301e-03	8.568774e+01	1.260121e-06	2.326553e-09	0.000000e+00
1.343947e+00	9.124810e-04	1.024854e+02	1.801691e-06	2.326192e-09	0.000000e+00
1.343947e+00	6.378895e-04	1.225759e+02	2.583707e-06	2.325939e-09	0.000000e+00
1.343947e+00	4.459411e-04	1.466049e+02	3.717452e-06	2.325763e-09	0.000000e+00
1.343947e+00	3.117605e-04	1.753443e+02	5.367238e-06	2.325639e-09	0.000000e+00
1.343947e+00	2.179132e-04	2.097176e+02	7.545356e-06	2.325553e-09	0.000000e+00
1.343947e+00	1.523343e-04	2.508292e+02	1.078890e-05	2.325492e-09	0.000000e+00
1.343947e+00	1.064913e-04	3.000000e+02	1.544427e-05	2.325450e-09	0.000000e+00
1.435197e+00	7.868170e-02	1.000000e+01	1.527738e-08	1.824549e-09	0.000000e+00
1.435197e+00	5.501016e-02	1.196033e+01	2.226387e-08	1.814166e-09	0.000000e+00
1.435197e+00	3.844888e-02	1.430495e+01	3.119179e-08	1.803511e-09	0.000000e+00
1.435197e+00	2.688299e-02	1.710920e+01	4.565489e-08	1.794338e-09	0.000000e+00
1.435197e+00	1.878745e-02	2.046317e+01	6.321773e-08	1.787045e-09	0.000000e+00
1.435197e+00	1.313400e-02	2.447463e+01	9.098180e-08	1.781517e-09	0.000000e+00
1.435197e+00	9.182786e-03	2.927247e+01	1.325918e-07	1.777438e-09	0.000000e+00
1.435197e+00	6.417838e-03	3.501084e+01	1.847961e-07	1.774477e-09	0.000000e+00
1.435197e+00	4.486433e-03	4.187413e+01	2.645457e-07	1.772356e-09	0.000000e+00
1.435197e+00	3.136352e-03	5.008285e+01	3.799663e-07	1.770848e-09	0.000000e+00
1.435197e+00	2.192480e-03	5.990075e+01	5.431834e-07	1.769781e-09	0.000000e+00
1.435197e+00	1.532802e-03	7.164328e+01	7.849123e-07	1.769029e-09	0.000000e+00
1.435197e+00	1.071393e-03	8.568774e+01	1.107170e-06	1.768500e-09	0.000000e+00
1.435197e+00	7.489649e-04	1.024854e+02	1.583003e-06	1.768129e-09	0.000000e+00
1.435197e+00	5.235819e-04	1.225759e+02	2.270116e-06	1.767869e-09	0.000000e+00
1.435197e+00	3.660332e-04	1.466049e+02	3.266316e-06	1.767687e-09	0.000000e+00
1.435197e+00	2.558999e-04	1.753443e+02	4.716033e-06	1.767559e-09	0.000000e+00
1.435197e+00	1.788633e-04	2.097176e+02	6.629508e-06	1.767470e-09	0.000000e+00
1.435197e+00	1.250360e-04	2.508292e+02	9.479342e-06	1.767408e-09	0.000000e+00
1.435197e+00	8.740817e-05	3.000000e+02	1.356967e-05	1.767364e-09	0.000000e+00
1.532643e+00	6.457768e-02	1.000000e+01	1.342913e-08	2.425987e-09	0.000000e+00
1.532643e+00	4.515050e-02	1.196033e+01	1.957151e-08	2.421934e-09	0.000000e+00
1.532643e+00	3.155666e-02	1.430495e+01	2.741803e-08	2.415353e-09	0.000000e+00
1.532643e+00	2.206471e-02	1.710920e+01	4.013413e-08	2.408846e-09	0.000000e+00
1.532643e+00	1.541948e-02	2.046317e+01	5.556769e-08	2.403326e-09	0.000000e+00
1.532643e+00	1.077959e-02	2.447463e+01	7.997345e-08	2.398991e-09	0.000000e+00
1.532643e+00	7.536858e-03	2.927247e+01	1.165555e-07	2.395723e-09	0.000000e+00
1.532643e+00	5.267320e-03	3.501084e+01	1.624330e-07	2.393318e-09	0.000000e+00
1.532643e+00	3.682159e-03	4.187413e+01	2.325323e-07	2.391580e-09	0.000000e+00
1.532643e+00	2.574118e-03	5.008285e+01	3.339894e-07	2.390337e-09	0.000000e+00
1.532643e+00	1.799446e-03	5.990075e+01	4.774559e-07	2.389454e-09	0.000000e+00
1.532643e+00	1.258041e-03	7.164328e+01	6.899557e-07	2.388830e-09	0.000000e+00
1.532643e+00	8.793258e-04	8.568774e+01	9.731864e-07	2.388390e-09	0.000000e+00
1.532643e+00	6.146985e-04	1.024854e+02	1.391434e-06	2.388081e-09	0.000000e+00
1.532643e+00	4.297211e-04	1.225759e+02	1.995411e-06	2.387864e-09	0.000000e+00
1.532643e+00	3.004178e-04	1.466049e+02	2.871111e-06	2.387713e-09	0.000000e+00
1.532643e+00	2.100296e-04	1.753443e+02	4.145537e-06	2.387606e-09	0.000000e+00
1.532643e+00	1.467986e-04	2.097176e+02	5.827234e-06	2.387532e-09	0.000000e+00
1.532643e+00	1.026208e-04	2.508292e+02	8.332182e-06	2.387480e-09	0.000000e+00
1.532643e+00	7.173859e-05	3.000000e+02	1.192754e-05	2.387443e-09	0.000000e+00
1.636705e+00	5.299794e-02	1.000000e+01	1.181096e-08	3.116949e-09	0.000000e+00
1.636705e+00	3.705517e-02	1.196033e+01	1.721413e-08	3.117856e-09	0.000000e+00
1.636705e+00	2.589801e-02	1.430495e+01	2.411409e-08	3.113721e-09	0.000000e+00
1.636705e+00	1.810861e-02	1.710920e+01	3.530022e-08	3.108382e-09	0.000000e+00
1.636705e+00	1.265436e-02	2.046317e+01	4.887030e-08	3.103403e-09	0.000000e+00
1.636705e+00	8.846586e-03	2.447463e+01	7.033572e-08	3.099306e-09	0.000000e+00
1.636705e+00	6.185476e-03	2.927247e+01	1.025147e-07	3.096135e-09	0.000000e+00
1.636705e+00	4.322744e-03	3.501084e+01	1.428549e-07	3.093764e-09	0.000000e+00
1.636705e+00	3.021849e-03	4.187413e+01	2.045055e-07	3.092032e-09	0.000000e+00
1.636705e+00	2.112519e-03	5.008285e+01	2.937375e-07	3.090785e-09	0.000000e+00
1.636705e+00	1.476763e-03	5.990075e+01	4.199128e-07	3.089895e-09	0.000000e+00
1.636705e+00	1.032456e-03	7.164328e+01	6.068197e-07	3.089264e-09	0.000000e+00
1.636705e+00	7.216384e-04	8.568774e+01	8.558881e-07	3.088819e-09	0.000000e+00
1.636705e+00	5.044658e-04	1.024854e+02	1.223723e-06	3.088505e-09	0.000000e+00
1.636705e+00	3.526610e-04	1.225759e+02	1.754913e-06	3.088285e-09	0.000000e+00
1.636705e+00	2.465467e-04	1.466049e+02	2.525112e-06	3.088131e-09	0.000000e+00
1.636705e+00	1.723688e-04	1.753443e+02	3.646053e-06	3.088023e-09	0.000000e+00
1.636705e+00	1.204735e-04	2.097176e+02	5.124870e-06	3.087947e-09	0.000000e+00
1.636705e+00	8.421795e-05	2.508292e+02	7.327885e-06	3.087894e-09	0.000000e+00
1.636705e+00	5.887386e-05	3.000000e+02	1.048990e-05	3.087857e-09	0.000000e+00
1.747832e+00	4.349193e-02	1.000000e+01	1.039500e-08	2.226742e-09	0.000000e+00
1.747832e+00	3.040934e-02	1.196033e+01	1.515118e-08	2.227689e-09	0.000000e+00
1.747832e+00	2.125274e-02	1.430495e+01	2.122303e-08	2.233200e-09	0.000000e+00
1.747832e+00	1.486087e-02	1.710920e+01	3.107002e-08	2.239615e-09	0.000000e+00
1.747832e+00	1.038448e-02	2.046317e+01	4.301007e-08	2.245434e-09	0.000000e+00
1.747832e+00	7.259768e-03	2.447463e+01	6.190250e-08	2.250167e-09	0.000000e+00
1.747832e+00	5.076079e-03	2.927247e+01	9.022786e-08	2.253810e-09	0.000000e+00
1.747832e+00	3.547344e-03	3.501084e+01	1.257241e-07	2.256527e-09	0.000000e+00
1.747832e+00	2.479801e-03	4.187413e+01	1.799820e-07	2.258507e-09	0.000000e+00
1.747832e+00	1.733590e-03	5.008285e+01	2.585165e-07	2.259932e-09	0.000000e+00
1.747832e+00	1.211871e-03	5.990075e+01	3.695620e-07	2.260948e-09	0.000000e+00
1.747832e+00	8.472695e-04	7.164328e+01	5.340721e-07	2.261668e-09	0.000000e+00
1.747832e+00	5.921932e-04	8.568774e+01	7.532524e-07	2.262176e-09	0.000000e+00
1.747832e+00	4.139761e-04	1.024854e+02	1.076976e-06	2.262533e-09	0.000000e+00
1.747832e+00	2.894023e-04	1.225759e+02	1.544477e-06	2.262785e-09	0.000000e+00
1.747832e+00	2.023235e-04	1.466049e+02	2.222354e-06	2.262960e-09	0.000000e+00
1.747832e+00	1.414523e-04	1.753443e+02	3.208979e-06	2.263084e-09	0.000000e+00
1.747832e+00	9.886327e-05	2.097176e+02	4.510305e-06	2.263170e-09	0.000000e+00
1.747832e+00	6.911114e-05	2.508292e+02	6.449130e-06	2.263231e-09	0.000000e+00
1.747832e+00	4.831324e-05	3.000000e+02	9.231979e-06	2.263273e-09	0.000000e+00
1.866505e+00	3.568151e-02	1.000000e+01	9.154604e-09	2.004389e-09	0.000000e+00
1.866505e+00	2.494875e-02	1.196033e+01	1.334390e-08	2.007510e-09	0.000000e+00
1.866505e+00	1.743607e-02	1.430495e+01	1.869045e-08	2.009757e-09	0.000000e+00
1.866505e+00	1.219233e-02	1.710920e+01	2.736407e-08	2.011371e-09	0.000000e+00
1.866505e+00	8.519510e-03	2.046317e+01	3.787667e-08	2.012529e-09	0.000000e+00
1.866505e+00	5.956003e-03	2.447463e+01	5.451508e-08	2.013352e-09	0.000000e+00
1.866505e+00	4.164547e-03	2.927247e+01	7.946402e-08	2.013934e-09	0.000000e+00
1.866505e+00	2.910266e-03	3.501084e+01	1.107181e-07	2.014346e-09	0.000000e+00
1.866505e+00	2.034447e-03	4.187413e+01	1.585003e-07	2.014636e-09	0.000000e+00
1.866505e+00	1.422256e-03	5.008285e+01	2.276637e-07	2.014840e-09	0.000000e+00
1.866505e+00	9.942305e-04	5.990075e+01	3.254557e-07	2.014983e-09	0.000000e+00
1.866505e+00	6.951144e-04	7.164328e+01	4.703444e-07	2.015083e-09	0.000000e+00
1.866505e+00	4.858395e-04	8.568774e+01	6.633468e-07	2.015153e-09	0.000000e+00
1.866505e+00	3.396287e-04	1.024854e+02	9.484304e-07	2.015202e-09	0.000000e+00
1.866505e+00	2.374281e-04	1.225759e+02	1.360141e-06	2.015236e-09	0.000000e+00
1.866505e+00	1.659887e-04	1.466049e+02	1.957142e-06	2.015260e-09	0.000000e+00
1.866505e+00	1.160501e-04	1.753443e+02	2.826093e-06	2.015277e-09	0.000000e+00
1.866505e+00	8.110808e-05	2.097176e+02	3.971966e-06	2.015289e-09	0.000000e+00
1.866505e+00	5.669921e-05	2.508292e+02	5.679372e-06	2.015297e-09	0.000000e+00
1.866505e+00	3.963651e-05	3.000000e+02	8.130079e-06	2.015303e-09	0.000000e+00
1.993235e+00	2.927238e-02	1.000000e+01	8.070406e-09	3.172348e-09	0.000000e+00
1.993235e+00	2.046777e-02	1.196033e+01	1.176412e-08	3.178008e-09	0.000000e+00
1.993235e+00	1.430417e-02	1.430495e+01	1.647681e-08	3.183693e-09	0.000000e+00
1.993235e+00	1.000251e-02	1.710920e+01	2.412459e-08	3.188554e-09	0.000000e+00
1.993235e+00	6.989163e-03	2.046317e+01	3.338985e-08	3.192415e-09	0.000000e+00
1.993235e+00	4.886158e-03	2.447463e+01	4.805804e-08	3.195338e-09	0.000000e+00
1.993235e+00	3.416545e-03	2.927247e+01	7.005528e-08	3.197494e-09	0.000000e+00
1.993235e+00	2.387496e-03	3.501084e+01	9.760218e-08	3.199060e-09	0.000000e+00
1.993235e+00	1.669001e-03	4.187413e+01	1.397243e-07	3.200181e-09	0.000000e+00
1.993235e+00	1.166781e-03	5.008285e+01	2.006966e-07	3.200979e-09	0.000000e+00
1.993235e+00	8.156400e-04	5.990075e+01	2.869046e-07	3.201543e-09	0.000000e+00
1.993235e+00	5.702578e-04	7.164328e+01	4.146416e-07	3.201940e-09	0.000000e+00
1.993235e+00	3.985684e-04	8.568774e+01	5.847656e-07	3.202220e-09	0.000000e+00
1.993235e+00	2.786213e-04	1.024854e+02	8.360766e-07	3.202416e-09	0.000000e+00
1.993235e+00	1.947793e-04	1.225759e+02	1.199022e-06	3.202554e-09	0.000000e+00
1.993235e+00	1.361731e-04	1.466049e+02	1.725330e-06	3.202650e-09	0.000000e+00
1.993235e+00	9.520543e-05	1.753443e+02	2.491418e-06	3.202718e-09	0.000000e+00
1.993235e+00	6.653865e-05	2.097176e+02	3.501437e-06	3.202765e-09	0.000000e+00
1.993235e+00	4.651432e-05	2.508292e+02	5.006573e-06	3.202798e-09	0.000000e+00
1.993235e+00	3.251661e-05	3.000000e+02	7.166973e-06	3.202821e-09	0.000000e+00
2.128570e+00	2.401372e-02	1.000000e+01	7.123154e-09	3.178982e-09	0.000000e+00
2.128570e+00	1.679107e-02	1.196033e+01	1.038381e-08	3.178019e-09	0.000000e+00
2.128570e+00	1.173446e-02	1.430495e+01	1.454279e-08	3.176651e-09	0.000000e+00
2.128570e+00	8.205733e-03	1.710920e+01	2.129414e-08	3.175355e-09	0.000000e+00
2.128570e+00	5.733534e-03	2.046317e+01	2.946989e-08	3.174278e-09	0.000000e+00
2.128570e+00	4.008360e-03	2.447463e+01	4.241668e-08	3.173444e-09	0.000000e+00
2.128570e+00	2.802803e-03	2.927247e+01	6.183468e-08	3.172821e-09	0.000000e+00
2.128570e+00	1.958571e-03	3.501084e+01	8.614339e-08	3.172365e-09	0.000000e+00
2.128570e+00	1.369158e-03	4.187413e+01	1.233204e-07	3.172037e-09	0.000000e+00
2.128570e+00	9.571669e-04	5.008285e+01	1.771363e-07	3.171803e-09	0.000000e+00
2.128570e+00	6.691085e-04	5.990075e+01	2.532237e-07	3.171637e-09	0.000000e+00
2.128570e+00	4.678134e-04	7.164328e+01	3.659745e-07	3.171520e-09	0.000000e+00
2.128570e+00	3.269637e-04	8.568774e+01	5.161125e-07	3.171437e-09	0.000000e+00
2.128570e+00	2.285656e-04	1.024854e+02	7.379180e-07	3.171379e-09	0.000000e+00
2.128570e+00	1.597865e-04	1.225759e+02	1.058259e-06	3.171339e-09	0.000000e+00
2.128570e+00	1.117096e-04	1.466049e+02	1.522801e-06	3.171310e-09	0.000000e+00
2.128570e+00	7.810235e-05	1.753443e+02	2.199014e-06	3.171290e-09	0.000000e+00
2.128570e+00	5.458465e-05	2.097176e+02	3.090355e-06	3.171276e-09	0.000000e+00
2.128570e+00	3.815778e-05	2.508292e+02	4.418778e-06	3.171267e-09	0.000000e+00
2.128570e+00	2.667485e-05	3.000000e+02	6.325548e-06	3.171260e-09	0.000000e+00
2.273094e+00	1.969944e-02	1.000000e+01	6.295876e-09	4.529245e-09	0.000000e+00
2.273094e+00	1.377460e-02	1.196033e+01	9.178277e-09	4.525922e-09	0.000000e+00
2.273094e+00	9.626238e-03	1.430495e+01	1.285373e-08	4.522889e-09	0.000000e+00
2.273094e+00	6.731608e-03	1.710920e+01	1.882206e-08	4.520426e-09	0.000000e+00
2.273094e+00	4.703410e-03	2.046317e+01	2.604650e-08	4.518529e-09	0.000000e+00
2.273094e+00	3.288207e-03	2.447463e+01	3.748989e-08	4.517121e-09	0.000000e+00
2.273094e+00	2.299277e-03	2.927247e+01	5.465504e-08	4.516097e-09	0.000000e+00
2.273094e+00	1.606680e-03	3.501084e+01	7.613620e-08	4.515359e-09	0.000000e+00
2.273094e+00	1.123166e-03	4.187413e+01	1.089946e-07	4.514835e-09	0.000000e+00
2.273094e+00	7.851980e-04	5.008285e+01	1.565604e-07	4.514463e-09	0.000000e+00
2.273094e+00	5.488932e-04	5.990075e+01	2.238092e-07	4.514201e-09	0.000000e+00
2.273094e+00	3.837667e-04	7.164328e+01	3.234713e-07	4.514017e-09	0.000000e+00
2.273094e+00	2.682190e-04	8.568774e+01	4.561564e-07	4.513887e-09	0.000000e+00
2.273094e+00	1.874997e-04	1.024854e+02	6.521942e-07	4.513797e-09	0.000000e+00
2.273094e+00	1.310783e-04	1.225759e+02	9.353270e-07	4.513733e-09	0.000000e+00
2.273094e+00	9.163957e-05	1.466049e+02	1.345926e-06	4.513688e-09	0.000000e+00
2.273094e+00	6.407073e-05	1.753443e+02	1.943642e-06	4.513657e-09	0.000000e+00
2.273094e+00	4.477755e-05	2.097176e+02	2.731350e-06	4.513636e-09	0.000000e+00
2.273094e+00	3.130205e-05	2.508292e+02	3.905446e-06	4.513620e-09	0.000000e+00
2.273094e+00	2.188224e-05	3.000000e+02	5.590715e-06	4.513610e-09	0.000000e+00
2.427430e+00	1.616060e-02	1.000000e+01	5.573713e-09	3.471300e-09	0.000000e+00
2.427430e+00	1.130030e-02	1.196033e+01	8.125892e-09	3.463889e-09	0.000000e+00
2.427430e+00	7.896948e-03	1.430495e+01	1.137929e-08	3.457916e-09	0.000000e+00
2.427430e+00	5.522431e-03	1.710920e+01	1.666402e-08	3.453360e-09	0.000000e+00
2.427430e+00	3.858441e-03	2.046317e+01	2.305814e-08	3.449975e-09	0.000000e+00
2.427430e+00	2.697494e-03	2.447463e+01	3.318914e-08	3.447519e-09	0.000000e+00
2.427430e+00	1.886252e-03	2.927247e+01	4.838754e-08	3.445757e-09	0.000000e+00
2.427430e+00	1.318038e-03	3.501084e+01	6.740071e-08	3.444500e-09	0.000000e+00
2.427430e+00	9.213882e-04	4.187413e+01	9.648930e-08	3.443611e-09	0.000000e+00
2.427430e+00	6.441388e-04	5.008285e+01	1.385992e-07	3.442984e-09	0.000000e+00
2.427430e+00	4.502854e-04	5.990075e+01	1.981326e-07	3.442543e-09	0.000000e+00
2.427430e+00	3.148263e-04	7.164328e+01	2.863685e-07	3.442234e-09	0.000000e+00
2.427430e+00	2.200331e-04	8.568774e+01	4.038194e-07	3.442017e-09	0.000000e+00
2.427430e+00	1.538151e-04	1.024854e+02	5.773641e-07	3.441865e-09	0.000000e+00
2.427430e+00	1.075301e-04	1.225759e+02	8.280167e-07	3.441758e-09	0.000000e+00
2.427430e+00	7.517690e-05	1.466049e+02	1.191526e-06	3.441684e-09	0.000000e+00
2.427430e+00	5.256111e-05	1.753443e+02	1.720716e-06	3.441632e-09	0.000000e+00
2.427430e+00	3.673319e-05	2.097176e+02	2.417966e-06	3.441595e-09	0.000000e+00
2.427430e+00	2.567858e-05	2.508292e+02	3.457348e-06	3.441570e-09	0.000000e+00
2.427430e+00	1.795107e-05	3.000000e+02	4.949264e-06	3.441552e-09	0.000000e+00
2.592245e+00	1.315725e-02	1.000000e+01	4.905827e-09	3.773893e-09	0.000000e+00
2.592245e+00	9.199212e-03	1.196033e+01	7.151646e-09	3.773048e-09	0.000000e+00
2.592245e+00	6.429405e-03	1.430495e+01	1.001578e-08	3.772450e-09	0.000000e+00
2.592245e+00	4.495504e-03	1.710920e+01	1.466574e-08	3.772031e-09	0.000000e+00
2.592245e+00	3.141568e-03	2.046317e+01	2.029596e-08	3.771738e-09	0.000000e+00
2.592245e+00	2.196235e-03	2.447463e+01	2.921259e-08	3.771533e-09	0.000000e+00
2.592245e+00	1.535564e-03	2.927247e+01	4.258651e-08	3.771390e-09	0.000000e+00
2.592245e+00	1.073162e-03	3.501084e+01	5.932691e-08	3.771291e-09	0.000000e+00
2.592245e+00	7.502021e-04	4.187413e+01	8.493077e-08	3.771221e-09	0.000000e+00
2.592245e+00	5.244517e-04	5.008285e+01	1.219944e-07	3.771173e-09	0.000000e+00
2.592245e+00	3.666188e-04	5.990075e+01	1.743957e-07	3.771139e-09	0.000000e+00
2.592245e+00	2.563132e-04	7.164328e+01	2.520496e-07	3.771115e-09	0.000000e+00
2.592245e+00	1.791533e-04	8.568774e+01	3.554461e-07	3.771098e-09	0.000000e+00
2.592245e+00	1.252382e-04	1.024854e+02	5.082029e-07	3.771087e-09	0.000000e+00
2.592245e+00	8.755106e-05	1.225759e+02	7.288228e-07	3.771079e-09	0.000000e+00
2.592245e+00	6.120694e-05	1.466049e+02	1.048759e-06	3.771073e-09	0.000000e+00
2.592245e+00	4.279135e-05	1.753443e+02	1.514482e-06	3.771069e-09	0.000000e+00
2.592245e+00	2.990861e-05	2.097176e+02	2.128323e-06	3.771066e-09	0.000000e+00
2.592245e+00	2.090786e-05	2.508292e+02	3.043203e-06	3.771064e-09	0.000000e+00
2.592245e+00	1.461596e-05	3.000000e+02	4.356396e-06	3.771063e-09	0.000000e+00
2.768251e+00	1.072614e-02	1.000000e+01	4.332035e-09	4.081324e-09	0.000000e+00
2.768251e+00	7.498633e-03	1.196033e+01	6.314705e-09	4.088234e-09	0.000000e+00
2.768251e+00	5.241475e-03	1.430495e+01	8.844374e-09	4.093621e-09	0.000000e+00
2.768251e+00	3.664370e-03	1.710920e+01	1.294919e-08	4.097663e-09	0.000000e+00
2.768251e+00	2.561253e-03	2.046317e+01	1.792288e-08	4.100627e-09	0.000000e+00
2.768251e+00	1.790479e-03	2.447463e+01	2.579629e-08	4.102766e-09	0.000000e+00
2.768251e+00	1.251726e-03	2.927247e+01	3.760320e-08	4.104295e-09	0.000000e+00
2.768251e+00	8.749323e-04	3.501084e+01	5.239041e-08	4.105380e-09	0.000000e+00
2.768251e+00	6.116253e-04	4.187413e+01	7.500043e-08	4.106147e-09	0.000000e+00
2.768251e+00	4.275659e-04	5.008285e+01	1.077289e-07	4.106686e-09	0.000000e+00
2.768251e+00	2.988914e-04	5.990075e+01	1.540028e-07	4.107066e-09	0.000000e+00
2.768251e+00	2.089505e-04	7.164328e+01	2.225669e-07	4.107331e-09	0.000000e+00
2.768251e+00	1.460607e-04	8.568774e+01	3.138871e-07	4.107518e-09	0.000000e+00
2.768251e+00	1.021049e-04	1.024854e+02	4.487841e-07	4.107648e-09	0.000000e+00
2.768251e+00	7.137807e-05	1.225759e+02	6.436029e-07	4.107740e-09	0.000000e+00
2.768251e+00	4.989869e-05	1.466049e+02	9.261075e-07	4.107804e-09	0.000000e+00
2.768251e+00	3.488352e-05	1.753443e+02	1.337312e-06	4.107848e-09	0.000000e+00
2.768251e+00	2.438404e-05	2.097176e+02	1.879480e-06	4.107880e-09	0.000000e+00
2.768251e+00	1.704590e-05	2.508292e+02	2.687398e-06	4.107902e-09	0.000000e+00
2.768251e+00	1.191615e-05	3.000000e+02	3.847045e-06	4.107917e-09	0.000000e+00
2.956207e+00	8.779513e-03	1.000000e+01	3.848501e-09	-1.000000e+00	0.000000e+00
2.956207e+00	6.137516e-03	1.196033e+01	5.609844e-09	-1.000000e+00	0.000000e+00
2.956207e+00	4.290245e-03	1.430495e+01	7.857179e-09	-1.000000e+00	0.000000e+00
2.956207e+00	2.999207e-03	1.710920e+01	1.150374e-08	-1.000000e+00	0.000000e+00
2.956207e+00	2.096472e-03	2.046317e+01	1.592238e-08	-1.000000e+00	0.000000e+00
2.956207e+00	1.465549e-03	2.447463e+01	2.291695e-08	-1.000000e+00	0.000000e+00
2.956207e+00	1.024527e-03	2.927247e+01	3.340582e-08	-1.000000e+00	0.000000e+00
2.956207e+00	7.161634e-04	3.501084e+01	4.654274e-08	-1.000000e+00	0.000000e+00
2.956207e+00	5.006364e-04	4.187413e+01	6.662908e-08	-1.000000e+00	0.000000e+00
2.956207e+00	3.499748e-04	5.008285e+01	9.570442e-08	-1.000000e+00	0.000000e+00
2.956207e+00	2.446513e-04	5.990075e+01	1.368133e-07	-1.000000e+00	0.000000e+00
2.956207e+00	1.710284e-04	7.164328e+01	1.977239e-07	-1.000000e+00	0.000000e+00
2.956207e+00	1.195559e-04	8.568774e+01	2.788518e-07	-1.000000e+00	0.000000e+00
2.956207e+00	8.357654e-05	1.024854e+02	3.986921e-07	-1.000000e+00	0.000000e+00
2.956207e+00	5.842524e-05	1.225759e+02	5.717655e-07	-1.000000e+00	0.000000e+00
2.956207e+00	4.084320e-05	1.466049e+02	8.227365e-07	-1.000000e+00	0.000000e+00
2.956207e+00	2.855240e-05	1.753443e+02	1.188041e-06	-1.000000e+00	0.000000e+00
2.956207e+00	1.995922e-05	2.097176e+02	1.669698e-06	-1.000000e+00	0.000000e+00
2.956207e+00	1.395270e-05	2.508292e+02	2.387438e-06	-1.000000e+00	0.000000e+00
2.956207e+00	9.753797e-06	3.000000e+02	3.417649e-06	-1.000000e+00	0.000000e+00
3.156925e+00	7.196784e-03	1.000000e+01	3.430436e-09	-1.000000e+00	0.000000e+00
3.156925e+00	5.031020e-03	1.196033e+01	5.000557e-09	-1.000000e+00	0.000000e+00
3.156925e+00	3.516823e-03	1.430495e+01	7.003631e-09	-1.000000e+00	0.000000e+00
3.156925e+00	2.458494e-03	1.710920e+01	1.025435e-08	-1.000000e+00	0.000000e+00
3.156925e+00	1.718541e-03	2.046317e+01	1.419251e-08	-1.000000e+00	0.000000e+00
3.156925e+00	1.201350e-03	2.447463e+01	2.042732e-08	-1.000000e+00	0.000000e+00
3.156925e+00	8.398237e-04	2.927247e+01	2.977741e-08	-1.000000e+00	0.000000e+00
3.156925e+00	5.870610e-04	3.501084e+01	4.148608e-08	-1.000000e+00	0.000000e+00
3.156925e+00	4.103868e-04	4.187413e+01	5.939019e-08	-1.000000e+00	0.000000e+00
3.156925e+00	2.868843e-04	5.008285e+01	8.530708e-08	-1.000000e+00	0.000000e+00
3.156925e+00	2.005477e-04	5.990075e+01	1.219498e-07	-1.000000e+00	0.000000e+00
3.156925e+00	1.401961e-04	7.164328e+01	1.762453e-07	-1.000000e+00	0.000000e+00
3.156925e+00	9.800359e-05	8.568774e+01	2.485559e-07	-1.000000e+00	0.000000e+00
3.156925e+00	6.851026e-05	1.024854e+02	3.553759e-07	-1.000000e+00	0.000000e+00
3.156925e+00	4.789290e-05	1.225759e+02	5.096472e-07	-1.000000e+00	0.000000e+00
3.156925e+00	3.348027e-05	1.466049e+02	7.333575e-07	-1.000000e+00	0.000000e+00
3.156925e+00	2.340504e-05	1.753443e+02	1.058989e-06	-1.000000e+00	0.000000e+00
3.156925e+00	1.636118e-05	2.097176e+02	1.488293e-06	-1.000000e+00	0.000000e+00
3.156925e+00	1.143746e-05	2.508292e+02	2.128053e-06	-1.000000e+00	0.000000e+00
3.156925e+00	7.995486e-06	3.000000e+02	3.046338e-06	-1.000000e+00	0.000000e+00
3.371271e+00	5.903563e-03	1.000000e+01	3.063973e-09	6.279211e-09	1.000000e+00
3.371271e+00	4.126988e-03	1.196033e+01	4.466528e-09	6.280877e-09	1.000000e+00
3.371271e+00	2.884870e-03	1.430495e+01	6.255428e-09	6.282121e-09	1.000000e+00
3.371271e+00	2.016726e-03	1.710920e+01	9.159306e-09	6.283030e-09	0.000000e+00
3.371271e+00	1.409726e-03	2.046317e+01	1.267607e-08	6.283685e-09	0.000000e+00
3.371271e+00	9.854739e-04	2.447463e+01	1.824493e-08	6.284152e-09	0.000000e+00
3.371271e+00	6.889144e-04	2.927247e+01	2.659711e-08	6.284483e-09	0.000000e+00
3.371271e+00	4.815685e-04	3.501084e+01	3.705328e-08	6.284718e-09	0.000000e+00
3.371271e+00	3.366420e-04	4.187413e+01	5.304441e-08	6.284882e-09	0.000000e+00
3.371271e+00	2.353325e-04	5.008285e+01	7.619271e-08	6.284998e-09	0.000000e+00
3.371271e+00	1.645102e-04	5.990075e+01	1.089203e-07	6.285079e-09	0.000000e+00
3.371271e+00	1.150038e-04	7.164328e+01	1.574180e-07	6.285136e-09	0.000000e+00
3.371271e+00	8.039274e-05	8.568774e+01	2.219977e-07	6.285176e-09	0.000000e+00
3.371271e+00	5.619924e-05	1.024854e+02	3.174037e-07	6.285204e-09	0.000000e+00
3.371271e+00	3.928676e-05	1.225759e+02	4.551933e-07	6.285223e-09	0.000000e+00
3.371271e+00	2.746405e-05	1.466049e+02	6.550088e-07	6.285237e-09	0.000000e+00
3.371271e+00	1.919932e-05	1.753443e+02	9.458689e-07	6.285247e-09	0.000000e+00
3.371271e+00	1.342115e-05	2.097176e+02	1.329268e-06	6.285253e-09	0.000000e+00
3.371271e+00	9.382193e-06	2.508292e+02	1.900668e-06	6.285258e-09	0.000000e+00
3.371271e+00	6.558730e-06	3.000000e+02	2.720837e-06	6.285261e-09	0.000000e+00
3.600170e+00	4.826363e-03	1.000000e+01	2.726627e-09	9.015754e-09	1.000000e+00
3.600170e+00	3.373807e-03	1.196033e+01	3.974720e-09	9.015838e-09	1.000000e+00
3.600170e+00	2.358492e-03	1.430495e+01	5.566707e-09	9.015929e-09	1.000000e+00
3.600170e+00	1.648662e-03	1.710920e+01	8.150776e-09	9.016009e-09	1.000000e+00
3.600170e+00	1.152531e-03	2.046317e+01	1.128049e-08	9.016073e-09	0.000000e+00
3.600170e+00	8.056694e-04	2.447463e+01	1.623620e-08	9.016122e-09	0.000000e+00
3.600170e+00	5.631941e-04	2.927247e+01	2.366860e-08	9.016158e-09	0.000000e+00
3.600170e+00	3.937108e-04	3.501084e+01	3.297390e-08	9.016185e-09	0.000000e+00
3.600170e+00	2.752243e-04	4.187413e+01	4.720447e-08	9.016203e-09	0.000000e+00
3.600170e+00	1.923962e-04	5.008285e+01	6.780411e-08	9.016217e-09	0.000000e+00
3.600170e+00	1.344956e-04	5.990075e+01	9.692857e-08	9.016226e-09	0.000000e+00
3.600170e+00	9.401930e-05	7.164328e+01	1.400862e-07	9.016233e-09	0.000000e+00
3.600170e+00	6.572581e-05	8.568774e+01	1.975569e-07	9.016238e-09	0.000000e+00
3.600170e+00	4.594625e-05	1.024854e+02	2.824592e-07	9.016241e-09	0.000000e+00
3.600170e+00	3.211909e-05	1.225759e+02	4.050784e-07	9.016243e-09	0.000000e+00
3.600170e+00	2.245307e-05	1.466049e+02	5.828934e-07	9.016245e-09	0.000000e+00
3.600170e+00	1.569595e-05	1.753443e+02	8.417267e-07	9.016246e-09	0.000000e+00
3.600170e+00	1.097259e-05	2.097176e+02	1.182922e-06	9.016247e-09	0.000000e+00
3.600170e+00	7.670510e-06	2.508292e+02	1.691414e-06	9.016248e-09	0.000000e+00
3.600170e+00	5.362150e-06	3.000000e+02	2.421286e-06	9.016248e-09	0.000000e+00
3.844611e+00	3.947588e-03	1.000000e+01	2.416701e-09	-1.000000e+00	0.000000e+00
3.844611e+00	2.759402e-03	1.196033e+01	3.522909e-09	-1.000000e+00	0.000000e+00
3.844611e+00	1.929071e-03	1.430495e+01	4.933964e-09	-1.000000e+00	0.000000e+00
3.844611e+00	1.348418e-03	1.710920e+01	7.224273e-09	-1.000000e+00	0.000000e+00
3.844611e+00	9.427039e-04	2.046317e+01	9.998316e-09	-1.000000e+00	0.000000e+00
3.844611e+00	6.589829e-04	2.447463e+01	1.439072e-08	-1.000000e+00	0.000000e+00
3.844611e+00	4.606365e-04	2.927247e+01	2.097823e-08	-1.000000e+00	0.000000e+00
3.844611e+00	3.220338e-04	3.501084e+01	2.922599e-08	-1.000000e+00	0.000000e+00
3.844611e+00	2.251180e-04	4.187413e+01	4.183907e-08	-1.000000e+00	0.000000e+00
3.844611e+00	1.573679e-04	5.008285e+01	6.009723e-08	-1.000000e+00	0.000000e+00
3.844611e+00	1.100090e-04	5.990075e+01	8.591131e-08	-1.000000e+00	0.000000e+00
3.844611e+00	7.690033e-05	7.164328e+01	1.241632e-07	-1.000000e+00	0.000000e+00
3.844611e+00	5.376008e-05	8.568774e+01	1.751020e-07	-1.000000e+00	0.000000e+00
3.844611e+00	3.758153e-05	1.024854e+02	2.503541e-07	-1.000000e+00	0.000000e+00
3.844611e+00	2.627154e-05	1.225759e+02	3.590359e-07	-1.000000e+00	0.000000e+00
3.844611e+00	1.836507e-05	1.466049e+02	5.166392e-07	-1.000000e+00	0.000000e+00
3.844611e+00	1.283796e-05	1.753443e+02	7.460506e-07	-1.000000e+00	0.000000e+00
3.844611e+00	8.974977e-06	2.097176e+02	1.048468e-06	-1.000000e+00	0.000000e+00
3.844611e+00	6.274064e-06	2.508292e+02	1.499163e-06	-1.000000e+00	0.000000e+00
3.844611e+00	4.385943e-06	3.000000e+02	2.146076e-06	-1.000000e+00	0.000000e+00
4.105649e+00	3.237967e-03	1.000000e+01	2.113406e-09	5.271855e-09	1.000000e+00
4.105649e+00	2.263379e-03	1.196033e+01	3.080903e-09	5.273441e-09	1.000000e+00
4.105649e+00	1.582300e-03	1.430495e+01	4.314737e-09	5.274579e-09	1.000000e+00
4.105649e+00	1.106032e-03	1.710920e+01	6.317917e-09	5.275389e-09	0.000000e+00
4.105649e+00	7.732415e-04	2.046317e+01	8.743328e-09	5.275963e-09	0.000000e+00
4.105649e+00	5.405236e-04	2.447463e+01	1.258456e-08	5.276367e-09	0.000000e+00
4.105649e+00	3.778339e-04	2.927247e+01	1.834600e-08	5.276651e-09	0.000000e+00
4.105649e+00	2.641443e-04	3.501084e+01	2.555748e-08	5.276851e-09	0.000000e+00
4.105649e+00	1.846504e-04	4.187413e+01	3.658738e-08	5.276991e-09	0.000000e+00
4.105649e+00	1.290792e-04	5.008285e+01	5.255418e-08	5.277089e-09	0.000000e+00
4.105649e+00	9.023366e-05	5.990075e+01	7.512816e-08	5.277158e-09	0.000000e+00
4.105649e+00	6.307678e-05	7.164328e+01	1.085812e-07	5.277206e-09	0.000000e+00
4.105649e+00	4.409605e-05	8.568774e+01	1.531228e-07	5.277239e-09	0.000000e+00
4.105649e+00	3.082579e-05	1.024854e+02	2.189289e-07	5.277263e-09	0.000000e+00
4.105649e+00	2.154892e-05	1.225759e+02	3.139703e-07	5.277279e-09	0.000000e+00
4.105649e+00	1.506376e-05	1.466049e+02	4.517970e-07	5.277291e-09	0.000000e+00
4.105649e+00	1.053023e-05	1.753443e+02	6.524284e-07	5.277299e-09	0.000000e+00
4.105649e+00	7.361616e-06	2.097176e+02	9.168614e-07	5.277304e-09	0.000000e+00
4.105649e+00	5.146224e-06	2.508292e+02	1.310983e-06	5.277308e-09	0.000000e+00
4.105649e+00	3.597516e-06	3.000000e+02	1.876696e-06	5.277311e-09	0.000000e+00
4.384411e+00	2.661621e-03	1.000000e+01	1.755735e-09	-1.000000e+00	0.000000e+00
4.384411e+00	1.860670e-03	1.196033e+01	2.560301e-09	-1.000000e+00	0.000000e+00
4.384411e+00	1.299244e-03	1.430495e+01	3.567487e-09	-1.000000e+00	0.000000e+00
4.384411e+00	9.081927e-04	1.710920e+01	5.223880e-09	-1.000000e+00	0.000000e+00
4.384411e+00	6.348998e-04	2.046317e+01	7.228415e-09	-1.000000e+00	0.000000e+00
4.384411e+00	4.438176e-04	2.447463e+01	1.040393e-08	-1.000000e+00	0.000000e+00
4.384411e+00	3.102401e-04	2.927247e+01	1.516741e-08	-1.000000e+00	0.000000e+00
4.384411e+00	2.168811e-04	3.501084e+01	2.112728e-08	-1.000000e+00	0.000000e+00
4.384411e+00	1.516103e-04	4.187413e+01	3.024459e-08	-1.000000e+00	0.000000e+00
4.384411e+00	1.059827e-04	5.008285e+01	4.344298e-08	-1.000000e+00	0.000000e+00
4.384411e+00	7.408752e-05	5.990075e+01	6.210211e-08	-1.000000e+00	0.000000e+00
4.384411e+00	5.179047e-05	7.164328e+01	8.975618e-08	-1.000000e+00	0.000000e+00
4.384411e+00	3.620520e-05	8.568774e+01	1.265682e-07	-1.000000e+00	0.000000e+00
4.384411e+00	2.530952e-05	1.024854e+02	1.809594e-07	-1.000000e+00	0.000000e+00
4.384411e+00	1.769274e-05	1.225759e+02	2.595161e-07	-1.000000e+00	0.000000e+00
4.384411e+00	1.236816e-05	1.466049e+02	3.734409e-07	-1.000000e+00	0.000000e+00
4.384411e+00	8.645965e-06	1.753443e+02	5.392863e-07	-1.000000e+00	0.000000e+00
4.384411e+00	6.044194e-06	2.097176e+02	7.578137e-07	-1.000000e+00	0.000000e+00
4.384411e+00	4.225254e-06	2.508292e+02	1.083556e-06	-1.000000e+00	0.000000e+00
4.384411e+00	2.953701e-06	3.000000e+02	1.551121e-06	-1.000000e+00	0.000000e+00
4.682099e+00	2.185237e-03	1.000000e+01	1.027653e-09	-1.000000e+00	0.000000e+00
4.682099e+00	1.527668e-03	1.196033e+01	1.498624e-09	-1.000000e+00	0.000000e+00
4.682099e+00	1.067975e-03	1.430495e+01	2.099060e-09	-1.000000e+00	0.000000e+00
4.682099e+00	7.466188e-04	1.710920e+01	3.074935e-09	-1.000000e+00	0.000000e+00
4.682099e+00	5.219631e-04	2.046317e+01	4.256012e-09	-1.000000e+00	0.000000e+00
4.682099e+00	3.649075e-04	2.447463e+01	6.128277e-09	-1.000000e+00	0.000000e+00
4.682099e+00	2.547979e-04	2.927247e+01	8.890403e-09	-1.000000e+00	0.000000e+00
4.682099e+00	1.781149e-04	3.501084e+01	1.238223e-08	-1.000000e+00	0.000000e+00
4.682099e+00	1.245096e-04	4.187413e+01	1.772487e-08	-1.000000e+00	0.000000e+00
4.682099e+00	8.703764e-05	5.008285e+01	2.545907e-08	-1.000000e+00	0.000000e+00
4.682099e+00	6.084345e-05	5.990075e+01	3.639272e-08	-1.000000e+00	0.000000e+00
4.682099e+00	4.253257e-05	7.164328e+01	5.259857e-08	-1.000000e+00	0.000000e+00
4.682099e+00	2.973258e-05	8.568774e+01	7.416613e-08	-1.000000e+00	0.000000e+00
4.682099e+00	2.078468e-05	1.024854e+02	1.060359e-07	-1.000000e+00	0.000000e+00
4.682099e+00	1.452962e-05	1.225759e+02	1.520659e-07	-1.000000e+00	0.000000e+00
4.682099e+00	1.015701e-05	1.466049e+02	2.188218e-07	-1.000000e+00	0.000000e+00
4.682099e+00	7.100326e-06	1.753443e+02	3.160058e-07	-1.000000e+00	0.000000e+00
4.682099e+00	4.963546e-06	2.097176e+02	4.440268e-07	-1.000000e+00	0.000000e+00
4.682099e+00	3.469807e-06	2.508292e+02	6.348823e-07	-1.000000e+00	0.000000e+00
4.682099e+00	2.425596e-06	3.000000e+02	9.088337e-07	-1.000000e+00	0.000000e+00
5.000000e+00	1.794468e-03	1.000000e+01	  nan	-1.000000e+00	0.000000e+00
5.000000e+00	1.254514e-03	1.196033e+01	  nan	-1.000000e+00	0.000000e+00
5.000000e+00	8.769832e-04	1.430495e+01	  nan	-1.000000e+00	0.000000e+00
5.000000e+00	6.131131e-04	1.710920e+01	  nan	-1.000000e+00	0.000000e+00
5.000000e+00	4.286036e-04	2.046317e+01	  nan	-1.000000e+00	0.000000e+00
5.000000e+00	2.996387e-04	2.447463e+01	  nan	-1.000000e+00	0.000000e+00
5.000000e+00	2.094842e-04	2.927247e+01	  nan	-1.000000e+00	0.000000e+00
5.000000e+00	1.464464e-04	3.501084e+01	  nan	-1.000000e+00	0.000000e+00
5.000000e+00	1.023819e-04	4.187413e+01	  nan	-1.000000e+00	0.000000e+00
5.000000e+00	7.149200e-05	5.008285e+01	  nan	-1.000000e+00	0.000000e+00
5.000000e+00	4.997566e-05	5.990075e+01	  nan	-1.000000e+00	0.000000e+00
5.000000e+00	3.493562e-05	7.164328e+01	  nan	-1.000000e+00	0.000000e+00
5.000000e+00	2.442123e-05	8.568774e+01	  nan	-1.000000e+00	0.000000e+00
5.000000e+00	1.707164e-05	1.024854e+02	  nan	-1.000000e+00	0.000000e+00
5.000000e+00	1.193399e-05	1.225759e+02	  nan	-1.000000e+00	0.000000e+00
5.000000e+00	8.342555e-06	1.466049e+02	  nan	-1.000000e+00	0.000000e+00
5.000000e+00	5.831980e-06	1.753443e+02	  nan	-1.000000e+00	0.000000e+00
5.000000e+00	4.076783e-06	2.097176e+02	  nan	-1.000000e+00	0.000000e+00
5.000000e+00	2.849899e-06	2.508292e+02	  nan	-1.000000e+00	0.000000e+00
5.000000e+00	1.992243e-06	3.000000e+02	  nan	-1.000000e+00	0.000000e+00
