#m [GeV],  tau [ps], c, BRtheo(B+->K+mumu), BRexp, allowed/excluded(1/0)
2.000000e-01	2.577520e+10	1.000000e-04	0.000000e+00	-1.000000e+00	0.000000e+00
2.000000e-01	9.775735e+09	1.623777e-04	0.000000e+00	-1.000000e+00	0.000000e+00
2.000000e-01	3.707631e+09	2.636651e-04	0.000000e+00	-1.000000e+00	0.000000e+00
2.000000e-01	1.406186e+09	4.281332e-04	0.000000e+00	-1.000000e+00	0.000000e+00
2.000000e-01	5.333184e+08	6.951928e-04	0.000000e+00	-1.000000e+00	0.000000e+00
2.000000e-01	2.022662e+08	1.128838e-03	0.000000e+00	-1.000000e+00	0.000000e+00
2.000000e-01	7.670925e+07	1.832981e-03	0.000000e+00	-1.000000e+00	0.000000e+00
2.000000e-01	2.909100e+07	2.976351e-03	0.000000e+00	-1.000000e+00	0.000000e+00
2.000000e-01	1.103218e+07	4.832930e-03	0.000000e+00	-1.000000e+00	0.000000e+00
2.000000e-01	4.183734e+06	7.847600e-03	0.000000e+00	-1.000000e+00	0.000000e+00
2.000000e-01	1.586623e+06	1.274275e-02	0.000000e+00	-1.000000e+00	0.000000e+00
2.000000e-01	6.017172e+05	2.069138e-02	0.000000e+00	-1.000000e+00	0.000000e+00
2.000000e-01	2.282021e+05	3.359818e-02	0.000000e+00	-1.000000e+00	0.000000e+00
2.000000e-01	8.654728e+04	5.455595e-02	0.000000e+00	-1.000000e+00	0.000000e+00
2.000000e-01	3.282404e+04	8.858668e-02	0.000000e+00	-1.000000e+00	0.000000e+00
2.000000e-01	1.244898e+04	1.438450e-01	0.000000e+00	-1.000000e+00	0.000000e+00
2.000000e-01	4.721474e+03	2.335721e-01	0.000000e+00	-1.000000e+00	0.000000e+00
2.000000e-01	1.790700e+03	3.792690e-01	0.000000e+00	-1.000000e+00	0.000000e+00
2.000000e-01	6.791549e+02	6.158482e-01	0.000000e+00	-1.000000e+00	0.000000e+00
2.000000e-01	2.575819e+02	1.000000e+00	0.000000e+00	-1.000000e+00	0.000000e+00
2.135794e-01	3.891149e+06	1.000000e-04	1.088251e-09	-1.000000e+00	0.000000e+00
2.135794e-01	1.475792e+06	1.623777e-04	2.869343e-09	-1.000000e+00	0.000000e+00
2.135794e-01	5.597219e+05	2.636651e-04	7.565500e-09	-1.000000e+00	0.000000e+00
2.135794e-01	2.122847e+05	4.281332e-04	1.994806e-08	-1.000000e+00	0.000000e+00
2.135794e-01	8.051231e+04	6.951928e-04	5.260068e-08	-1.000000e+00	0.000000e+00
2.135794e-01	3.053506e+04	1.128838e-03	1.387244e-07	-1.000000e+00	0.000000e+00
2.135794e-01	1.158038e+04	1.832981e-03	3.659653e-07	-1.000000e+00	0.000000e+00
2.135794e-01	4.391704e+03	2.976351e-03	9.657532e-07	-1.000000e+00	0.000000e+00
2.135794e-01	1.665463e+03	4.832930e-03	2.549038e-06	-1.000000e+00	0.000000e+00
2.135794e-01	6.315927e+02	7.847600e-03	6.727951e-06	-1.000000e+00	0.000000e+00
2.135794e-01	2.395224e+02	1.274275e-02	1.775499e-05	-1.000000e+00	0.000000e+00
2.135794e-01	9.083732e+01	2.069138e-02	4.684521e-05	-1.000000e+00	0.000000e+00
2.135794e-01	3.445015e+01	3.359818e-02	1.235730e-04	-1.000000e+00	0.000000e+00
2.135794e-01	1.306546e+01	5.455595e-02	3.259225e-04	-1.000000e+00	0.000000e+00
2.135794e-01	4.955223e+00	8.858668e-02	8.595213e-04	-1.000000e+00	0.000000e+00
2.135794e-01	1.879338e+00	1.438450e-01	2.266556e-03	-1.000000e+00	0.000000e+00
2.135794e-01	7.127688e-01	2.335721e-01	5.976610e-03	-1.000000e+00	0.000000e+00
2.135794e-01	2.703297e-01	3.792690e-01	1.575905e-02	-1.000000e+00	0.000000e+00
2.135794e-01	1.025274e-01	6.158482e-01	4.155243e-02	-1.000000e+00	0.000000e+00
2.135794e-01	3.888538e-02	1.000000e+00	1.095614e-01	-1.000000e+00	0.000000e+00
2.280808e-01	1.405897e+06	1.000000e-04	1.088496e-09	6.808951e-04	1.000000e+00
2.280808e-01	5.332132e+05	1.623777e-04	2.869989e-09	2.583927e-04	1.000000e+00
2.280808e-01	2.022311e+05	2.636651e-04	7.567202e-09	9.815073e-05	1.000000e+00
2.280808e-01	7.669982e+04	4.281332e-04	1.995255e-08	3.737615e-05	1.000000e+00
2.280808e-01	2.908961e+04	6.951928e-04	5.261251e-08	1.432694e-05	1.000000e+00
2.280808e-01	1.103251e+04	1.128838e-03	1.387556e-07	5.587024e-06	1.000000e+00
2.280808e-01	4.184067e+03	1.832981e-03	3.660476e-07	2.277384e-06	1.000000e+00
2.280808e-01	1.586751e+03	2.976351e-03	9.659705e-07	1.035542e-06	1.000000e+00
2.280808e-01	6.017424e+02	4.832930e-03	2.549612e-06	4.624031e-07	0.000000e+00
2.280808e-01	2.281985e+02	7.847600e-03	6.729465e-06	1.778311e-07	0.000000e+00
2.280808e-01	8.654097e+01	1.274275e-02	1.775898e-05	6.983741e-08	0.000000e+00
2.280808e-01	3.282011e+01	2.069138e-02	4.685575e-05	2.860503e-08	0.000000e+00
2.280808e-01	1.244706e+01	3.359818e-02	1.236008e-04	1.297911e-08	0.000000e+00
2.280808e-01	4.720635e+00	5.455595e-02	3.259958e-04	7.006714e-09	0.000000e+00
2.280808e-01	1.790354e+00	8.858668e-02	8.597147e-04	4.926762e-09	0.000000e+00
2.280808e-01	6.790169e-01	1.438450e-01	2.267065e-03	4.394554e-09	0.000000e+00
2.280808e-01	2.575279e-01	2.335721e-01	5.977954e-03	3.994632e-09	0.000000e+00
2.280808e-01	9.767187e-02	3.792690e-01	1.576259e-02	3.869634e-09	0.000000e+00
2.280808e-01	3.704379e-02	6.158482e-01	4.156178e-02	3.872606e-09	0.000000e+00
2.280808e-01	1.404954e-02	1.000000e+00	1.095861e-01	3.884758e-09	0.000000e+00
2.435668e-01	9.962354e+05	1.000000e-04	1.088666e-09	1.090467e-04	1.000000e+00
2.435668e-01	3.778412e+05	1.623777e-04	2.870435e-09	4.139201e-05	1.000000e+00
2.435668e-01	1.433034e+05	2.636651e-04	7.568381e-09	1.573271e-05	1.000000e+00
2.435668e-01	5.435040e+04	4.281332e-04	1.995566e-08	6.001013e-06	1.000000e+00
2.435668e-01	2.061324e+04	6.951928e-04	5.262070e-08	2.310313e-06	1.000000e+00
2.435668e-01	7.817770e+03	1.128838e-03	1.387773e-07	9.111620e-07	1.000000e+00
2.435668e-01	2.964879e+03	1.832981e-03	3.661046e-07	3.821403e-07	1.000000e+00
2.435668e-01	1.124390e+03	2.976351e-03	9.661209e-07	1.857180e-07	0.000000e+00
2.435668e-01	4.264017e+02	4.832930e-03	2.550009e-06	7.418308e-08	0.000000e+00
2.435668e-01	1.617041e+02	7.847600e-03	6.730513e-06	2.859348e-08	0.000000e+00
2.435668e-01	6.132395e+01	1.274275e-02	1.776175e-05	1.130954e-08	0.000000e+00
2.435668e-01	2.325672e+01	2.069138e-02	4.686305e-05	4.723181e-09	0.000000e+00
2.435668e-01	8.820135e+00	3.359818e-02	1.236201e-04	2.231529e-09	0.000000e+00
2.435668e-01	3.345098e+00	5.455595e-02	3.260466e-04	1.291787e-09	0.000000e+00
2.435668e-01	1.268666e+00	8.858668e-02	8.598486e-04	1.107489e-09	0.000000e+00
2.435668e-01	4.811594e-01	1.438450e-01	2.267419e-03	1.322289e-09	0.000000e+00
2.435668e-01	1.824873e-01	2.335721e-01	5.978885e-03	1.567585e-09	0.000000e+00
2.435668e-01	6.921144e-02	3.792690e-01	1.576505e-02	1.538904e-09	0.000000e+00
2.435668e-01	2.624967e-02	6.158482e-01	4.156825e-02	1.524729e-09	0.000000e+00
2.435668e-01	9.955667e-03	1.000000e+00	1.096031e-01	1.520918e-09	0.000000e+00
2.601043e-01	7.956465e+05	1.000000e-04	1.088848e-09	1.470235e-04	1.000000e+00
2.601043e-01	3.017640e+05	1.623777e-04	2.870916e-09	5.581882e-05	1.000000e+00
2.601043e-01	1.144497e+05	2.636651e-04	7.569647e-09	2.122777e-05	1.000000e+00
2.601043e-01	4.340711e+04	4.281332e-04	1.995900e-08	8.108634e-06	1.000000e+00
2.601043e-01	1.646283e+04	6.951928e-04	5.262950e-08	3.133442e-06	1.000000e+00
2.601043e-01	6.243686e+03	1.128838e-03	1.388005e-07	1.247813e-06	1.000000e+00
2.601043e-01	2.367910e+03	1.832981e-03	3.661659e-07	5.360936e-07	1.000000e+00
2.601043e-01	8.979980e+02	2.976351e-03	9.662825e-07	2.625833e-07	0.000000e+00
2.601043e-01	3.405471e+02	4.832930e-03	2.550435e-06	1.001963e-07	0.000000e+00
2.601043e-01	1.291455e+02	7.847600e-03	6.731639e-06	3.881800e-08	0.000000e+00
2.601043e-01	4.897657e+01	1.274275e-02	1.776472e-05	1.545558e-08	0.000000e+00
2.601043e-01	1.857405e+01	2.069138e-02	4.687089e-05	6.542633e-09	0.000000e+00
2.601043e-01	7.044228e+00	3.359818e-02	1.236408e-04	3.236991e-09	0.000000e+00
2.601043e-01	2.671573e+00	5.455595e-02	3.261012e-04	1.938158e-09	0.000000e+00
2.601043e-01	1.013224e+00	8.858668e-02	8.599924e-04	1.805916e-09	0.000000e+00
2.601043e-01	3.842794e-01	1.438450e-01	2.267798e-03	2.227165e-09	0.000000e+00
2.601043e-01	1.457441e-01	2.335721e-01	5.979885e-03	1.795818e-09	0.000000e+00
2.601043e-01	5.527593e-02	3.792690e-01	1.576768e-02	1.398083e-09	0.000000e+00
2.601043e-01	2.096438e-02	6.158482e-01	4.157521e-02	1.393679e-09	0.000000e+00
2.601043e-01	7.951124e-03	1.000000e+00	1.096215e-01	1.426461e-09	0.000000e+00
2.777646e-01	6.693424e+05	1.000000e-04	1.089052e-09	5.964201e-05	1.000000e+00
2.777646e-01	2.538608e+05	1.623777e-04	2.871453e-09	2.264802e-05	1.000000e+00
2.777646e-01	9.628149e+04	2.636651e-04	7.571063e-09	8.617388e-06	1.000000e+00
2.777646e-01	3.651650e+04	4.281332e-04	1.996273e-08	3.296109e-06	1.000000e+00
2.777646e-01	1.384946e+04	6.951928e-04	5.263935e-08	1.278195e-06	1.000000e+00
2.777646e-01	5.252539e+03	1.128838e-03	1.388264e-07	5.136112e-07	1.000000e+00
2.777646e-01	1.992018e+03	1.832981e-03	3.662344e-07	2.255957e-07	0.000000e+00
2.777646e-01	7.554462e+02	2.976351e-03	9.664634e-07	1.066352e-07	0.000000e+00
2.777646e-01	2.864873e+02	4.832930e-03	2.550913e-06	4.079382e-08	0.000000e+00
2.777646e-01	1.086444e+02	7.847600e-03	6.732899e-06	1.589089e-08	0.000000e+00
2.777646e-01	4.120183e+01	1.274275e-02	1.776804e-05	6.383649e-09	0.000000e+00
2.777646e-01	1.562553e+01	2.069138e-02	4.687966e-05	2.779927e-09	0.000000e+00
2.777646e-01	5.926000e+00	3.359818e-02	1.236639e-04	1.489612e-09	0.000000e+00
2.777646e-01	2.247477e+00	5.455595e-02	3.261622e-04	9.775667e-10	0.000000e+00
2.777646e-01	8.523808e-01	8.858668e-02	8.601534e-04	1.065737e-09	0.000000e+00
2.777646e-01	3.232774e-01	1.438450e-01	2.268222e-03	1.371247e-09	0.000000e+00
2.777646e-01	1.226081e-01	2.335721e-01	5.981004e-03	1.513076e-09	0.000000e+00
2.777646e-01	4.650121e-02	3.792690e-01	1.577063e-02	1.516286e-09	0.000000e+00
2.777646e-01	1.763641e-02	6.158482e-01	4.158299e-02	1.502060e-09	0.000000e+00
2.777646e-01	6.688932e-03	1.000000e+00	1.096420e-01	1.493958e-09	0.000000e+00
2.966240e-01	5.796681e+05	1.000000e-04	1.089282e-09	4.857796e-05	1.000000e+00
2.966240e-01	2.198501e+05	1.623777e-04	2.872061e-09	1.845013e-05	1.000000e+00
2.966240e-01	8.338230e+04	2.636651e-04	7.572666e-09	7.023617e-06	1.000000e+00
2.966240e-01	3.162425e+04	4.281332e-04	1.996696e-08	2.690010e-06	1.000000e+00
2.966240e-01	1.199399e+04	6.951928e-04	5.265049e-08	1.046714e-06	1.000000e+00
2.966240e-01	4.548837e+03	1.128838e-03	1.388558e-07	4.242759e-07	1.000000e+00
2.966240e-01	1.725140e+03	1.832981e-03	3.663119e-07	1.903350e-07	0.000000e+00
2.966240e-01	6.542363e+02	2.976351e-03	9.666679e-07	8.686679e-08	0.000000e+00
2.966240e-01	2.481055e+02	4.832930e-03	2.551453e-06	3.334645e-08	0.000000e+00
2.966240e-01	9.408895e+01	7.847600e-03	6.734323e-06	1.305603e-08	0.000000e+00
2.966240e-01	3.568187e+01	1.274275e-02	1.777180e-05	5.313728e-09	0.000000e+00
2.966240e-01	1.353212e+01	2.069138e-02	4.688958e-05	2.434616e-09	0.000000e+00
2.966240e-01	5.132072e+00	3.359818e-02	1.236901e-04	1.334423e-09	0.000000e+00
2.966240e-01	1.946374e+00	5.455595e-02	3.262312e-04	1.067201e-09	0.000000e+00
2.966240e-01	7.381842e-01	8.858668e-02	8.603354e-04	1.361017e-09	0.000000e+00
2.966240e-01	2.799667e-01	1.438450e-01	2.268702e-03	2.329395e-09	0.000000e+00
2.966240e-01	1.061818e-01	2.335721e-01	5.982270e-03	2.593266e-09	0.000000e+00
2.966240e-01	4.027127e-02	3.792690e-01	1.577397e-02	2.596894e-09	0.000000e+00
2.966240e-01	1.527360e-02	6.158482e-01	4.159179e-02	2.583724e-09	0.000000e+00
2.966240e-01	5.792791e-03	1.000000e+00	1.096652e-01	2.576615e-09	0.000000e+00
3.167639e-01	5.113408e+05	1.000000e-04	1.089544e-09	4.859114e-05	1.000000e+00
3.167639e-01	1.939357e+05	1.623777e-04	2.872751e-09	1.845861e-05	1.000000e+00
3.167639e-01	7.355376e+04	2.636651e-04	7.574486e-09	7.030332e-06	1.000000e+00
3.167639e-01	2.789660e+04	4.281332e-04	1.997176e-08	2.696088e-06	1.000000e+00
3.167639e-01	1.058022e+04	6.951928e-04	5.266315e-08	1.052638e-06	1.000000e+00
3.167639e-01	4.012651e+03	1.128838e-03	1.388892e-07	4.303738e-07	1.000000e+00
3.167639e-01	1.521792e+03	1.832981e-03	3.663999e-07	1.970985e-07	0.000000e+00
3.167639e-01	5.771194e+02	2.976351e-03	9.669002e-07	8.701415e-08	0.000000e+00
3.167639e-01	2.188605e+02	4.832930e-03	2.552066e-06	3.345218e-08	0.000000e+00
3.167639e-01	8.299838e+01	7.847600e-03	6.735942e-06	1.315392e-08	0.000000e+00
3.167639e-01	3.147593e+01	1.274275e-02	1.777607e-05	5.518131e-09	0.000000e+00
3.167639e-01	1.193705e+01	2.069138e-02	4.690085e-05	2.563089e-09	0.000000e+00
3.167639e-01	4.527138e+00	3.359818e-02	1.237198e-04	1.460053e-09	0.000000e+00
3.167639e-01	1.716949e+00	5.455595e-02	3.263096e-04	1.335309e-09	0.000000e+00
3.167639e-01	6.511720e-01	8.858668e-02	8.605422e-04	1.782869e-09	0.000000e+00
3.167639e-01	2.469661e-01	1.438450e-01	2.269248e-03	3.305209e-09	0.000000e+00
3.167639e-01	9.366583e-02	2.335721e-01	5.983708e-03	3.349607e-09	0.000000e+00
3.167639e-01	3.552437e-02	3.792690e-01	1.577776e-02	3.288608e-09	0.000000e+00
3.167639e-01	1.347325e-02	6.158482e-01	4.160178e-02	3.275202e-09	0.000000e+00
3.167639e-01	5.109976e-03	1.000000e+00	1.096915e-01	3.272682e-09	0.000000e+00
3.382713e-01	4.568083e+05	1.000000e-04	1.089842e-09	4.384477e-05	1.000000e+00
3.382713e-01	1.732532e+05	1.623777e-04	2.873537e-09	1.665876e-05	1.000000e+00
3.382713e-01	6.570954e+04	2.636651e-04	7.576557e-09	6.348007e-06	1.000000e+00
3.382713e-01	2.492153e+04	4.281332e-04	1.997722e-08	2.437628e-06	1.000000e+00
3.382713e-01	9.451884e+03	6.951928e-04	5.267755e-08	9.549889e-07	1.000000e+00
3.382713e-01	3.584717e+03	1.128838e-03	1.389272e-07	3.938510e-07	1.000000e+00
3.382713e-01	1.359499e+03	1.832981e-03	3.665002e-07	1.841054e-07	0.000000e+00
3.382713e-01	5.155718e+02	2.976351e-03	9.671647e-07	7.856731e-08	0.000000e+00
3.382713e-01	1.955199e+02	4.832930e-03	2.552764e-06	3.029704e-08	0.000000e+00
3.382713e-01	7.414693e+01	7.847600e-03	6.737784e-06	1.192939e-08	0.000000e+00
3.382713e-01	2.811915e+01	1.274275e-02	1.778094e-05	5.096326e-09	0.000000e+00
3.382713e-01	1.066401e+01	2.069138e-02	4.691368e-05	2.380745e-09	0.000000e+00
3.382713e-01	4.044336e+00	3.359818e-02	1.237536e-04	1.434616e-09	0.000000e+00
3.382713e-01	1.533843e+00	5.455595e-02	3.263989e-04	1.406685e-09	0.000000e+00
3.382713e-01	5.817271e-01	8.858668e-02	8.607775e-04	2.363879e-09	0.000000e+00
3.382713e-01	2.206282e-01	1.438450e-01	2.269868e-03	3.968478e-09	0.000000e+00
3.382713e-01	8.367674e-02	2.335721e-01	5.985345e-03	4.063393e-09	0.000000e+00
3.382713e-01	3.173583e-02	3.792690e-01	1.578208e-02	4.017664e-09	0.000000e+00
3.382713e-01	1.203638e-02	6.158482e-01	4.161316e-02	3.997296e-09	0.000000e+00
3.382713e-01	4.565017e-03	1.000000e+00	1.097215e-01	3.989613e-09	0.000000e+00
3.612389e-01	4.118445e+05	1.000000e-04	1.090181e-09	3.624476e-05	1.000000e+00
3.612389e-01	1.561998e+05	1.623777e-04	2.874432e-09	1.377383e-05	1.000000e+00
3.612389e-01	5.924172e+04	2.636651e-04	7.578918e-09	5.251372e-06	1.000000e+00
3.612389e-01	2.246850e+04	4.281332e-04	1.998344e-08	2.019238e-06	1.000000e+00
3.612389e-01	8.521530e+03	6.951928e-04	5.269396e-08	7.938446e-07	1.000000e+00
3.612389e-01	3.231872e+03	1.128838e-03	1.389705e-07	3.302914e-07	1.000000e+00
3.612389e-01	1.225683e+03	1.832981e-03	3.666143e-07	1.575971e-07	0.000000e+00
3.612389e-01	4.648239e+02	2.976351e-03	9.674660e-07	6.500706e-08	0.000000e+00
3.612389e-01	1.762748e+02	4.832930e-03	2.553559e-06	2.515018e-08	0.000000e+00
3.612389e-01	6.684861e+01	7.847600e-03	6.739884e-06	9.998872e-09	0.000000e+00
3.612389e-01	2.535137e+01	1.274275e-02	1.778648e-05	4.296329e-09	0.000000e+00
3.612389e-01	9.614344e+00	2.069138e-02	4.692829e-05	2.102617e-09	0.000000e+00
3.612389e-01	3.646251e+00	3.359818e-02	1.237922e-04	1.205772e-09	0.000000e+00
3.612389e-01	1.382866e+00	5.455595e-02	3.265005e-04	1.381118e-09	0.000000e+00
3.612389e-01	5.244674e-01	8.858668e-02	8.610457e-04	1.992360e-09	0.000000e+00
3.612389e-01	1.989116e-01	1.438450e-01	2.270575e-03	3.310010e-09	0.000000e+00
3.612389e-01	7.544040e-02	2.335721e-01	5.987209e-03	3.211694e-09	0.000000e+00
3.612389e-01	2.861206e-02	3.792690e-01	1.578699e-02	3.164400e-09	0.000000e+00
3.612389e-01	1.085163e-02	6.158482e-01	4.162612e-02	3.159279e-09	0.000000e+00
3.612389e-01	4.115680e-03	1.000000e+00	1.097557e-01	3.159958e-09	0.000000e+00
3.857659e-01	3.738705e+05	1.000000e-04	1.090568e-09	2.967919e-05	1.000000e+00
3.857659e-01	1.417975e+05	1.623777e-04	2.875452e-09	1.128104e-05	1.000000e+00
3.857659e-01	5.377935e+04	2.636651e-04	7.581609e-09	4.303258e-06	1.000000e+00
3.857659e-01	2.039679e+04	4.281332e-04	1.999054e-08	1.656971e-06	1.000000e+00
3.857659e-01	7.735805e+03	6.951928e-04	5.271267e-08	6.537683e-07	1.000000e+00
3.857659e-01	2.933878e+03	1.128838e-03	1.390198e-07	2.744769e-07	1.000000e+00
3.857659e-01	1.112669e+03	1.832981e-03	3.667445e-07	1.337076e-07	0.000000e+00
3.857659e-01	4.219649e+02	2.976351e-03	9.678095e-07	5.334152e-08	0.000000e+00
3.857659e-01	1.600214e+02	4.832930e-03	2.554466e-06	2.066213e-08	0.000000e+00
3.857659e-01	6.068486e+01	7.847600e-03	6.742277e-06	8.280520e-09	0.000000e+00
3.857659e-01	2.301385e+01	1.274275e-02	1.779279e-05	3.527182e-09	0.000000e+00
3.857659e-01	8.727856e+00	2.069138e-02	4.694496e-05	1.801819e-09	0.000000e+00
3.857659e-01	3.310049e+00	3.359818e-02	1.238361e-04	1.051302e-09	0.000000e+00
3.857659e-01	1.255359e+00	5.455595e-02	3.266165e-04	1.089945e-09	0.000000e+00
3.857659e-01	4.761091e-01	8.858668e-02	8.613515e-04	1.200266e-09	0.000000e+00
3.857659e-01	1.805711e-01	1.438450e-01	2.271382e-03	1.328523e-09	0.000000e+00
3.857659e-01	6.848444e-02	2.335721e-01	5.989335e-03	1.096207e-09	0.000000e+00
3.857659e-01	2.597389e-02	3.792690e-01	1.579260e-02	1.081449e-09	0.000000e+00
3.857659e-01	9.851062e-03	6.158482e-01	4.164091e-02	1.098416e-09	0.000000e+00
3.857659e-01	3.736195e-03	1.000000e+00	1.097947e-01	1.108752e-09	0.000000e+00
4.119583e-01	3.412087e+05	1.000000e-04	1.091010e-09	2.722051e-05	1.000000e+00
4.119583e-01	1.294099e+05	1.623777e-04	2.876617e-09	1.034866e-05	1.000000e+00
4.119583e-01	4.908113e+04	2.636651e-04	7.584678e-09	3.949765e-06	1.000000e+00
4.119583e-01	1.861491e+04	4.281332e-04	1.999863e-08	1.523049e-06	1.000000e+00
4.119583e-01	7.059996e+03	6.951928e-04	5.273401e-08	6.031688e-07	1.000000e+00
4.119583e-01	2.677571e+03	1.128838e-03	1.390761e-07	2.555986e-07	1.000000e+00
4.119583e-01	1.015465e+03	1.832981e-03	3.668930e-07	1.271558e-07	0.000000e+00
4.119583e-01	3.851016e+02	2.976351e-03	9.682013e-07	4.900117e-08	0.000000e+00
4.119583e-01	1.460418e+02	4.832930e-03	2.555500e-06	1.908868e-08	0.000000e+00
4.119583e-01	5.538336e+01	7.847600e-03	6.745006e-06	7.707084e-09	0.000000e+00
4.119583e-01	2.100334e+01	1.274275e-02	1.779999e-05	3.390964e-09	0.000000e+00
4.119583e-01	7.965381e+00	2.069138e-02	4.696396e-05	1.812851e-09	0.000000e+00
4.119583e-01	3.020879e+00	3.359818e-02	1.238863e-04	1.106535e-09	0.000000e+00
4.119583e-01	1.145690e+00	5.455595e-02	3.267487e-04	1.484271e-09	0.000000e+00
4.119583e-01	4.345156e-01	8.858668e-02	8.617002e-04	2.728037e-09	0.000000e+00
4.119583e-01	1.647962e-01	1.438450e-01	2.272301e-03	3.855516e-09	0.000000e+00
4.119583e-01	6.250156e-02	2.335721e-01	5.991760e-03	3.816438e-09	0.000000e+00
4.119583e-01	2.370478e-02	3.792690e-01	1.579899e-02	3.777256e-09	0.000000e+00
4.119583e-01	8.990462e-03	6.158482e-01	4.165776e-02	3.764056e-09	0.000000e+00
4.119583e-01	3.409797e-03	1.000000e+00	1.098392e-01	3.759570e-09	0.000000e+00
4.399291e-01	3.127125e+05	1.000000e-04	1.091514e-09	2.221778e-05	1.000000e+00
4.399291e-01	1.186022e+05	1.623777e-04	2.877944e-09	8.448574e-06	1.000000e+00
4.399291e-01	4.498210e+04	2.636651e-04	7.588179e-09	3.226409e-06	1.000000e+00
4.399291e-01	1.706028e+04	4.281332e-04	2.000786e-08	1.245986e-06	1.000000e+00
4.399291e-01	6.470378e+03	6.951928e-04	5.275836e-08	4.953577e-07	1.000000e+00
4.399291e-01	2.453953e+03	1.128838e-03	1.391403e-07	2.119412e-07	1.000000e+00
4.399291e-01	9.306584e+02	1.832981e-03	3.670623e-07	1.044985e-07	0.000000e+00
4.399291e-01	3.529397e+02	2.976351e-03	9.686483e-07	4.006345e-08	0.000000e+00
4.399291e-01	1.338451e+02	4.832930e-03	2.556680e-06	1.560452e-08	0.000000e+00
4.399291e-01	5.075800e+01	7.847600e-03	6.748120e-06	6.381853e-09	0.000000e+00
4.399291e-01	1.924924e+01	1.274275e-02	1.780821e-05	2.832422e-09	0.000000e+00
4.399291e-01	7.300149e+00	2.069138e-02	4.698564e-05	1.555727e-09	0.000000e+00
4.399291e-01	2.768590e+00	3.359818e-02	1.239435e-04	1.146673e-09	0.000000e+00
4.399291e-01	1.050007e+00	5.455595e-02	3.268995e-04	1.501433e-09	0.000000e+00
4.399291e-01	3.982269e-01	8.858668e-02	8.620979e-04	3.037904e-09	0.000000e+00
4.399291e-01	1.510332e-01	1.438450e-01	2.273350e-03	4.035852e-09	0.000000e+00
4.399291e-01	5.728172e-02	2.335721e-01	5.994526e-03	4.046773e-09	0.000000e+00
4.399291e-01	2.172507e-02	3.792690e-01	1.580629e-02	4.004363e-09	0.000000e+00
4.399291e-01	8.239620e-03	6.158482e-01	4.167699e-02	3.982826e-09	0.000000e+00
4.399291e-01	3.125027e-03	1.000000e+00	1.098899e-01	3.973941e-09	0.000000e+00
4.697989e-01	2.875666e+05	1.000000e-04	1.092088e-09	1.829127e-05	1.000000e+00
4.697989e-01	1.090651e+05	1.623777e-04	2.879459e-09	6.957061e-06	1.000000e+00
4.697989e-01	4.136499e+04	2.636651e-04	7.592173e-09	2.658413e-06	1.000000e+00
4.697989e-01	1.568842e+04	4.281332e-04	2.001839e-08	1.028247e-06	1.000000e+00
4.697989e-01	5.950081e+03	6.951928e-04	5.278612e-08	4.104472e-07	1.000000e+00
4.697989e-01	2.256625e+03	1.128838e-03	1.392135e-07	1.773735e-07	1.000000e+00
4.697989e-01	8.558221e+02	1.832981e-03	3.672555e-07	8.614214e-08	0.000000e+00
4.697989e-01	3.245590e+02	2.976351e-03	9.691581e-07	3.302513e-08	0.000000e+00
4.697989e-01	1.230823e+02	4.832930e-03	2.558025e-06	1.292062e-08	0.000000e+00
4.697989e-01	4.667644e+01	7.847600e-03	6.751672e-06	5.325164e-09	0.000000e+00
4.697989e-01	1.770136e+01	1.274275e-02	1.781758e-05	2.380739e-09	0.000000e+00
4.697989e-01	6.713128e+00	2.069138e-02	4.701037e-05	1.450613e-09	0.000000e+00
4.697989e-01	2.545961e+00	3.359818e-02	1.240087e-04	9.082512e-10	0.000000e+00
4.697989e-01	9.655736e-01	5.455595e-02	3.270716e-04	1.117138e-09	0.000000e+00
4.697989e-01	3.662046e-01	8.858668e-02	8.625517e-04	1.739038e-09	0.000000e+00
4.697989e-01	1.388882e-01	1.438450e-01	2.274547e-03	1.698045e-09	0.000000e+00
4.697989e-01	5.267558e-02	2.335721e-01	5.997681e-03	1.486940e-09	0.000000e+00
4.697989e-01	1.997811e-02	3.792690e-01	1.581461e-02	1.484581e-09	0.000000e+00
4.697989e-01	7.577054e-03	6.158482e-01	4.169893e-02	1.502445e-09	0.000000e+00
4.697989e-01	2.873736e-03	1.000000e+00	1.099477e-01	1.512333e-09	0.000000e+00
5.016969e-01	2.651723e+05	1.000000e-04	1.092744e-09	1.644731e-05	1.000000e+00
5.016969e-01	1.005716e+05	1.623777e-04	2.881188e-09	6.257213e-06	1.000000e+00
5.016969e-01	3.814367e+04	2.636651e-04	7.596731e-09	2.392496e-06	1.000000e+00
5.016969e-01	1.446668e+04	4.281332e-04	2.003041e-08	9.269169e-07	1.000000e+00
5.016969e-01	5.486716e+03	6.951928e-04	5.281781e-08	3.715666e-07	1.000000e+00
5.016969e-01	2.080889e+03	1.128838e-03	1.392971e-07	1.622480e-07	1.000000e+00
5.016969e-01	7.891746e+02	1.832981e-03	3.674760e-07	7.755707e-08	0.000000e+00
5.016969e-01	2.992838e+02	2.976351e-03	9.697399e-07	2.972316e-08	0.000000e+00
5.016969e-01	1.134972e+02	4.832930e-03	2.559561e-06	1.173182e-08	0.000000e+00
5.016969e-01	4.304149e+01	7.847600e-03	6.755725e-06	4.875559e-09	0.000000e+00
5.016969e-01	1.632286e+01	1.274275e-02	1.782828e-05	2.195573e-09	0.000000e+00
5.016969e-01	6.190340e+00	2.069138e-02	4.703859e-05	1.355327e-09	0.000000e+00
5.016969e-01	2.347693e+00	3.359818e-02	1.240832e-04	1.008343e-09	0.000000e+00
5.016969e-01	8.903791e-01	5.455595e-02	3.272679e-04	1.142210e-09	0.000000e+00
5.016969e-01	3.376863e-01	8.858668e-02	8.630695e-04	1.965198e-09	0.000000e+00
5.016969e-01	1.280723e-01	1.438450e-01	2.275912e-03	1.956364e-09	0.000000e+00
5.016969e-01	4.857344e-02	2.335721e-01	6.001282e-03	1.809408e-09	0.000000e+00
5.016969e-01	1.842231e-02	3.792690e-01	1.582410e-02	1.806785e-09	0.000000e+00
5.016969e-01	6.986988e-03	6.158482e-01	4.172396e-02	1.818326e-09	0.000000e+00
5.016969e-01	2.649943e-03	1.000000e+00	1.100137e-01	1.824773e-09	0.000000e+00
5.357607e-01	2.450776e+05	1.000000e-04	1.093492e-09	1.470227e-05	1.000000e+00
5.357607e-01	9.295031e+04	1.623777e-04	2.883161e-09	5.594743e-06	1.000000e+00
5.357607e-01	3.525315e+04	2.636651e-04	7.601933e-09	2.140614e-06	1.000000e+00
5.357607e-01	1.337040e+04	4.281332e-04	2.004413e-08	8.307670e-07	1.000000e+00
5.357607e-01	5.070934e+03	6.951928e-04	5.285398e-08	3.345042e-07	1.000000e+00
5.357607e-01	1.923200e+03	1.128838e-03	1.393925e-07	1.476548e-07	1.000000e+00
5.357607e-01	7.293711e+02	1.832981e-03	3.677277e-07	6.925219e-08	0.000000e+00
5.357607e-01	2.766042e+02	2.976351e-03	9.704040e-07	2.666527e-08	0.000000e+00
5.357607e-01	1.048964e+02	4.832930e-03	2.561314e-06	1.054081e-08	0.000000e+00
5.357607e-01	3.977981e+01	7.847600e-03	6.760351e-06	4.405930e-09	0.000000e+00
5.357607e-01	1.508592e+01	1.274275e-02	1.784049e-05	2.037740e-09	0.000000e+00
5.357607e-01	5.721238e+00	2.069138e-02	4.707080e-05	1.266185e-09	0.000000e+00
5.357607e-01	2.169786e+00	3.359818e-02	1.241681e-04	1.003704e-09	0.000000e+00
5.357607e-01	8.229064e-01	5.455595e-02	3.274921e-04	1.069464e-09	0.000000e+00
5.357607e-01	3.120965e-01	8.858668e-02	8.636605e-04	1.838527e-09	0.000000e+00
5.357607e-01	1.183670e-01	1.438450e-01	2.277471e-03	1.660183e-09	0.000000e+00
5.357607e-01	4.489255e-02	2.335721e-01	6.005391e-03	1.519694e-09	0.000000e+00
5.357607e-01	1.702627e-02	3.792690e-01	1.583494e-02	1.523829e-09	0.000000e+00
5.357607e-01	6.457515e-03	6.158482e-01	4.175253e-02	1.537859e-09	0.000000e+00
5.357607e-01	2.449131e-03	1.000000e+00	1.100890e-01	1.545203e-09	0.000000e+00
5.721372e-01	2.269337e+05	1.000000e-04	1.094346e-09	1.287098e-05	1.000000e+00
5.721372e-01	8.606890e+04	1.623777e-04	2.885413e-09	4.899173e-06	1.000000e+00
5.721372e-01	3.264325e+04	2.636651e-04	7.607872e-09	1.875791e-06	1.000000e+00
5.721372e-01	1.238054e+04	4.281332e-04	2.005979e-08	7.293182e-07	1.000000e+00
5.721372e-01	4.695516e+03	6.951928e-04	5.289527e-08	2.950289e-07	1.000000e+00
5.721372e-01	1.780819e+03	1.128838e-03	1.395014e-07	1.317108e-07	0.000000e+00
5.721372e-01	6.753734e+02	1.832981e-03	3.680149e-07	6.078382e-08	0.000000e+00
5.721372e-01	2.561263e+02	2.976351e-03	9.711620e-07	2.334944e-08	0.000000e+00
5.721372e-01	9.713057e+01	4.832930e-03	2.563315e-06	9.261592e-09	0.000000e+00
5.721372e-01	3.683478e+01	7.847600e-03	6.765632e-06	3.921759e-09	0.000000e+00
5.721372e-01	1.396906e+01	1.274275e-02	1.785443e-05	1.872183e-09	0.000000e+00
5.721372e-01	5.297676e+00	2.069138e-02	4.710758e-05	1.192463e-09	0.000000e+00
5.721372e-01	2.009149e+00	3.359818e-02	1.242651e-04	9.926206e-10	0.000000e+00
5.721372e-01	7.619839e-01	5.455595e-02	3.277479e-04	1.041144e-09	0.000000e+00
5.721372e-01	2.889910e-01	8.858668e-02	8.643352e-04	1.780033e-09	0.000000e+00
5.721372e-01	1.096039e-01	1.438450e-01	2.279250e-03	1.543758e-09	0.000000e+00
5.721372e-01	4.156901e-02	2.335721e-01	6.010082e-03	1.424926e-09	0.000000e+00
5.721372e-01	1.576576e-02	3.792690e-01	1.584731e-02	1.432099e-09	0.000000e+00
5.721372e-01	5.979444e-03	6.158482e-01	4.178515e-02	1.445664e-09	0.000000e+00
5.721372e-01	2.267814e-03	1.000000e+00	1.101750e-01	1.452549e-09	0.000000e+00
6.109837e-01	2.104657e+05	1.000000e-04	1.095322e-09	1.208850e-05	1.000000e+00
6.109837e-01	7.982312e+04	1.623777e-04	2.887985e-09	4.602628e-06	1.000000e+00
6.109837e-01	3.027442e+04	2.636651e-04	7.614652e-09	1.763552e-06	1.000000e+00
6.109837e-01	1.148212e+04	4.281332e-04	2.007766e-08	6.869993e-07	1.000000e+00
6.109837e-01	4.354775e+03	6.951928e-04	5.294241e-08	2.792774e-07	1.000000e+00
6.109837e-01	1.651590e+03	1.128838e-03	1.396257e-07	1.261612e-07	0.000000e+00
6.109837e-01	6.263634e+02	1.832981e-03	3.683429e-07	5.705095e-08	0.000000e+00
6.109837e-01	2.375399e+02	2.976351e-03	9.720276e-07	2.207453e-08	0.000000e+00
6.109837e-01	9.008208e+01	4.832930e-03	2.565599e-06	8.772670e-09	0.000000e+00
6.109837e-01	3.416179e+01	7.847600e-03	6.771662e-06	3.806398e-09	0.000000e+00
6.109837e-01	1.295536e+01	1.274275e-02	1.787034e-05	1.888105e-09	0.000000e+00
6.109837e-01	4.913238e+00	2.069138e-02	4.714956e-05	1.270964e-09	0.000000e+00
6.109837e-01	1.863351e+00	3.359818e-02	1.243759e-04	1.279302e-09	0.000000e+00
6.109837e-01	7.066889e-01	5.455595e-02	3.280400e-04	2.182466e-09	0.000000e+00
6.109837e-01	2.680197e-01	8.858668e-02	8.651055e-04	4.279687e-09	0.000000e+00
6.109837e-01	1.016502e-01	1.438450e-01	2.281281e-03	5.049068e-09	0.000000e+00
6.109837e-01	3.855247e-02	2.335721e-01	6.015439e-03	5.046205e-09	0.000000e+00
6.109837e-01	1.462168e-02	3.792690e-01	1.586143e-02	4.963864e-09	0.000000e+00
6.109837e-01	5.545533e-03	6.158482e-01	4.182239e-02	4.918768e-09	0.000000e+00
6.109837e-01	2.103245e-03	1.000000e+00	1.102732e-01	4.899551e-09	0.000000e+00
6.524676e-01	1.954534e+05	1.000000e-04	1.096435e-09	1.047862e-05	1.000000e+00
6.524676e-01	7.412941e+04	1.623777e-04	2.890921e-09	3.990862e-06	1.000000e+00
6.524676e-01	2.811497e+04	2.636651e-04	7.622395e-09	1.530342e-06	1.000000e+00
6.524676e-01	1.066311e+04	4.281332e-04	2.009808e-08	5.973644e-07	1.000000e+00
6.524676e-01	4.044154e+03	6.951928e-04	5.299625e-08	2.440990e-07	1.000000e+00
6.524676e-01	1.533784e+03	1.128838e-03	1.397677e-07	1.116414e-07	0.000000e+00
6.524676e-01	5.816855e+02	1.832981e-03	3.687175e-07	4.946581e-08	0.000000e+00
6.524676e-01	2.205964e+02	2.976351e-03	9.730160e-07	1.918306e-08	0.000000e+00
6.524676e-01	8.365661e+01	4.832930e-03	2.568208e-06	7.669585e-09	0.000000e+00
6.524676e-01	3.172506e+01	7.847600e-03	6.778548e-06	3.387077e-09	0.000000e+00
6.524676e-01	1.203127e+01	1.274275e-02	1.788851e-05	1.718629e-09	0.000000e+00
6.524676e-01	4.562782e+00	2.069138e-02	4.719751e-05	1.158612e-09	0.000000e+00
6.524676e-01	1.730440e+00	3.359818e-02	1.245023e-04	1.174666e-09	0.000000e+00
6.524676e-01	6.562815e-01	5.455595e-02	3.283736e-04	1.482539e-09	0.000000e+00
6.524676e-01	2.489021e-01	8.858668e-02	8.659853e-04	2.881020e-09	0.000000e+00
6.524676e-01	9.439962e-02	1.438450e-01	2.283601e-03	3.013756e-09	0.000000e+00
6.524676e-01	3.580256e-02	2.335721e-01	6.021556e-03	2.948208e-09	0.000000e+00
6.524676e-01	1.357873e-02	3.792690e-01	1.587756e-02	2.915906e-09	0.000000e+00
6.524676e-01	5.149975e-03	6.158482e-01	4.186492e-02	2.903104e-09	0.000000e+00
6.524676e-01	1.953222e-03	1.000000e+00	1.103854e-01	2.898198e-09	0.000000e+00
6.967683e-01	1.817173e+05	1.000000e-04	1.097708e-09	9.233146e-06	1.000000e+00
6.967683e-01	6.891974e+04	1.623777e-04	2.894276e-09	3.517625e-06	1.000000e+00
6.967683e-01	2.613911e+04	2.636651e-04	7.631240e-09	1.349990e-06	1.000000e+00
6.967683e-01	9.913730e+03	4.281332e-04	2.012140e-08	5.280993e-07	1.000000e+00
6.967683e-01	3.759938e+03	6.951928e-04	5.305774e-08	2.169768e-07	1.000000e+00
6.967683e-01	1.425993e+03	1.128838e-03	1.399299e-07	1.005290e-07	0.000000e+00
6.967683e-01	5.408058e+02	1.832981e-03	3.691453e-07	4.359258e-08	0.000000e+00
6.967683e-01	2.050933e+02	2.976351e-03	9.741450e-07	1.699776e-08	0.000000e+00
6.967683e-01	7.777739e+01	4.832930e-03	2.571188e-06	6.828599e-09	0.000000e+00
6.967683e-01	2.949548e+01	7.847600e-03	6.786413e-06	3.105115e-09	0.000000e+00
6.967683e-01	1.118574e+01	1.274275e-02	1.790927e-05	1.582027e-09	0.000000e+00
6.967683e-01	4.242118e+00	2.069138e-02	4.725227e-05	1.071831e-09	0.000000e+00
6.967683e-01	1.608828e+00	3.359818e-02	1.246468e-04	1.151399e-09	0.000000e+00
6.967683e-01	6.101593e-01	5.455595e-02	3.287546e-04	1.398628e-09	0.000000e+00
6.967683e-01	2.314097e-01	8.858668e-02	8.669901e-04	2.390783e-09	0.000000e+00
6.967683e-01	8.776540e-02	1.438450e-01	2.286251e-03	2.239002e-09	0.000000e+00
6.967683e-01	3.328642e-02	2.335721e-01	6.028543e-03	2.142393e-09	0.000000e+00
6.967683e-01	1.262444e-02	3.792690e-01	1.589598e-02	2.117978e-09	0.000000e+00
6.967683e-01	4.788045e-03	6.158482e-01	4.191350e-02	2.111457e-09	0.000000e+00
6.967683e-01	1.815954e-03	1.000000e+00	1.105134e-01	2.109432e-09	0.000000e+00
7.440768e-01	1.691094e+05	1.000000e-04	1.099161e-09	8.406974e-06	1.000000e+00
7.440768e-01	6.413793e+04	1.623777e-04	2.898108e-09	3.203943e-06	1.000000e+00
7.440768e-01	2.432552e+04	2.636651e-04	7.641343e-09	1.230685e-06	1.000000e+00
7.440768e-01	9.225893e+03	4.281332e-04	2.014804e-08	4.825265e-07	1.000000e+00
7.440768e-01	3.499065e+03	6.951928e-04	5.312799e-08	1.993987e-07	1.000000e+00
7.440768e-01	1.327054e+03	1.128838e-03	1.401151e-07	9.364425e-08	0.000000e+00
7.440768e-01	5.032835e+02	1.832981e-03	3.696340e-07	3.979576e-08	0.000000e+00
7.440768e-01	1.908635e+02	2.976351e-03	9.754347e-07	1.550952e-08	0.000000e+00
7.440768e-01	7.238102e+01	4.832930e-03	2.574592e-06	6.274479e-09	0.000000e+00
7.440768e-01	2.744902e+01	7.847600e-03	6.795398e-06	2.847156e-09	0.000000e+00
7.440768e-01	1.040964e+01	1.274275e-02	1.793298e-05	1.509765e-09	0.000000e+00
7.440768e-01	3.947791e+00	2.069138e-02	4.731483e-05	1.041411e-09	0.000000e+00
7.440768e-01	1.497204e+00	3.359818e-02	1.248118e-04	1.203826e-09	0.000000e+00
7.440768e-01	5.678251e-01	5.455595e-02	3.291898e-04	-1.000000e+00	0.000000e+00
7.440768e-01	2.153540e-01	8.858668e-02	8.681379e-04	-1.000000e+00	0.000000e+00
7.440768e-01	8.167604e-02	1.438450e-01	2.289278e-03	-1.000000e+00	0.000000e+00
7.440768e-01	3.097694e-02	2.335721e-01	6.036524e-03	-1.000000e+00	0.000000e+00
7.440768e-01	1.174853e-02	3.792690e-01	1.591703e-02	-1.000000e+00	0.000000e+00
7.440768e-01	4.455840e-03	6.158482e-01	4.196899e-02	-1.000000e+00	0.000000e+00
7.440768e-01	1.689959e-03	1.000000e+00	1.106598e-01	-1.000000e+00	0.000000e+00
7.945974e-01	1.575058e+05	1.000000e-04	1.100821e-09	6.974744e-06	1.000000e+00
7.945974e-01	5.973706e+04	1.623777e-04	2.902486e-09	2.659057e-06	1.000000e+00
7.945974e-01	2.265640e+04	2.636651e-04	7.652888e-09	1.022337e-06	1.000000e+00
7.945974e-01	8.592851e+03	4.281332e-04	2.017848e-08	4.018063e-07	1.000000e+00
7.945974e-01	3.258974e+03	6.951928e-04	5.320825e-08	1.670563e-07	1.000000e+00
7.945974e-01	1.235997e+03	1.128838e-03	1.403268e-07	7.957489e-08	0.000000e+00
7.945974e-01	4.687502e+02	1.832981e-03	3.701925e-07	3.305971e-08	0.000000e+00
7.945974e-01	1.777672e+02	2.976351e-03	9.769084e-07	1.293751e-08	0.000000e+00
7.945974e-01	6.741453e+01	4.832930e-03	2.578482e-06	5.273928e-09	0.000000e+00
7.945974e-01	2.556558e+01	7.847600e-03	6.805665e-06	2.437694e-09	0.000000e+00
7.945974e-01	9.695377e+00	1.274275e-02	1.796007e-05	1.349952e-09	0.000000e+00
7.945974e-01	3.676910e+00	2.069138e-02	4.738631e-05	9.483186e-10	0.000000e+00
7.945974e-01	1.394472e+00	3.359818e-02	1.250004e-04	1.157378e-09	0.000000e+00
7.945974e-01	5.288633e-01	5.455595e-02	3.296872e-04	-1.000000e+00	0.000000e+00
7.945974e-01	2.005773e-01	8.858668e-02	8.694495e-04	-1.000000e+00	0.000000e+00
7.945974e-01	7.607177e-02	1.438450e-01	2.292736e-03	-1.000000e+00	0.000000e+00
7.945974e-01	2.885143e-02	2.335721e-01	6.045644e-03	-1.000000e+00	0.000000e+00
7.945974e-01	1.094240e-02	3.792690e-01	1.594108e-02	-1.000000e+00	0.000000e+00
7.945974e-01	4.150099e-03	6.158482e-01	4.203239e-02	-1.000000e+00	0.000000e+00
7.945974e-01	1.574001e-03	1.000000e+00	1.108269e-01	-1.000000e+00	0.000000e+00
8.485482e-01	1.468020e+05	1.000000e-04	1.102719e-09	6.085957e-06	1.000000e+00
8.485482e-01	5.567743e+04	1.623777e-04	2.907490e-09	2.321090e-06	1.000000e+00
8.485482e-01	2.111671e+04	2.636651e-04	7.666082e-09	8.932799e-07	1.000000e+00
8.485482e-01	8.008896e+03	4.281332e-04	2.021327e-08	3.519836e-07	1.000000e+00
8.485482e-01	3.037500e+03	6.951928e-04	5.329999e-08	1.472869e-07	1.000000e+00
8.485482e-01	1.152001e+03	1.128838e-03	1.405687e-07	7.120597e-08	0.000000e+00
8.485482e-01	4.368948e+02	1.832981e-03	3.708307e-07	2.891183e-08	0.000000e+00
8.485482e-01	1.656865e+02	2.976351e-03	9.785927e-07	1.142534e-08	0.000000e+00
8.485482e-01	6.283316e+01	4.832930e-03	2.582927e-06	4.672655e-09	0.000000e+00
8.485482e-01	2.382819e+01	7.847600e-03	6.817398e-06	2.202245e-09	0.000000e+00
8.485482e-01	9.036496e+00	1.274275e-02	1.799104e-05	1.269568e-09	0.000000e+00
8.485482e-01	3.427033e+00	2.069138e-02	4.746801e-05	1.012450e-09	0.000000e+00
8.485482e-01	1.299706e+00	3.359818e-02	1.252159e-04	1.102099e-09	0.000000e+00
8.485482e-01	4.929226e-01	5.455595e-02	3.302556e-04	1.474842e-09	0.000000e+00
8.485482e-01	1.869464e-01	8.858668e-02	8.709485e-04	1.964325e-09	0.000000e+00
8.485482e-01	7.090206e-02	1.438450e-01	2.296689e-03	2.008459e-09	0.000000e+00
8.485482e-01	2.689073e-02	2.335721e-01	6.056067e-03	1.967819e-09	0.000000e+00
8.485482e-01	1.019877e-02	3.792690e-01	1.596856e-02	1.941549e-09	0.000000e+00
8.485482e-01	3.868065e-03	6.158482e-01	4.210486e-02	1.929883e-09	0.000000e+00
8.485482e-01	1.467034e-03	1.000000e+00	1.110180e-01	1.925205e-09	0.000000e+00
9.061622e-01	1.369086e+05	1.000000e-04	1.104889e-09	5.008904e-06	1.000000e+00
9.061622e-01	5.192518e+04	1.623777e-04	2.913211e-09	1.911085e-06	1.000000e+00
9.061622e-01	1.969360e+04	2.636651e-04	7.681165e-09	7.362607e-07	1.000000e+00
9.061622e-01	7.469155e+03	4.281332e-04	2.025304e-08	2.909019e-07	1.000000e+00
9.061622e-01	2.832795e+03	6.951928e-04	5.340486e-08	1.225587e-07	1.000000e+00
9.061622e-01	1.074364e+03	1.128838e-03	1.408453e-07	6.017690e-08	0.000000e+00
9.061622e-01	4.074513e+02	1.832981e-03	3.715603e-07	2.386657e-08	0.000000e+00
9.061622e-01	1.545204e+02	2.976351e-03	9.805181e-07	9.402944e-09	0.000000e+00
9.061622e-01	5.859867e+01	4.832930e-03	2.588009e-06	3.980033e-09	0.000000e+00
9.061622e-01	2.222235e+01	7.847600e-03	6.830811e-06	1.874470e-09	0.000000e+00
9.061622e-01	8.427503e+00	1.274275e-02	1.802643e-05	1.111357e-09	0.000000e+00
9.061622e-01	3.196077e+00	2.069138e-02	4.756140e-05	9.467465e-10	0.000000e+00
9.061622e-01	1.212116e+00	3.359818e-02	1.254623e-04	9.541759e-10	0.000000e+00
9.061622e-01	4.597033e-01	5.455595e-02	3.309054e-04	1.202054e-09	0.000000e+00
9.061622e-01	1.743476e-01	8.858668e-02	8.726621e-04	1.516324e-09	0.000000e+00
9.061622e-01	6.612379e-02	1.438450e-01	2.301208e-03	1.595844e-09	0.000000e+00
9.061622e-01	2.507850e-02	2.335721e-01	6.067983e-03	1.594562e-09	0.000000e+00
9.061622e-01	9.511448e-03	3.792690e-01	1.599998e-02	1.587528e-09	0.000000e+00
9.061622e-01	3.607386e-03	6.158482e-01	4.218770e-02	1.583808e-09	0.000000e+00
9.061622e-01	1.368167e-03	1.000000e+00	1.112365e-01	1.582239e-09	0.000000e+00
9.676879e-01	1.277487e+05	1.000000e-04	1.107370e-09	4.624754e-06	1.000000e+00
9.676879e-01	4.845112e+04	1.623777e-04	2.919752e-09	1.765271e-06	1.000000e+00
9.676879e-01	1.837600e+04	2.636651e-04	7.698413e-09	6.808441e-07	1.000000e+00
9.676879e-01	6.969430e+03	4.281332e-04	2.029852e-08	2.697835e-07	1.000000e+00
9.676879e-01	2.643266e+03	6.951928e-04	5.352478e-08	1.144824e-07	1.000000e+00
9.676879e-01	1.002484e+03	1.128838e-03	1.411616e-07	5.712958e-08	0.000000e+00
9.676879e-01	3.801907e+02	1.832981e-03	3.723947e-07	2.200888e-08	0.000000e+00
9.676879e-01	1.441822e+02	2.976351e-03	9.827198e-07	8.749335e-09	0.000000e+00
9.676879e-01	5.467812e+01	4.832930e-03	2.593821e-06	3.691292e-09	0.000000e+00
9.676879e-01	2.073556e+01	7.847600e-03	6.846150e-06	1.774268e-09	0.000000e+00
9.676879e-01	7.863660e+00	1.274275e-02	1.806691e-05	1.197414e-09	0.000000e+00
9.676879e-01	2.982243e+00	2.069138e-02	4.766820e-05	9.849834e-10	0.000000e+00
9.676879e-01	1.131019e+00	3.359818e-02	1.257440e-04	1.318734e-09	0.000000e+00
9.676879e-01	4.289468e-01	5.455595e-02	3.316484e-04	2.802097e-09	0.000000e+00
9.676879e-01	1.626829e-01	8.858668e-02	8.746217e-04	4.121589e-09	0.000000e+00
9.676879e-01	6.169977e-02	1.438450e-01	2.306375e-03	4.364922e-09	0.000000e+00
9.676879e-01	2.340062e-02	2.335721e-01	6.081609e-03	4.354775e-09	0.000000e+00
9.676879e-01	8.875084e-03	3.792690e-01	1.603591e-02	4.331777e-09	0.000000e+00
9.676879e-01	3.366034e-03	6.158482e-01	4.228244e-02	4.320059e-09	0.000000e+00
9.676879e-01	1.276630e-03	1.000000e+00	1.114862e-01	4.315171e-09	0.000000e+00
1.033391e+00	7.826145e+03	1.000000e-04	7.285823e-11	2.589124e-07	1.000000e+00
1.033391e+00	2.968229e+03	1.623777e-04	1.921035e-10	1.085817e-07	1.000000e+00
1.033391e+00	1.125766e+03	2.636651e-04	5.065060e-10	5.276002e-08	1.000000e+00
1.033391e+00	4.269676e+02	4.281332e-04	1.335358e-09	2.127652e-08	1.000000e+00
1.033391e+00	1.619251e+02	6.951928e-04	3.519848e-09	8.427071e-09	1.000000e+00
1.033391e+00	6.139676e+01	1.128838e-03	9.275622e-09	3.516701e-09	0.000000e+00
1.033391e+00	2.327061e+01	1.832981e-03	2.444118e-08	1.714123e-09	0.000000e+00
1.033391e+00	8.816033e+00	2.976351e-03	6.441264e-08	1.055438e-09	0.000000e+00
1.033391e+00	3.338975e+00	4.832930e-03	1.698020e-07	7.843287e-10	0.000000e+00
1.033391e+00	1.264588e+00	7.847600e-03	4.477265e-07	1.055991e-09	0.000000e+00
1.033391e+00	4.790420e-01	1.274275e-02	1.180672e-06	-1.000000e+00	0.000000e+00
1.033391e+00	1.815190e-01	2.069138e-02	3.113528e-06	-1.000000e+00	0.000000e+00
1.033391e+00	6.879986e-02	3.359818e-02	8.210412e-06	-1.000000e+00	0.000000e+00
1.033391e+00	2.608228e-02	5.455595e-02	2.165017e-05	-1.000000e+00	0.000000e+00
1.033391e+00	9.889398e-03	8.858668e-02	5.708789e-05	-1.000000e+00	0.000000e+00
1.033391e+00	3.750065e-03	1.438450e-01	1.505277e-04	-1.000000e+00	0.000000e+00
1.033391e+00	1.422122e-03	2.335721e-01	3.969005e-04	-1.000000e+00	0.000000e+00
1.033391e+00	5.393286e-04	3.792690e-01	1.046507e-03	-1.000000e+00	0.000000e+00
1.033391e+00	2.045416e-04	6.158482e-01	2.759306e-03	-1.000000e+00	0.000000e+00
1.033391e+00	7.757419e-05	1.000000e+00	7.275378e-03	-1.000000e+00	0.000000e+00
1.103555e+00	7.330857e+03	1.000000e-04	7.329338e-11	2.323529e-07	1.000000e+00
1.103555e+00	2.780380e+03	1.623777e-04	1.932507e-10	9.807872e-08	1.000000e+00
1.103555e+00	1.054520e+03	2.636651e-04	5.095314e-10	4.836505e-08	1.000000e+00
1.103555e+00	3.999461e+02	4.281332e-04	1.343344e-09	1.913107e-08	1.000000e+00
1.103555e+00	1.516779e+02	6.951928e-04	3.540988e-09	7.528470e-09	1.000000e+00
1.103555e+00	5.751228e+01	1.128838e-03	9.331812e-09	3.211058e-09	0.000000e+00
1.103555e+00	2.179918e+01	1.832981e-03	2.459112e-08	1.549808e-09	0.000000e+00
1.103555e+00	8.259136e+00	2.976351e-03	6.481343e-08	9.878384e-10	0.000000e+00
1.103555e+00	3.128321e+00	4.832930e-03	1.708724e-07	9.102069e-10	0.000000e+00
1.103555e+00	1.184907e+00	7.847600e-03	4.505785e-07	9.320187e-10	0.000000e+00
1.103555e+00	4.488905e-01	1.274275e-02	1.188251e-06	1.466366e-09	0.000000e+00
1.103555e+00	1.701034e-01	2.069138e-02	3.133618e-06	1.988225e-09	0.000000e+00
1.103555e+00	6.447565e-02	3.359818e-02	8.263572e-06	2.179898e-09	0.000000e+00
1.103555e+00	2.444361e-02	5.455595e-02	2.179066e-05	2.175560e-09	0.000000e+00
1.103555e+00	9.268236e-03	8.858668e-02	5.745885e-05	2.156425e-09	0.000000e+00
1.103555e+00	3.514559e-03	1.438450e-01	1.515067e-04	2.146305e-09	0.000000e+00
1.103555e+00	1.332821e-03	2.335721e-01	3.994832e-04	2.142037e-09	0.000000e+00
1.103555e+00	5.054641e-04	3.792690e-01	1.053319e-03	2.140356e-09	0.000000e+00
1.103555e+00	1.916989e-04	6.158482e-01	2.777271e-03	2.139709e-09	0.000000e+00
1.103555e+00	7.270361e-05	1.000000e+00	7.322752e-03	2.139462e-09	0.000000e+00
1.178483e+00	6.826920e+03	1.000000e-04	7.330727e-11	2.452340e-07	1.000000e+00
1.178483e+00	2.589251e+03	1.623777e-04	1.932873e-10	1.042989e-07	1.000000e+00
1.178483e+00	9.820292e+02	2.636651e-04	5.096282e-10	5.193340e-08	1.000000e+00
1.178483e+00	3.724528e+02	4.281332e-04	1.343608e-09	2.006623e-08	1.000000e+00
1.178483e+00	1.412517e+02	6.951928e-04	3.541760e-09	8.055405e-09	1.000000e+00
1.178483e+00	5.355966e+01	1.128838e-03	9.334264e-09	3.458424e-09	0.000000e+00
1.178483e+00	2.030169e+01	1.832981e-03	2.459921e-08	1.734716e-09	0.000000e+00
1.178483e+00	7.692222e+00	2.976351e-03	6.483962e-08	1.111200e-09	0.000000e+00
1.178483e+00	2.913804e+00	4.832930e-03	1.709534e-07	9.661404e-10	0.000000e+00
1.178483e+00	1.103736e+00	7.847600e-03	4.508178e-07	1.028246e-09	0.000000e+00
1.178483e+00	4.181661e-01	1.274275e-02	1.188931e-06	1.306380e-09	0.000000e+00
1.178483e+00	1.584683e-01	2.069138e-02	3.135504e-06	1.385040e-09	0.000000e+00
1.178483e+00	6.006754e-02	3.359818e-02	8.268703e-06	1.354855e-09	0.000000e+00
1.178483e+00	2.277295e-02	5.455595e-02	2.180446e-05	1.356251e-09	0.000000e+00
1.178483e+00	8.634906e-03	8.858668e-02	5.749569e-05	1.360456e-09	0.000000e+00
1.178483e+00	3.274428e-03	1.438450e-01	1.516045e-04	1.362678e-09	0.000000e+00
1.178483e+00	1.241764e-03	2.335721e-01	3.997425e-04	1.363617e-09	0.000000e+00
1.178483e+00	4.709330e-04	3.792690e-01	1.054005e-03	1.363987e-09	0.000000e+00
1.178483e+00	1.786033e-04	6.158482e-01	2.779082e-03	1.364129e-09	0.000000e+00
1.178483e+00	6.773708e-05	1.000000e+00	7.327532e-03	1.364183e-09	0.000000e+00
1.258499e+00	6.324419e+03	1.000000e-04	7.295130e-11	2.403050e-07	1.000000e+00
1.258499e+00	2.398666e+03	1.623777e-04	1.923487e-10	1.030902e-07	1.000000e+00
1.258499e+00	9.097455e+02	2.636651e-04	5.071538e-10	5.080543e-08	1.000000e+00
1.258499e+00	3.450378e+02	4.281332e-04	1.337092e-09	1.957697e-08	1.000000e+00
1.258499e+00	1.308550e+02	6.951928e-04	3.524650e-09	7.929136e-09	1.000000e+00
1.258499e+00	4.961806e+01	1.128838e-03	9.289532e-09	3.452712e-09	0.000000e+00
1.258499e+00	1.880819e+01	1.832981e-03	2.448273e-08	1.758192e-09	0.000000e+00
1.258499e+00	7.126703e+00	2.976351e-03	6.453684e-08	1.307268e-09	0.000000e+00
1.258499e+00	2.699758e+00	4.832930e-03	1.701655e-07	1.020504e-09	0.000000e+00
1.258499e+00	1.022722e+00	7.847600e-03	4.487623e-07	1.514670e-09	0.000000e+00
1.258499e+00	3.874942e-01	1.274275e-02	1.183554e-06	2.619593e-09	0.000000e+00
1.258499e+00	1.468510e-01	2.069138e-02	3.121400e-06	3.041923e-09	0.000000e+00
1.258499e+00	5.566566e-02	3.359818e-02	8.231646e-06	2.875782e-09	0.000000e+00
1.258499e+00	2.110452e-02	5.455595e-02	2.170697e-05	2.854208e-09	0.000000e+00
1.258499e+00	8.002383e-03	8.858668e-02	5.723902e-05	2.858980e-09	0.000000e+00
1.258499e+00	3.034595e-03	1.438450e-01	1.509284e-04	2.863032e-09	0.000000e+00
1.258499e+00	1.150818e-03	2.335721e-01	3.979607e-04	2.864912e-09	0.000000e+00
1.258499e+00	4.364436e-04	3.792690e-01	1.049309e-03	2.865675e-09	0.000000e+00
1.258499e+00	1.655234e-04	6.158482e-01	2.766702e-03	2.865972e-09	0.000000e+00
1.258499e+00	6.277647e-05	1.000000e+00	7.294895e-03	2.866086e-09	0.000000e+00
1.343947e+00	6.283522e+03	1.000000e-04	7.788077e-11	2.094339e-07	1.000000e+00
1.343947e+00	2.383154e+03	1.623777e-04	2.053460e-10	8.991502e-08	1.000000e+00
1.343947e+00	9.038620e+02	2.636651e-04	5.414233e-10	4.421723e-08	1.000000e+00
1.343947e+00	3.428064e+02	4.281332e-04	1.427451e-09	1.706733e-08	1.000000e+00
1.343947e+00	1.300091e+02	6.951928e-04	3.762918e-09	6.917671e-09	1.000000e+00
1.343947e+00	4.929795e+01	1.128838e-03	9.917928e-09	3.029626e-09	0.000000e+00
1.343947e+00	1.868746e+01	1.832981e-03	2.614053e-08	1.592659e-09	0.000000e+00
1.343947e+00	7.081344e+00	2.976351e-03	6.891175e-08	1.118464e-09	0.000000e+00
1.343947e+00	2.682762e+00	4.832930e-03	1.817131e-07	9.723902e-10	0.000000e+00
1.343947e+00	1.016355e+00	7.847600e-03	4.792417e-07	1.244356e-09	0.000000e+00
1.343947e+00	3.851051e-01	1.274275e-02	1.263990e-06	1.995871e-09	0.000000e+00
1.343947e+00	1.459523e-01	2.069138e-02	3.333627e-06	2.387037e-09	0.000000e+00
1.343947e+00	5.532679e-02	3.359818e-02	8.791483e-06	2.368343e-09	0.000000e+00
1.343947e+00	2.097651e-02	5.455595e-02	2.318354e-05	2.343686e-09	0.000000e+00
1.343947e+00	7.953955e-03	8.858668e-02	6.113303e-05	2.332553e-09	0.000000e+00
1.343947e+00	3.016258e-03	1.438450e-01	1.611969e-04	2.328116e-09	0.000000e+00
1.343947e+00	1.143871e-03	2.335721e-01	4.250375e-04	2.326405e-09	0.000000e+00
1.343947e+00	4.338104e-04	3.792690e-01	1.120704e-03	2.325751e-09	0.000000e+00
1.343947e+00	1.645251e-04	6.158482e-01	2.954954e-03	2.325503e-09	0.000000e+00
1.343947e+00	6.239793e-05	1.000000e+00	7.791259e-03	2.325409e-09	0.000000e+00
1.435197e+00	5.764960e+03	1.000000e-04	7.680865e-11	1.863562e-07	1.000000e+00
1.435197e+00	2.186479e+03	1.623777e-04	2.025191e-10	8.085474e-08	1.000000e+00
1.435197e+00	8.292684e+02	2.636651e-04	5.339701e-10	3.913198e-08	1.000000e+00
1.435197e+00	3.145154e+02	4.281332e-04	1.407806e-09	1.518351e-08	1.000000e+00
1.435197e+00	1.192800e+02	6.951928e-04	3.711175e-09	6.179327e-09	1.000000e+00
1.435197e+00	4.522993e+01	1.128838e-03	9.781791e-09	2.751862e-09	0.000000e+00
1.435197e+00	1.714571e+01	1.832981e-03	2.578265e-08	1.474009e-09	0.000000e+00
1.435197e+00	6.497329e+00	2.976351e-03	6.797114e-08	1.041174e-09	0.000000e+00
1.435197e+00	2.461608e+00	4.832930e-03	1.792397e-07	1.002706e-09	0.000000e+00
1.435197e+00	9.326096e-01	7.847600e-03	4.727334e-07	1.193027e-09	0.000000e+00
1.435197e+00	3.533854e-01	1.274275e-02	1.246853e-06	1.646620e-09	0.000000e+00
1.435197e+00	1.339344e-01	2.069138e-02	3.288483e-06	1.828463e-09	0.000000e+00
1.435197e+00	5.077204e-02	3.359818e-02	8.672520e-06	1.811711e-09	0.000000e+00
1.435197e+00	1.924987e-02	5.455595e-02	2.286999e-05	1.787481e-09	0.000000e+00
1.435197e+00	7.299302e-03	8.858668e-02	6.030647e-05	1.775430e-09	0.000000e+00
1.435197e+00	2.768018e-03	1.438450e-01	1.590178e-04	1.770433e-09	0.000000e+00
1.435197e+00	1.049733e-03	2.335721e-01	4.192925e-04	1.768475e-09	0.000000e+00
1.435197e+00	3.981096e-04	3.792690e-01	1.105558e-03	1.767724e-09	0.000000e+00
1.435197e+00	1.509856e-04	6.158482e-01	2.915018e-03	1.767438e-09	0.000000e+00
1.435197e+00	5.726297e-05	1.000000e+00	7.685965e-03	1.767329e-09	0.000000e+00
1.532643e+00	5.282992e+03	1.000000e-04	7.570121e-11	1.512959e-07	1.000000e+00
1.532643e+00	2.003682e+03	1.623777e-04	1.995991e-10	6.640447e-08	1.000000e+00
1.532643e+00	7.599387e+02	2.636651e-04	5.262713e-10	3.167171e-08	1.000000e+00
1.532643e+00	2.882208e+02	4.281332e-04	1.387513e-09	1.230460e-08	1.000000e+00
1.532643e+00	1.093079e+02	6.951928e-04	3.657719e-09	5.088937e-09	1.000000e+00
1.532643e+00	4.144890e+01	1.128838e-03	9.641107e-09	2.365478e-09	0.000000e+00
1.532643e+00	1.571267e+01	1.832981e-03	2.541268e-08	1.269046e-09	0.000000e+00
1.532643e+00	5.954453e+00	2.976351e-03	6.699828e-08	1.010701e-09	0.000000e+00
1.532643e+00	2.256014e+00	4.832930e-03	1.766805e-07	9.757008e-10	0.000000e+00
1.532643e+00	8.547492e-01	7.847600e-03	4.659968e-07	1.289440e-09	0.000000e+00
1.532643e+00	3.238927e-01	1.274275e-02	1.229110e-06	2.066700e-09	0.000000e+00
1.532643e+00	1.227595e-01	2.069138e-02	3.241735e-06	2.404192e-09	0.000000e+00
1.532643e+00	4.653663e-02	3.359818e-02	8.549316e-06	2.422428e-09	0.000000e+00
1.532643e+00	1.764424e-02	5.455595e-02	2.254523e-05	2.405264e-09	0.000000e+00
1.532643e+00	6.690520e-03	8.858668e-02	5.945033e-05	2.394837e-09	0.000000e+00
1.532643e+00	2.537170e-03	1.438450e-01	1.567607e-04	2.390295e-09	0.000000e+00
1.532643e+00	9.621895e-04	2.335721e-01	4.133417e-04	2.388487e-09	0.000000e+00
1.532643e+00	3.649097e-04	3.792690e-01	1.089868e-03	2.387788e-09	0.000000e+00
1.532643e+00	1.383945e-04	6.158482e-01	2.873651e-03	2.387522e-09	0.000000e+00
1.532643e+00	5.248768e-05	1.000000e+00	7.576896e-03	2.387421e-09	0.000000e+00
1.636705e+00	4.839646e+03	1.000000e-04	7.463145e-11	1.123299e-07	1.000000e+00
1.636705e+00	1.835534e+03	1.623777e-04	1.967784e-10	4.992206e-08	1.000000e+00
1.636705e+00	6.961648e+02	2.636651e-04	5.188345e-10	2.329436e-08	1.000000e+00
1.636705e+00	2.640334e+02	4.281332e-04	1.367910e-09	9.090970e-09	1.000000e+00
1.636705e+00	1.001350e+02	6.951928e-04	3.606077e-09	3.819776e-09	1.000000e+00
1.636705e+00	3.797081e+01	1.128838e-03	9.505179e-09	1.724552e-09	0.000000e+00
1.636705e+00	1.439440e+01	1.832981e-03	2.505514e-08	1.058716e-09	0.000000e+00
1.636705e+00	5.455026e+00	2.976351e-03	6.605792e-08	7.895712e-10	0.000000e+00
1.636705e+00	2.066860e+00	4.832930e-03	1.742062e-07	8.915812e-10	0.000000e+00
1.636705e+00	7.831097e-01	7.847600e-03	4.594827e-07	1.262666e-09	0.000000e+00
1.636705e+00	2.967546e-01	1.274275e-02	1.211952e-06	2.499143e-09	0.000000e+00
1.636705e+00	1.124762e-01	2.069138e-02	3.196522e-06	3.052011e-09	0.000000e+00
1.636705e+00	4.263904e-02	3.359818e-02	8.430150e-06	3.118428e-09	0.000000e+00
1.636705e+00	1.616665e-02	5.455595e-02	2.223110e-05	3.106728e-09	0.000000e+00
1.636705e+00	6.130273e-03	8.858668e-02	5.862221e-05	3.096067e-09	0.000000e+00
1.636705e+00	2.324724e-03	1.438450e-01	1.545775e-04	3.091079e-09	0.000000e+00
1.636705e+00	8.816245e-04	2.335721e-01	4.075854e-04	3.089049e-09	0.000000e+00
1.636705e+00	3.343560e-04	3.792690e-01	1.074691e-03	3.088259e-09	0.000000e+00
1.636705e+00	1.268069e-04	6.158482e-01	2.833636e-03	3.087956e-09	0.000000e+00
1.636705e+00	4.809300e-05	1.000000e+00	7.471392e-03	3.087841e-09	0.000000e+00
1.747832e+00	4.436996e+03	1.000000e-04	7.369149e-11	2.101388e-07	1.000000e+00
1.747832e+00	1.682821e+03	1.623777e-04	1.943000e-10	9.464553e-08	1.000000e+00
1.747832e+00	6.382450e+02	2.636651e-04	5.123000e-10	4.320468e-08	1.000000e+00
1.747832e+00	2.420662e+02	4.281332e-04	1.350685e-09	1.704100e-08	1.000000e+00
1.747832e+00	9.180402e+01	6.951928e-04	3.560701e-09	7.122788e-09	1.000000e+00
1.747832e+00	3.481194e+01	1.128838e-03	9.385748e-09	3.377909e-09	0.000000e+00
1.747832e+00	1.319709e+01	1.832981e-03	2.474101e-08	2.027710e-09	0.000000e+00
1.747832e+00	5.001403e+00	2.976351e-03	6.523174e-08	1.612434e-09	0.000000e+00
1.747832e+00	1.895044e+00	4.832930e-03	1.720324e-07	1.656845e-09	0.000000e+00
1.747832e+00	7.180324e-01	7.847600e-03	4.537599e-07	2.096266e-09	0.000000e+00
1.747832e+00	2.721011e-01	1.274275e-02	1.196878e-06	2.576325e-09	0.000000e+00
1.747832e+00	1.031341e-01	2.069138e-02	3.156803e-06	2.300551e-09	0.000000e+00
1.747832e+00	3.909806e-02	3.359818e-02	8.325465e-06	2.226199e-09	0.000000e+00
1.747832e+00	1.482422e-02	5.455595e-02	2.195515e-05	2.239659e-09	0.000000e+00
1.747832e+00	5.621269e-03	8.858668e-02	5.789472e-05	2.252874e-09	0.000000e+00
1.747832e+00	2.131707e-03	1.438450e-01	1.526595e-04	2.259167e-09	0.000000e+00
1.747832e+00	8.084272e-04	2.335721e-01	4.025287e-04	2.261745e-09	0.000000e+00
1.747832e+00	3.065964e-04	3.792690e-01	1.061359e-03	2.262750e-09	0.000000e+00
1.747832e+00	1.162790e-04	6.158482e-01	2.798484e-03	2.263135e-09	0.000000e+00
1.747832e+00	4.410019e-05	1.000000e+00	7.378710e-03	2.263282e-09	0.000000e+00
1.866505e+00	4.077714e+03	1.000000e-04	7.300676e-11	1.074448e-07	1.000000e+00
1.866505e+00	1.546555e+03	1.623777e-04	1.924946e-10	4.907238e-08	1.000000e+00
1.866505e+00	5.865634e+02	2.636651e-04	5.075398e-10	2.194270e-08	1.000000e+00
1.866505e+00	2.224650e+02	4.281332e-04	1.338138e-09	8.681915e-09	1.000000e+00
1.866505e+00	8.437033e+01	6.951928e-04	3.527653e-09	3.667196e-09	1.000000e+00
1.866505e+00	3.199326e+01	1.128838e-03	9.298793e-09	1.775477e-09	0.000000e+00
1.866505e+00	1.212869e+01	1.832981e-03	2.451241e-08	1.118767e-09	0.000000e+00
1.866505e+00	4.596606e+00	2.976351e-03	6.463087e-08	8.728125e-10	0.000000e+00
1.866505e+00	1.741714e+00	4.832930e-03	1.704523e-07	9.449353e-10	0.000000e+00
1.866505e+00	6.599542e-01	7.847600e-03	4.496020e-07	1.261917e-09	0.000000e+00
1.866505e+00	2.500982e-01	1.274275e-02	1.185930e-06	1.864591e-09	0.000000e+00
1.866505e+00	9.479610e-02	2.069138e-02	3.127960e-06	1.986215e-09	0.000000e+00
1.866505e+00	3.593759e-02	3.359818e-02	8.249458e-06	2.004316e-09	0.000000e+00
1.866505e+00	1.362603e-02	5.455595e-02	2.175481e-05	2.010926e-09	0.000000e+00
1.866505e+00	5.166952e-03	8.858668e-02	5.736662e-05	2.013608e-09	0.000000e+00
1.866505e+00	1.959428e-03	1.438450e-01	1.512672e-04	2.014661e-09	0.000000e+00
1.866505e+00	7.430937e-04	2.335721e-01	3.988581e-04	2.015067e-09	0.000000e+00
1.866505e+00	2.818190e-04	3.792690e-01	1.051681e-03	2.015221e-09	0.000000e+00
1.866505e+00	1.068821e-04	6.158482e-01	2.772969e-03	2.015280e-09	0.000000e+00
1.866505e+00	4.053632e-05	1.000000e+00	7.311435e-03	2.015302e-09	0.000000e+00
1.993235e+00	3.767251e+03	1.000000e-04	7.278728e-11	1.526637e-07	1.000000e+00
1.993235e+00	1.428806e+03	1.623777e-04	1.919159e-10	7.070794e-08	1.000000e+00
1.993235e+00	5.419044e+02	2.636651e-04	5.060140e-10	3.094414e-08	1.000000e+00
1.993235e+00	2.055272e+02	4.281332e-04	1.334119e-09	1.233368e-08	1.000000e+00
1.993235e+00	7.794673e+01	6.951928e-04	3.517082e-09	5.280458e-09	1.000000e+00
1.993235e+00	2.955757e+01	1.128838e-03	9.271076e-09	2.663294e-09	0.000000e+00
1.993235e+00	1.120545e+01	1.832981e-03	2.443992e-08	1.689136e-09	0.000000e+00
1.993235e+00	4.246798e+00	2.976351e-03	6.444145e-08	1.420160e-09	0.000000e+00
1.993235e+00	1.609209e+00	4.832930e-03	1.699570e-07	1.653332e-09	0.000000e+00
1.993235e+00	6.097626e-01	7.847600e-03	4.483045e-07	2.371898e-09	0.000000e+00
1.993235e+00	2.310826e-01	1.274275e-02	1.182525e-06	3.283451e-09	0.000000e+00
1.993235e+00	8.759002e-02	2.069138e-02	3.119012e-06	3.190698e-09	0.000000e+00
1.993235e+00	3.320614e-02	3.359818e-02	8.225914e-06	3.170699e-09	0.000000e+00
1.993235e+00	1.259048e-02	5.455595e-02	2.169282e-05	3.185540e-09	0.000000e+00
1.993235e+00	4.774299e-03	8.858668e-02	5.720330e-05	3.195499e-09	0.000000e+00
1.993235e+00	1.810531e-03	1.438450e-01	1.508369e-04	3.199959e-09	0.000000e+00
1.993235e+00	6.866275e-04	2.335721e-01	3.977237e-04	3.201752e-09	0.000000e+00
1.993235e+00	2.604045e-04	3.792690e-01	1.048691e-03	3.202446e-09	0.000000e+00
1.993235e+00	9.876053e-05	6.158482e-01	2.765085e-03	3.202712e-09	0.000000e+00
1.993235e+00	3.745615e-05	1.000000e+00	7.290650e-03	3.202813e-09	0.000000e+00
2.128570e+00	3.516940e+03	1.000000e-04	7.342116e-11	6.059031e-08	1.000000e+00
2.128570e+00	1.333871e+03	1.623777e-04	1.935872e-10	2.842773e-08	1.000000e+00
2.128570e+00	5.058980e+02	2.636651e-04	5.104208e-10	1.221874e-08	1.000000e+00
2.128570e+00	1.918711e+02	4.281332e-04	1.345740e-09	4.924733e-09	1.000000e+00
2.128570e+00	7.276769e+01	6.951928e-04	3.547744e-09	2.099205e-09	0.000000e+00
2.128570e+00	2.759379e+01	1.128838e-03	9.352038e-09	1.085479e-09	0.000000e+00
2.128570e+00	1.046109e+01	1.832981e-03	2.465389e-08	7.331182e-10	0.000000e+00
2.128570e+00	3.964765e+00	2.976351e-03	6.500727e-08	6.314351e-10	0.000000e+00
2.128570e+00	1.502377e+00	4.832930e-03	1.714533e-07	7.968620e-10	0.000000e+00
2.128570e+00	5.692959e-01	7.847600e-03	4.522601e-07	1.422233e-09	0.000000e+00
2.128570e+00	2.157514e-01	1.274275e-02	1.192975e-06	2.827995e-09	0.000000e+00
2.128570e+00	8.178019e-02	2.069138e-02	3.146607e-06	3.146403e-09	0.000000e+00
2.128570e+00	3.100394e-02	3.359818e-02	8.298745e-06	3.178815e-09	0.000000e+00
2.128570e+00	1.175558e-02	5.455595e-02	2.188498e-05	3.176658e-09	0.000000e+00
2.128570e+00	4.457728e-03	8.858668e-02	5.771016e-05	3.173668e-09	0.000000e+00
2.128570e+00	1.690485e-03	1.438450e-01	1.521736e-04	3.172217e-09	0.000000e+00
2.128570e+00	6.411024e-04	2.335721e-01	4.012489e-04	3.171621e-09	0.000000e+00
2.128570e+00	2.431394e-04	3.792690e-01	1.057986e-03	3.171388e-09	0.000000e+00
2.128570e+00	9.221266e-05	6.158482e-01	2.789596e-03	3.171299e-09	0.000000e+00
2.128570e+00	3.497280e-05	1.000000e+00	7.355279e-03	3.171265e-09	0.000000e+00
2.273094e+00	3.356895e+03	1.000000e-04	7.582967e-11	6.925574e-08	1.000000e+00
2.273094e+00	1.273170e+03	1.623777e-04	1.999376e-10	3.279229e-08	1.000000e+00
2.273094e+00	4.828759e+02	2.636651e-04	5.271645e-10	1.386409e-08	1.000000e+00
2.273094e+00	1.831395e+02	4.281332e-04	1.389888e-09	5.593817e-09	1.000000e+00
2.273094e+00	6.945626e+01	6.951928e-04	3.664154e-09	2.442738e-09	0.000000e+00
2.273094e+00	2.633820e+01	1.128838e-03	9.659039e-09	1.320387e-09	0.000000e+00
2.273094e+00	9.985187e+00	1.832981e-03	2.546375e-08	8.566479e-10	0.000000e+00
2.273094e+00	3.784469e+00	2.976351e-03	6.714436e-08	7.341963e-10	0.000000e+00
2.273094e+00	1.434091e+00	4.832930e-03	1.770939e-07	1.068025e-09	0.000000e+00
2.273094e+00	5.434333e-01	7.847600e-03	4.671473e-07	2.092613e-09	0.000000e+00
2.273094e+00	2.059543e-01	1.274275e-02	1.232262e-06	4.094326e-09	0.000000e+00
2.273094e+00	7.806783e-02	2.069138e-02	3.250260e-06	4.500941e-09	0.000000e+00
2.273094e+00	2.959686e-02	3.359818e-02	8.572170e-06	4.532178e-09	0.000000e+00
2.273094e+00	1.122216e-02	5.455595e-02	2.260613e-05	4.524125e-09	0.000000e+00
2.273094e+00	4.255473e-03	8.858668e-02	5.961197e-05	4.518091e-09	0.000000e+00
2.273094e+00	1.613789e-03	1.438450e-01	1.571887e-04	4.515367e-09	0.000000e+00
2.273094e+00	6.120174e-04	2.335721e-01	4.144729e-04	4.514271e-09	0.000000e+00
2.273094e+00	2.321091e-04	3.792690e-01	1.092855e-03	4.513847e-09	0.000000e+00
2.273094e+00	8.802941e-05	6.158482e-01	2.881536e-03	4.513684e-09	0.000000e+00
2.273094e+00	3.338627e-05	1.000000e+00	7.597698e-03	4.513623e-09	0.000000e+00
2.427430e+00	3.409239e+03	1.000000e-04	8.346529e-11	6.038674e-08	1.000000e+00
2.427430e+00	1.293022e+03	1.623777e-04	2.200701e-10	2.850493e-08	1.000000e+00
2.427430e+00	4.904053e+02	2.636651e-04	5.802467e-10	1.215232e-08	1.000000e+00
2.427430e+00	1.859951e+02	4.281332e-04	1.529844e-09	4.874481e-09	1.000000e+00
2.427430e+00	7.053929e+01	6.951928e-04	4.033146e-09	2.113954e-09	0.000000e+00
2.427430e+00	2.674900e+01	1.128838e-03	1.063190e-08	1.198481e-09	0.000000e+00
2.427430e+00	1.014104e+01	1.832981e-03	2.802911e-08	7.748359e-10	0.000000e+00
2.427430e+00	3.843617e+00	2.976351e-03	7.391080e-08	5.829621e-10	0.000000e+00
2.427430e+00	1.456542e+00	4.832930e-03	1.949453e-07	9.033439e-10	0.000000e+00
2.427430e+00	5.519553e-01	7.847600e-03	5.142471e-07	1.445412e-09	0.000000e+00
2.427430e+00	2.091887e-01	1.274275e-02	1.356524e-06	3.012519e-09	0.000000e+00
2.427430e+00	7.929521e-02	2.069138e-02	3.578055e-06	3.460342e-09	0.000000e+00
2.427430e+00	3.006255e-02	3.359818e-02	9.436754e-06	3.485462e-09	0.000000e+00
2.427430e+00	1.139882e-02	5.455595e-02	2.488628e-05	3.464052e-09	0.000000e+00
2.427430e+00	4.322487e-03	8.858668e-02	6.562487e-05	3.450935e-09	0.000000e+00
2.427430e+00	1.639209e-03	1.438450e-01	1.730442e-04	3.445213e-09	0.000000e+00
2.427430e+00	6.216589e-04	2.335721e-01	4.562810e-04	3.442933e-09	0.000000e+00
2.427430e+00	2.357660e-04	3.792690e-01	1.203093e-03	3.442053e-09	0.000000e+00
2.427430e+00	8.941637e-05	6.158482e-01	3.172201e-03	3.441717e-09	0.000000e+00
2.427430e+00	3.391231e-05	1.000000e+00	8.364092e-03	3.441589e-09	0.000000e+00
2.592245e+00	7.981538e+02	1.000000e-04	2.121592e-11	2.721157e-08	1.000000e+00
2.592245e+00	3.027151e+02	1.623777e-04	5.593920e-11	1.079441e-08	1.000000e+00
2.592245e+00	1.148106e+02	2.636651e-04	1.474941e-10	4.465465e-09	1.000000e+00
2.592245e+00	4.354419e+01	4.281332e-04	3.889080e-10	2.136940e-09	1.000000e+00
2.592245e+00	1.651505e+01	6.951928e-04	1.025555e-09	1.206391e-09	1.000000e+00
2.592245e+00	6.263709e+00	1.128838e-03	2.704948e-09	1.009459e-09	0.000000e+00
2.592245e+00	2.375672e+00	1.832981e-03	7.136730e-09	1.029373e-09	0.000000e+00
2.592245e+00	9.010411e-01	2.976351e-03	1.883580e-08	1.406715e-09	0.000000e+00
2.592245e+00	3.417466e-01	4.832930e-03	4.972192e-08	3.035424e-09	0.000000e+00
2.592245e+00	1.296173e-01	7.847600e-03	1.312494e-07	3.750710e-09	0.000000e+00
2.592245e+00	4.916092e-02	1.274275e-02	3.463907e-07	3.779538e-09	0.000000e+00
2.592245e+00	1.864552e-02	2.069138e-02	9.139716e-07	3.775031e-09	0.000000e+00
2.592245e+00	7.071749e-03	3.359818e-02	2.411046e-06	3.772589e-09	0.000000e+00
2.592245e+00	2.682116e-03	5.455595e-02	6.359240e-06	3.771638e-09	0.000000e+00
2.592245e+00	1.017248e-03	8.858668e-02	1.677078e-05	3.771279e-09	0.000000e+00
2.592245e+00	3.858120e-04	1.438450e-01	4.422488e-05	3.771143e-09	0.000000e+00
2.592245e+00	1.463268e-04	2.335721e-01	1.166158e-04	3.771091e-09	0.000000e+00
2.592245e+00	5.549731e-05	3.792690e-01	3.074920e-04	3.771072e-09	0.000000e+00
2.592245e+00	2.104842e-05	6.158482e-01	8.107766e-04	3.771064e-09	0.000000e+00
2.592245e+00	7.983019e-06	1.000000e+00	2.137780e-03	3.771062e-09	0.000000e+00
2.768251e+00	3.952208e+02	1.000000e-04	1.142856e-11	2.139380e-08	1.000000e+00
2.768251e+00	1.498951e+02	1.623777e-04	3.013324e-11	8.762259e-09	1.000000e+00
2.768251e+00	5.685061e+01	2.636651e-04	7.945199e-11	3.945600e-09	1.000000e+00
2.768251e+00	2.156173e+01	4.281332e-04	2.094976e-10	2.194006e-09	1.000000e+00
2.768251e+00	8.177760e+00	6.951928e-04	5.524550e-10	1.645746e-09	1.000000e+00
2.768251e+00	3.101631e+00	1.128838e-03	1.457166e-09	1.402302e-09	0.000000e+00
2.768251e+00	1.176398e+00	1.832981e-03	3.844735e-09	1.974767e-09	0.000000e+00
2.768251e+00	4.461980e-01	2.976351e-03	1.014777e-08	3.360370e-09	0.000000e+00
2.768251e+00	1.692412e-01	4.832930e-03	2.678875e-08	4.344723e-09	0.000000e+00
2.768251e+00	6.419244e-02	7.847600e-03	7.071580e-08	4.079652e-09	0.000000e+00
2.768251e+00	2.434765e-02	1.274275e-02	1.866363e-07	4.061896e-09	0.000000e+00
2.768251e+00	9.234722e-03	2.069138e-02	4.924588e-07	4.084402e-09	0.000000e+00
2.768251e+00	3.502554e-03	3.359818e-02	1.299115e-06	4.098091e-09	0.000000e+00
2.768251e+00	1.328438e-03	5.455595e-02	3.426497e-06	4.104075e-09	0.000000e+00
2.768251e+00	5.038424e-04	8.858668e-02	9.036505e-06	4.106462e-09	0.000000e+00
2.768251e+00	1.910935e-04	1.438450e-01	2.382951e-05	4.107384e-09	0.000000e+00
2.768251e+00	7.247623e-05	2.335721e-01	6.283572e-05	4.107737e-09	0.000000e+00
2.768251e+00	2.748808e-05	3.792690e-01	1.656851e-04	4.107871e-09	0.000000e+00
2.768251e+00	1.042540e-05	6.158482e-01	4.368689e-04	4.107921e-09	0.000000e+00
2.768251e+00	3.954036e-06	1.000000e+00	1.151896e-03	4.107941e-09	0.000000e+00
2.956207e+00	2.859122e+02	1.000000e-04	9.012364e-12	-1.000000e+00	0.000000e+00
2.956207e+00	1.084377e+02	1.623777e-04	2.376256e-11	-1.000000e+00	0.000000e+00
2.956207e+00	4.112709e+01	2.636651e-04	6.265447e-11	-1.000000e+00	0.000000e+00
2.956207e+00	1.559827e+01	4.281332e-04	1.652062e-10	-1.000000e+00	0.000000e+00
2.956207e+00	5.915987e+00	6.951928e-04	4.356562e-10	-1.000000e+00	0.000000e+00
2.956207e+00	2.243793e+00	1.128838e-03	1.149093e-09	-1.000000e+00	0.000000e+00
2.956207e+00	8.510332e-01	1.832981e-03	3.031877e-09	-1.000000e+00	0.000000e+00
2.956207e+00	3.227890e-01	2.976351e-03	8.002293e-09	-1.000000e+00	0.000000e+00
2.956207e+00	1.224323e-01	4.832930e-03	2.112492e-08	-1.000000e+00	0.000000e+00
2.956207e+00	4.643790e-02	7.847600e-03	5.576453e-08	-1.000000e+00	0.000000e+00
2.956207e+00	1.761345e-02	1.274275e-02	1.471760e-07	-1.000000e+00	0.000000e+00
2.956207e+00	6.680523e-03	2.069138e-02	3.883383e-07	-1.000000e+00	0.000000e+00
2.956207e+00	2.533792e-03	3.359818e-02	1.024442e-06	-1.000000e+00	0.000000e+00
2.956207e+00	9.610081e-04	5.455595e-02	2.702030e-06	-1.000000e+00	0.000000e+00
2.956207e+00	3.644854e-04	8.858668e-02	7.125906e-06	-1.000000e+00	0.000000e+00
2.956207e+00	1.382392e-04	1.438450e-01	1.879120e-05	-1.000000e+00	0.000000e+00
2.956207e+00	5.243010e-05	2.335721e-01	4.955027e-05	-1.000000e+00	0.000000e+00
2.956207e+00	1.988518e-05	3.792690e-01	1.306541e-04	-1.000000e+00	0.000000e+00
2.956207e+00	7.541848e-06	6.158482e-01	3.445011e-04	-1.000000e+00	0.000000e+00
2.956207e+00	2.860393e-06	1.000000e+00	9.083485e-04	-1.000000e+00	0.000000e+00
3.156925e+00	2.276479e+02	1.000000e-04	7.836962e-12	-1.000000e+00	0.000000e+00
3.156925e+00	8.633982e+01	1.623777e-04	2.066342e-11	-1.000000e+00	0.000000e+00
3.156925e+00	3.274605e+01	2.636651e-04	5.448300e-11	-1.000000e+00	0.000000e+00
3.156925e+00	1.241960e+01	4.281332e-04	1.436597e-10	-1.000000e+00	0.000000e+00
3.156925e+00	4.710404e+00	6.951928e-04	3.788362e-10	-1.000000e+00	0.000000e+00
3.156925e+00	1.786541e+00	1.128838e-03	9.992190e-10	-1.000000e+00	0.000000e+00
3.156925e+00	6.776026e-01	1.832981e-03	2.636415e-09	-1.000000e+00	0.000000e+00
3.156925e+00	2.570068e-01	2.976351e-03	6.958459e-09	-1.000000e+00	0.000000e+00
3.156925e+00	9.748060e-02	4.832930e-03	1.836920e-08	-1.000000e+00	0.000000e+00
3.156925e+00	3.697355e-02	7.847600e-03	4.848982e-08	-1.000000e+00	0.000000e+00
3.156925e+00	1.402362e-02	1.274275e-02	1.279757e-07	-1.000000e+00	0.000000e+00
3.156925e+00	5.318924e-03	2.069138e-02	3.376753e-07	-1.000000e+00	0.000000e+00
3.156925e+00	2.017356e-03	3.359818e-02	8.907906e-07	-1.000000e+00	0.000000e+00
3.156925e+00	7.651342e-04	5.455595e-02	2.349512e-06	-1.000000e+00	0.000000e+00
3.156925e+00	2.901950e-04	8.858668e-02	6.196227e-06	-1.000000e+00	0.000000e+00
3.156925e+00	1.100628e-04	1.438450e-01	1.633961e-05	-1.000000e+00	0.000000e+00
3.156925e+00	4.174359e-05	2.335721e-01	4.308568e-05	-1.000000e+00	0.000000e+00
3.156925e+00	1.583210e-05	3.792690e-01	1.136082e-04	-1.000000e+00	0.000000e+00
3.156925e+00	6.004634e-06	6.158482e-01	2.995555e-04	-1.000000e+00	0.000000e+00
3.156925e+00	2.277374e-06	1.000000e+00	7.898401e-04	-1.000000e+00	0.000000e+00
3.371271e+00	1.895593e+02	1.000000e-04	7.136477e-12	6.950630e-09	1.000000e+00
3.371271e+00	7.189399e+01	1.623777e-04	1.881648e-11	2.983558e-09	1.000000e+00
3.371271e+00	2.726719e+01	2.636651e-04	4.961319e-11	1.732141e-09	1.000000e+00
3.371271e+00	1.034163e+01	4.281332e-04	1.308190e-10	1.096514e-09	1.000000e+00
3.371271e+00	3.922287e+00	6.951928e-04	3.449737e-10	7.360395e-10	1.000000e+00
3.371271e+00	1.487625e+00	1.128838e-03	9.098980e-10	1.486944e-09	1.000000e+00
3.371271e+00	5.642267e-01	1.832981e-03	2.400724e-09	2.164412e-09	0.000000e+00
3.371271e+00	2.140030e-01	2.976351e-03	6.336322e-09	6.008334e-09	0.000000e+00
3.371271e+00	8.116885e-02	4.832930e-03	1.672671e-08	6.281955e-09	0.000000e+00
3.371271e+00	3.078636e-02	7.847600e-03	4.415375e-08	6.267888e-09	0.000000e+00
3.371271e+00	1.167680e-02	1.274275e-02	1.165312e-07	6.274677e-09	0.000000e+00
3.371271e+00	4.428786e-03	2.069138e-02	3.074769e-07	6.280585e-09	0.000000e+00
3.371271e+00	1.679738e-03	3.359818e-02	8.111249e-07	6.283391e-09	0.000000e+00
3.371271e+00	6.370820e-04	5.455595e-02	2.139386e-06	6.284542e-09	0.000000e+00
3.371271e+00	2.416278e-04	8.858668e-02	5.642068e-06	6.284991e-09	0.000000e+00
3.371271e+00	9.164249e-05	1.438450e-01	1.487826e-05	6.285163e-09	0.000000e+00
3.371271e+00	3.475729e-05	2.335721e-01	3.923227e-05	6.285229e-09	0.000000e+00
3.371271e+00	1.318239e-05	3.792690e-01	1.034475e-04	6.285254e-09	0.000000e+00
3.371271e+00	4.999681e-06	6.158482e-01	2.727644e-04	6.285263e-09	0.000000e+00
3.371271e+00	1.896226e-06	1.000000e+00	7.191998e-04	6.285267e-09	0.000000e+00
3.600170e+00	1.328825e+02	1.000000e-04	5.469443e-12	5.261402e-09	1.000000e+00
3.600170e+00	5.039824e+01	1.623777e-04	1.442106e-11	2.363318e-09	1.000000e+00
3.600170e+00	1.911451e+01	2.636651e-04	3.802379e-11	1.291271e-09	1.000000e+00
3.600170e+00	7.249554e+00	4.281332e-04	1.002598e-10	1.444884e-09	1.000000e+00
3.600170e+00	2.749542e+00	6.951928e-04	2.643849e-10	5.188021e-10	1.000000e+00
3.600170e+00	1.042823e+00	1.128838e-03	6.973216e-10	1.663215e-09	1.000000e+00
3.600170e+00	3.955147e-01	1.832981e-03	1.839790e-09	5.188155e-09	1.000000e+00
3.600170e+00	1.500085e-01	2.976351e-03	4.855650e-09	8.889335e-09	1.000000e+00
3.600170e+00	5.689445e-02	4.832930e-03	1.281758e-08	9.029977e-09	0.000000e+00
3.600170e+00	2.157861e-02	7.847600e-03	3.383384e-08	9.018031e-09	0.000000e+00
3.600170e+00	8.184190e-03	1.274275e-02	8.929296e-08	9.015760e-09	0.000000e+00
3.600170e+00	3.104036e-03	2.069138e-02	2.356034e-07	9.015859e-09	0.000000e+00
3.600170e+00	1.177271e-03	3.359818e-02	6.215169e-07	9.016070e-09	0.000000e+00
3.600170e+00	4.465043e-04	5.455595e-02	1.639275e-06	9.016176e-09	0.000000e+00
3.600170e+00	1.693457e-04	8.858668e-02	4.323141e-06	9.016221e-09	0.000000e+00
3.600170e+00	6.422767e-05	1.438450e-01	1.140020e-05	9.016238e-09	0.000000e+00
3.600170e+00	2.435959e-05	2.335721e-01	3.006097e-05	9.016245e-09	0.000000e+00
3.600170e+00	9.238843e-06	3.792690e-01	7.926459e-05	9.016247e-09	0.000000e+00
3.600170e+00	3.504008e-06	6.158482e-01	2.090001e-04	9.016248e-09	0.000000e+00
3.600170e+00	1.328962e-06	1.000000e+00	5.510719e-04	9.016249e-09	0.000000e+00
3.844611e+00	9.481476e+01	1.000000e-04	4.247611e-12	-1.000000e+00	0.000000e+00
3.844611e+00	3.596031e+01	1.623777e-04	1.119950e-11	-1.000000e+00	0.000000e+00
3.844611e+00	1.363864e+01	2.636651e-04	2.952952e-11	-1.000000e+00	0.000000e+00
3.844611e+00	5.172719e+00	4.281332e-04	7.786208e-11	-1.000000e+00	0.000000e+00
3.844611e+00	1.961855e+00	6.951928e-04	2.053201e-10	-1.000000e+00	0.000000e+00
3.844611e+00	7.440705e-01	1.128838e-03	5.415269e-10	-1.000000e+00	0.000000e+00
3.844611e+00	2.822018e-01	1.832981e-03	1.428709e-09	-1.000000e+00	0.000000e+00
3.844611e+00	1.070294e-01	2.976351e-03	3.770602e-09	-1.000000e+00	0.000000e+00
3.844611e+00	4.059242e-02	4.832930e-03	9.953089e-09	-1.000000e+00	0.000000e+00
3.844611e+00	1.539523e-02	7.847600e-03	2.627205e-08	-1.000000e+00	0.000000e+00
3.844611e+00	5.838865e-03	1.274275e-02	6.933511e-08	-1.000000e+00	0.000000e+00
3.844611e+00	2.214480e-03	2.069138e-02	1.829418e-07	-1.000000e+00	0.000000e+00
3.844611e+00	8.398779e-04	3.359818e-02	4.825933e-07	-1.000000e+00	0.000000e+00
3.844611e+00	3.185382e-04	5.455595e-02	1.272853e-06	-1.000000e+00	0.000000e+00
3.844611e+00	1.208113e-04	8.858668e-02	3.356793e-06	-1.000000e+00	0.000000e+00
3.844611e+00	4.581990e-05	1.438450e-01	8.851906e-06	-1.000000e+00	0.000000e+00
3.844611e+00	1.737805e-05	2.335721e-01	2.334140e-05	-1.000000e+00	0.000000e+00
3.844611e+00	6.590951e-06	3.792690e-01	6.154643e-05	-1.000000e+00	0.000000e+00
3.844611e+00	2.499742e-06	6.158482e-01	1.622819e-04	-1.000000e+00	0.000000e+00
3.844611e+00	9.480745e-07	1.000000e+00	4.278894e-04	-1.000000e+00	0.000000e+00
4.105649e+00	7.745085e+01	1.000000e-04	3.715604e-12	3.632404e-09	1.000000e+00
4.105649e+00	2.937471e+01	1.623777e-04	9.796783e-12	1.900346e-09	1.000000e+00
4.105649e+00	1.114093e+01	2.636651e-04	2.583098e-11	1.238686e-09	1.000000e+00
4.105649e+00	4.225411e+00	4.281332e-04	6.810982e-11	1.154063e-09	1.000000e+00
4.105649e+00	1.602568e+00	6.951928e-04	1.796029e-10	1.379512e-09	1.000000e+00
4.105649e+00	6.078025e-01	1.128838e-03	4.736945e-10	2.684861e-09	1.000000e+00
4.105649e+00	2.305183e-01	1.832981e-03	1.249733e-09	5.179491e-09	1.000000e+00
4.105649e+00	8.742674e-02	2.976351e-03	3.298211e-09	5.266451e-09	1.000000e+00
4.105649e+00	3.315741e-02	4.832930e-03	8.706036e-09	5.244717e-09	0.000000e+00
4.105649e+00	1.257525e-02	7.847600e-03	2.298013e-08	5.259086e-09	0.000000e+00
4.105649e+00	4.769293e-03	1.274275e-02	6.064690e-08	5.269462e-09	0.000000e+00
4.105649e+00	1.808813e-03	2.069138e-02	1.600171e-07	5.274198e-09	0.000000e+00
4.105649e+00	6.860184e-04	3.359818e-02	4.221174e-07	5.276114e-09	0.000000e+00
4.105649e+00	2.601833e-04	5.455595e-02	1.113344e-06	5.276858e-09	0.000000e+00
4.105649e+00	9.867894e-05	8.858668e-02	2.936128e-06	5.277143e-09	0.000000e+00
4.105649e+00	3.742574e-05	1.438450e-01	7.742601e-06	5.277251e-09	0.000000e+00
4.105649e+00	1.419439e-05	2.335721e-01	2.041629e-05	5.277292e-09	0.000000e+00
4.105649e+00	5.383486e-06	3.792690e-01	5.383350e-05	5.277308e-09	0.000000e+00
4.105649e+00	2.041788e-06	6.158482e-01	1.419448e-04	5.277314e-09	0.000000e+00
4.105649e+00	7.743864e-07	1.000000e+00	3.742667e-04	5.277316e-09	0.000000e+00
4.384411e+00	6.668548e+01	1.000000e-04	3.235042e-12	-1.000000e+00	0.000000e+00
4.384411e+00	2.529174e+01	1.623777e-04	8.529704e-12	-1.000000e+00	0.000000e+00
4.384411e+00	9.592380e+00	2.636651e-04	2.249009e-11	-1.000000e+00	0.000000e+00
4.384411e+00	3.638095e+00	4.281332e-04	5.930072e-11	-1.000000e+00	0.000000e+00
4.384411e+00	1.379817e+00	6.951928e-04	1.563736e-10	-1.000000e+00	0.000000e+00
4.384411e+00	5.233199e-01	1.128838e-03	4.124280e-10	-1.000000e+00	0.000000e+00
4.384411e+00	1.984769e-01	1.832981e-03	1.088095e-09	-1.000000e+00	0.000000e+00
4.384411e+00	7.527461e-02	2.976351e-03	2.871624e-09	-1.000000e+00	0.000000e+00
4.384411e+00	2.854858e-02	4.832930e-03	7.580004e-09	-1.000000e+00	0.000000e+00
4.384411e+00	1.082730e-02	7.847600e-03	2.000789e-08	-1.000000e+00	0.000000e+00
4.384411e+00	4.106364e-03	1.274275e-02	5.280284e-08	-1.000000e+00	0.000000e+00
4.384411e+00	1.557389e-03	2.069138e-02	1.393204e-07	-1.000000e+00	0.000000e+00
4.384411e+00	5.906619e-04	3.359818e-02	3.675206e-07	-1.000000e+00	0.000000e+00
4.384411e+00	2.240179e-04	5.455595e-02	9.693437e-07	-1.000000e+00	0.000000e+00
4.384411e+00	8.496256e-05	8.858668e-02	2.556369e-06	-1.000000e+00	0.000000e+00
4.384411e+00	3.222355e-05	1.438450e-01	6.741171e-06	-1.000000e+00	0.000000e+00
4.384411e+00	1.222137e-05	2.335721e-01	1.777564e-05	-1.000000e+00	0.000000e+00
4.384411e+00	4.635180e-06	3.792690e-01	4.687066e-05	-1.000000e+00	0.000000e+00
4.384411e+00	1.757979e-06	6.158482e-01	1.235857e-04	-1.000000e+00	0.000000e+00
4.384411e+00	6.667465e-07	1.000000e+00	3.258589e-04	-1.000000e+00	0.000000e+00
4.682099e+00	5.810076e+01	1.000000e-04	2.020084e-12	-1.000000e+00	0.000000e+00
4.682099e+00	2.203583e+01	1.623777e-04	5.326272e-12	-1.000000e+00	0.000000e+00
4.682099e+00	8.357510e+00	2.636651e-04	1.404367e-11	-1.000000e+00	0.000000e+00
4.682099e+00	3.169747e+00	4.281332e-04	3.702960e-11	-1.000000e+00	0.000000e+00
4.682099e+00	1.202186e+00	6.951928e-04	9.764532e-11	-1.000000e+00	0.000000e+00
4.682099e+00	4.559496e-01	1.128838e-03	2.575337e-10	-1.000000e+00	0.000000e+00
4.682099e+00	1.729250e-01	1.832981e-03	6.794377e-10	-1.000000e+00	0.000000e+00
4.682099e+00	6.558340e-02	2.976351e-03	1.793111e-09	-1.000000e+00	0.000000e+00
4.682099e+00	2.487291e-02	4.832930e-03	4.733103e-09	-1.000000e+00	0.000000e+00
4.682099e+00	9.433200e-03	7.847600e-03	1.249324e-08	-1.000000e+00	0.000000e+00
4.682099e+00	3.577615e-03	1.274275e-02	3.297080e-08	-1.000000e+00	0.000000e+00
4.682099e+00	1.356848e-03	2.069138e-02	8.699329e-08	-1.000000e+00	0.000000e+00
4.682099e+00	5.146020e-04	3.359818e-02	2.294837e-07	-1.000000e+00	0.000000e+00
4.682099e+00	1.951705e-04	5.455595e-02	6.052674e-07	-1.000000e+00	0.000000e+00
4.682099e+00	7.402159e-05	8.858668e-02	1.596220e-06	-1.000000e+00	0.000000e+00
4.682099e+00	2.807397e-05	1.438450e-01	4.209246e-06	-1.000000e+00	0.000000e+00
4.682099e+00	1.064756e-05	2.335721e-01	1.109926e-05	-1.000000e+00	0.000000e+00
4.682099e+00	4.038282e-06	3.792690e-01	2.926643e-05	-1.000000e+00	0.000000e+00
4.682099e+00	1.531593e-06	6.158482e-01	7.716792e-05	-1.000000e+00	0.000000e+00
4.682099e+00	5.808855e-07	1.000000e+00	2.034690e-04	-1.000000e+00	0.000000e+00
5.000000e+00	5.134511e+01	1.000000e-04	  nan	-1.000000e+00	0.000000e+00
5.000000e+00	1.947362e+01	1.623777e-04	  nan	-1.000000e+00	0.000000e+00
5.000000e+00	7.385743e+00	2.636651e-04	  nan	-1.000000e+00	0.000000e+00
5.000000e+00	2.801185e+00	4.281332e-04	  nan	-1.000000e+00	0.000000e+00
5.000000e+00	1.062402e+00	6.951928e-04	  nan	-1.000000e+00	0.000000e+00
5.000000e+00	4.029335e-01	1.128838e-03	  nan	-1.000000e+00	0.000000e+00
5.000000e+00	1.528175e-01	1.832981e-03	  nan	-1.000000e+00	0.000000e+00
5.000000e+00	5.795713e-02	2.976351e-03	  nan	-1.000000e+00	0.000000e+00
5.000000e+00	2.198046e-02	4.832930e-03	  nan	-1.000000e+00	0.000000e+00
5.000000e+00	8.336168e-03	7.847600e-03	  nan	-1.000000e+00	0.000000e+00
5.000000e+00	3.161539e-03	1.274275e-02	  nan	-1.000000e+00	0.000000e+00
5.000000e+00	1.199042e-03	2.069138e-02	  nan	-1.000000e+00	0.000000e+00
5.000000e+00	4.547507e-04	3.359818e-02	  nan	-1.000000e+00	0.000000e+00
5.000000e+00	1.724707e-04	5.455595e-02	  nan	-1.000000e+00	0.000000e+00
5.000000e+00	6.541224e-05	8.858668e-02	  nan	-1.000000e+00	0.000000e+00
5.000000e+00	2.480870e-05	1.438450e-01	  nan	-1.000000e+00	0.000000e+00
5.000000e+00	9.409141e-06	2.335721e-01	  nan	-1.000000e+00	0.000000e+00
5.000000e+00	3.568588e-06	3.792690e-01	  nan	-1.000000e+00	0.000000e+00
5.000000e+00	1.353453e-06	6.158482e-01	  nan	-1.000000e+00	0.000000e+00
5.000000e+00	5.133225e-07	1.000000e+00	  nan	-1.000000e+00	0.000000e+00
