#m [GeV],  tau [ps], c, BRexp(B+->K+mumu)

-1.0000000

-1.0000000

-1.0000000

-1.0000000

-1.0000000

-1.0000000

-1.0000000

-1.0000000

-1.0000000

-1.0000000

-1.0000000

-1.0000000

-1.0000000

-1.0000000

-1.0000000

-1.0000000

-1.0000000

-1.0000000

-1.0000000

-1.0000000

-1.0000000

-1.0000000

-1.0000000

-1.0000000

-1.0000000

-1.0000000

-1.0000000

-1.0000000

-1.0000000

-1.0000000

-1.0000000

-1.0000000

-1.0000000

-1.0000000

-1.0000000

-1.0000000

-1.0000000

-1.0000000

-1.0000000

-1.0000000

1.8482633e-08

1.3968303e-08

1.0724293e-08

8.4503810e-09

6.9827113e-09

6.0234870e-09

5.3146571e-09

4.7837612e-09

4.5069703e-09

4.4263882e-09

4.3188356e-09

4.1462559e-09

4.0056459e-09

3.9229935e-09

3.8827469e-09

3.8681800e-09

3.8664638e-09

3.8700339e-09

3.8750730e-09

3.8799121e-09

3.4572979e-09

2.6267692e-09

2.0780491e-09

1.6789079e-09

1.3755536e-09

1.1981548e-09

1.1227703e-09

1.1070099e-09

1.1223770e-09

1.1980636e-09

1.3570599e-09

1.5003713e-09

1.5613147e-09

1.5652027e-09

1.5527299e-09

1.5410019e-09

1.5328561e-09

1.5277040e-09

1.5245495e-09

1.5226225e-09

4.9181602e-09

3.8189897e-09

3.0711594e-09

2.4558776e-09

2.0389329e-09

1.8805188e-09

1.8669003e-09

1.8211129e-09

1.7651277e-09

1.9509467e-09

2.2512695e-09

2.2530736e-09

1.9850843e-09

1.6832463e-09

1.4970501e-09

1.4108147e-09

1.3828579e-09

1.3828287e-09

1.3936172e-09

1.4068723e-09

2.1379159e-09

1.7225421e-09

1.3932491e-09

1.1305675e-09

9.9800264e-10

9.7059393e-10

1.0011183e-09

1.0582664e-09

1.1497748e-09

1.2764668e-09

1.3891664e-09

1.4619266e-09

1.5021951e-09

1.5185696e-09

1.5211264e-09

1.5174956e-09

1.5119429e-09

1.5064578e-09

1.5018012e-09

1.4981285e-09

1.8329898e-09

1.4779251e-09

1.2368544e-09

1.1057011e-09

1.0673546e-09

1.0914424e-09

1.1892940e-09

1.3718652e-09

1.7259797e-09

2.1321423e-09

2.4012840e-09

2.5327252e-09

2.5845778e-09

2.6004743e-09

2.6015374e-09

2.5973308e-09

2.5919580e-09

2.5870044e-09

2.5829587e-09

2.5798442e-09

1.9397669e-09

1.5776112e-09

1.2946732e-09

1.2313266e-09

1.3281665e-09

1.4508352e-09

1.5425132e-09

1.9096292e-09

2.6104648e-09

3.1661946e-09

3.3839807e-09

3.3948433e-09

3.3564456e-09

3.3224134e-09

3.3003207e-09

3.2874868e-09

3.2803986e-09

3.2765688e-09

3.2745161e-09

3.2734096e-09

1.7899057e-09

1.4650168e-09

1.2911312e-09

1.3056778e-09

1.4385097e-09

1.6597415e-09

2.0268102e-09

2.7313874e-09

3.4853173e-09

3.9137959e-09

4.0598600e-09

4.0778256e-09

4.0622789e-09

4.0425498e-09

4.0260906e-09

4.0138492e-09

4.0051263e-09

3.9990082e-09

3.9947497e-09

3.9917881e-09

1.4795292e-09

1.1777429e-09

1.1454572e-09

1.2998111e-09

1.4149578e-09

1.4364810e-09

1.8096288e-09

2.5631193e-09

3.1213786e-09

3.3111749e-09

3.2937430e-09

3.2407330e-09

3.2012436e-09

3.1784824e-09

3.1669800e-09

3.1617931e-09

3.1598005e-09

3.1592872e-09

3.1593868e-09

3.1596898e-09

1.1646379e-09

1.0103290e-09

1.0267785e-09

1.0890064e-09

1.0545305e-09

1.0338873e-09

1.2022584e-09

1.3922021e-09

1.4029585e-09

1.2884901e-09

1.1750971e-09

1.1106438e-09

1.0837635e-09

1.0776335e-09

1.0808081e-09

1.0871091e-09

1.0936578e-09

1.0993404e-09

1.1038647e-09

1.1073043e-09

1.1237922e-09

1.1473384e-09

1.3278130e-09

1.4853039e-09

1.6118928e-09

2.1339907e-09

2.9815503e-09

3.5868998e-09

3.8275216e-09

3.8636859e-09

3.8443146e-09

3.8190397e-09

3.7990586e-09

3.7851548e-09

3.7758652e-09

3.7697186e-09

3.7656382e-09

3.7629048e-09

3.7610605e-09

3.7598050e-09

1.1473936e-09

1.2292712e-09

1.3773196e-09

1.5615093e-09

1.9513134e-09

2.7120279e-09

3.4568172e-09

3.8724461e-09

4.0286755e-09

4.0651657e-09

4.0600763e-09

4.0433192e-09

4.0257334e-09

4.0107894e-09

3.9991150e-09

3.9903780e-09

3.9839970e-09

3.9794004e-09

3.9761268e-09

3.9738079e-09

9.4278575e-10

1.1093869e-09

1.1484749e-09

1.0816571e-09

1.2939905e-09

1.7128557e-09

1.9016656e-09

1.8266064e-09

1.6661036e-09

1.5548750e-09

1.4998361e-09

1.4800809e-09

1.4780089e-09

1.4831902e-09

1.4903525e-09

1.4971926e-09

1.5029052e-09

1.5073710e-09

1.5107227e-09

1.5131808e-09

1.0873154e-09

1.1790396e-09

1.1444914e-09

1.2449028e-09

1.6612522e-09

2.0281586e-09

2.1087175e-09

2.0103947e-09

1.9039169e-09

1.8406244e-09

1.8119793e-09

1.8030585e-09

1.8034324e-09

1.8073312e-09

1.8119715e-09

1.8161981e-09

1.8196490e-09

1.8223126e-09

1.8242963e-09

1.8257438e-09

1.1028370e-09

1.1081063e-09

1.0827827e-09

1.3361576e-09

1.7352479e-09

1.8934207e-09

1.8168489e-09

1.6761399e-09

1.5815035e-09

1.5350593e-09

1.5183474e-09

1.5164618e-09

1.5206495e-09

1.5265096e-09

1.5321225e-09

1.5368156e-09

1.5404820e-09

1.5432400e-09

1.5452614e-09

1.5467211e-09

1.1321056e-09

1.0539896e-09

1.1246798e-09

1.4882678e-09

1.7686868e-09

1.7796506e-09

1.6436953e-09

1.5242751e-09

1.4581526e-09

1.4302778e-09

1.4231437e-09

1.4253515e-09

1.4308120e-09

1.4366742e-09

1.4418181e-09

1.4459406e-09

1.4490853e-09

1.4514167e-09

1.4531093e-09

1.4543242e-09

1.6287007e-09

2.1508031e-09

2.9463119e-09

3.7878003e-09

4.4094137e-09

4.8001139e-09

5.0036960e-09

5.0755347e-09

5.0779026e-09

5.0517177e-09

5.0182590e-09

4.9869528e-09

4.9609856e-09

4.9408024e-09

4.9256756e-09

4.9145968e-09

4.9066031e-09

4.9008856e-09

4.8968321e-09

4.8939691e-09

1.3104545e-09

1.6168852e-09

2.2451518e-09

2.7564032e-09

2.9848361e-09

3.0315010e-09

3.0167987e-09

2.9897139e-09

2.9647956e-09

2.9451884e-09

2.9306629e-09

2.9202015e-09

2.9127575e-09

2.9075078e-09

2.9038176e-09

2.9012291e-09

2.8994157e-09

2.8981446e-09

2.8972561e-09

2.8966346e-09

1.2912556e-09

1.6932475e-09

2.1748003e-09

2.3861343e-09

2.3746689e-09

2.2941532e-09

2.2254769e-09

2.1796046e-09

2.1515178e-09

2.1347750e-09

2.1248114e-09

2.1188139e-09

2.1151272e-09

2.1128147e-09

2.1113310e-09

2.1103604e-09

2.1097149e-09

2.1092794e-09

2.1089833e-09

2.1087802e-09

-1.0000000

-1.0000000

-1.0000000

-1.0000000

-1.0000000

-1.0000000

-1.0000000

-1.0000000

-1.0000000

-1.0000000

-1.0000000

-1.0000000

-1.0000000

-1.0000000

-1.0000000

-1.0000000

-1.0000000

-1.0000000

-1.0000000

-1.0000000

-1.0000000

-1.0000000

-1.0000000

-1.0000000

-1.0000000

-1.0000000

-1.0000000

-1.0000000

-1.0000000

-1.0000000

-1.0000000

-1.0000000

-1.0000000

-1.0000000

-1.0000000

-1.0000000

-1.0000000

-1.0000000

-1.0000000

-1.0000000

1.6582505e-09

1.8559547e-09

1.9635254e-09

2.0077811e-09

2.0148205e-09

2.0047012e-09

1.9891646e-09

1.9737431e-09

1.9606316e-09

1.9502757e-09

1.9424369e-09

1.9366623e-09

1.9324736e-09

1.9294752e-09

1.9273438e-09

1.9258364e-09

1.9247742e-09

1.9240265e-09

1.9235023e-09

1.9231348e-09

1.3561943e-09

1.4650523e-09

1.5370823e-09

1.5762487e-09

1.5931218e-09

1.5979592e-09

1.5973547e-09

1.5947718e-09

1.5918444e-09

1.5892251e-09

1.5871053e-09

1.5854804e-09

1.5842720e-09

1.5833928e-09

1.5827609e-09

1.5823108e-09

1.5819920e-09

1.5817668e-09

1.5816086e-09

1.5814975e-09

3.6868135e-09

4.0476577e-09

4.2444537e-09

4.3336120e-09

4.3648248e-09

4.3687018e-09

4.3617860e-09

4.3519170e-09

4.3424715e-09

4.3345853e-09

4.3284311e-09

4.3238141e-09

4.3204264e-09

4.3179833e-09

4.3162378e-09

4.3149993e-09

4.3141245e-09

4.3135077e-09

4.3130748e-09

4.3127712e-09

-1.0000000

-1.0000000

-1.0000000

-1.0000000

-1.0000000

-1.0000000

-1.0000000

-1.0000000

-1.0000000

-1.0000000

-1.0000000

-1.0000000

-1.0000000

-1.0000000

-1.0000000

-1.0000000

-1.0000000

-1.0000000

-1.0000000

-1.0000000

1.9811947e-09

2.1014065e-09

2.1612632e-09

2.1827724e-09

2.1849453e-09

2.1791829e-09

2.1712548e-09

2.1636924e-09

2.1573774e-09

2.1524470e-09

2.1487439e-09

2.1460281e-09

2.1440671e-09

2.1426654e-09

2.1416705e-09

2.1409675e-09

2.1404725e-09

2.1401247e-09

2.1398806e-09

2.1397096e-09

1.3792951e-09

1.3639912e-09

1.3562650e-09

1.3539841e-09

1.3544839e-09

1.3560513e-09

1.3578087e-09

1.3593834e-09

1.3606610e-09

1.3616432e-09

1.3623742e-09

1.3629073e-09

1.3632908e-09

1.3635642e-09

1.3637580e-09

1.3638947e-09

1.3639910e-09

1.3640585e-09

1.3641059e-09

1.3641391e-09

2.9836420e-09

2.9151386e-09

2.8774468e-09

2.8605346e-09

2.8548322e-09

2.8543590e-09

2.8559203e-09

2.8579979e-09

2.8599521e-09

2.8615705e-09

2.8628276e-09

2.8637687e-09

2.8644574e-09

2.8649539e-09

2.8653083e-09

2.8655598e-09

2.8657373e-09

2.8658623e-09

2.8659501e-09

2.8660117e-09

2.3863353e-09

2.3749000e-09

2.3629614e-09

2.3529635e-09

2.3452462e-09

2.3395348e-09

2.3353967e-09

2.3324336e-09

2.3303316e-09

2.3288470e-09

2.3278018e-09

2.3270678e-09

2.3265528e-09

2.3261920e-09

2.3259394e-09

2.3257627e-09

2.3256390e-09

2.3255525e-09

2.3254920e-09

2.3254497e-09

1.8245486e-09

1.8141656e-09

1.8035106e-09

1.7943382e-09

1.7870450e-09

1.7815168e-09

1.7774376e-09

1.7744767e-09

1.7723560e-09

1.7708479e-09

1.7697810e-09

1.7690291e-09

1.7685002e-09

1.7681291e-09

1.7678690e-09

1.7676869e-09

1.7675593e-09

1.7674701e-09

1.7674076e-09

1.7673640e-09

2.4259867e-09

2.4219338e-09

2.4153534e-09

2.4088463e-09

2.4033260e-09

2.3989906e-09

2.3957225e-09

2.3933175e-09

2.3915799e-09

2.3903369e-09

2.3894539e-09

2.3888300e-09

2.3883902e-09

2.3880813e-09

2.3878645e-09

2.3877126e-09

2.3876062e-09

2.3875317e-09

2.3874796e-09

2.3874432e-09

3.1169493e-09

3.1178565e-09

3.1137207e-09

3.1083823e-09

3.1034029e-09

3.0993061e-09

3.0961353e-09

3.0937635e-09

3.0920322e-09

3.0907852e-09

3.0898953e-09

3.0892645e-09

3.0888189e-09

3.0885055e-09

3.0882853e-09

3.0881309e-09

3.0880228e-09

3.0879470e-09

3.0878939e-09

3.0878569e-09

2.2267423e-09

2.2276889e-09

2.2332002e-09

2.2396154e-09

2.2454342e-09

2.2501668e-09

2.2538097e-09

2.2565270e-09

2.2585070e-09

2.2599317e-09

2.2609477e-09

2.2616675e-09

2.2621759e-09

2.2625334e-09

2.2627845e-09

2.2629605e-09

2.2630839e-09

2.2631703e-09

2.2632308e-09

2.2632731e-09

2.0043892e-09

2.0075097e-09

2.0097574e-09

2.0113714e-09

2.0125289e-09

2.0133516e-09

2.0139344e-09

2.0143465e-09

2.0146362e-09

2.0148398e-09

2.0149826e-09

2.0150826e-09

2.0151528e-09

2.0152018e-09

2.0152361e-09

2.0152601e-09

2.0152769e-09

2.0152887e-09

2.0152969e-09

2.0153026e-09

3.1723483e-09

3.1780076e-09

3.1836931e-09

3.1885545e-09

3.1924153e-09

3.1953382e-09

3.1974942e-09

3.1990603e-09

3.2001814e-09

3.2009787e-09

3.2015429e-09

3.2019404e-09

3.2022201e-09

3.2024164e-09

3.2025539e-09

3.2026502e-09

3.2027177e-09

3.2027649e-09

3.2027979e-09

3.2028210e-09

3.1789816e-09

3.1780190e-09

3.1766510e-09

3.1753547e-09

3.1742782e-09

3.1734444e-09

3.1728214e-09

3.1723652e-09

3.1720371e-09

3.1718030e-09

3.1716370e-09

3.1715198e-09

3.1714373e-09

3.1713794e-09

3.1713388e-09

3.1713103e-09

3.1712904e-09

3.1712765e-09

3.1712667e-09

3.1712599e-09

4.5292453e-09

4.5259223e-09

4.5228892e-09

4.5204257e-09

4.5185286e-09

4.5171213e-09

4.5160969e-09

4.5153594e-09

4.5148348e-09

4.5144632e-09

4.5142011e-09

4.5140168e-09

4.5138873e-09

4.5137965e-09

4.5137329e-09

4.5136884e-09

4.5136573e-09

4.5136355e-09

4.5136202e-09

4.5136096e-09

3.4712999e-09

3.4638891e-09

3.4579159e-09

3.4533602e-09

3.4499755e-09

3.4475195e-09

3.4457570e-09

3.4444997e-09

3.4436109e-09

3.4429842e-09

3.4425433e-09

3.4422339e-09

3.4420168e-09

3.4418648e-09

3.4417584e-09

3.4416839e-09

3.4416319e-09

3.4415954e-09

3.4415699e-09

3.4415521e-09

3.7738930e-09

3.7730478e-09

3.7724497e-09

3.7720308e-09

3.7717376e-09

3.7715332e-09

3.7713905e-09

3.7712908e-09

3.7712212e-09

3.7711726e-09

3.7711386e-09

3.7711149e-09

3.7710983e-09

3.7710867e-09

3.7710786e-09

3.7710730e-09

3.7710690e-09

3.7710662e-09

3.7710643e-09

3.7710629e-09

4.0813242e-09

4.0882336e-09

4.0936214e-09

4.0976631e-09

4.1006274e-09

4.1027664e-09

4.1042948e-09

4.1053801e-09

4.1061466e-09

4.1066863e-09

4.1070655e-09

4.1073315e-09

4.1075179e-09

4.1076485e-09

4.1077399e-09

4.1078038e-09

4.1078485e-09

4.1078798e-09

4.1079017e-09

4.1079169e-09

-1.0000000

-1.0000000

-1.0000000

-1.0000000

-1.0000000

-1.0000000

-1.0000000

-1.0000000

-1.0000000

-1.0000000

-1.0000000

-1.0000000

-1.0000000

-1.0000000

-1.0000000

-1.0000000

-1.0000000

-1.0000000

-1.0000000

-1.0000000

-1.0000000

-1.0000000

-1.0000000

-1.0000000

-1.0000000

-1.0000000

-1.0000000

-1.0000000

-1.0000000

-1.0000000

-1.0000000

-1.0000000

-1.0000000

-1.0000000

-1.0000000

-1.0000000

-1.0000000

-1.0000000

-1.0000000

-1.0000000

6.2792112e-09

6.2808770e-09

6.2821208e-09

6.2830296e-09

6.2836846e-09

6.2841520e-09

6.2844835e-09

6.2847176e-09

6.2848824e-09

6.2849981e-09

6.2850793e-09

6.2851362e-09

6.2851760e-09

6.2852039e-09

6.2852234e-09

6.2852370e-09

6.2852466e-09

6.2852533e-09

6.2852579e-09

6.2852612e-09

9.0157541e-09

9.0158376e-09

9.0159287e-09

9.0160088e-09

9.0160730e-09

9.0161220e-09

9.0161583e-09

9.0161846e-09

9.0162035e-09

9.0162169e-09

9.0162264e-09

9.0162331e-09

9.0162378e-09

9.0162411e-09

9.0162435e-09

9.0162451e-09

9.0162462e-09

9.0162470e-09

9.0162476e-09

9.0162480e-09

-1.0000000

-1.0000000

-1.0000000

-1.0000000

-1.0000000

-1.0000000

-1.0000000

-1.0000000

-1.0000000

-1.0000000

-1.0000000

-1.0000000

-1.0000000

-1.0000000

-1.0000000

-1.0000000

-1.0000000

-1.0000000

-1.0000000

-1.0000000

5.2718550e-09

5.2734410e-09

5.2745790e-09

5.2753892e-09

5.2759625e-09

5.2763670e-09

5.2766514e-09

5.2768510e-09

5.2769910e-09

5.2770891e-09

5.2771577e-09

5.2772057e-09

5.2772393e-09

5.2772628e-09

5.2772793e-09

5.2772908e-09

5.2772988e-09

5.2773044e-09

5.2773083e-09

5.2773111e-09

-1.0000000

-1.0000000

-1.0000000

-1.0000000

-1.0000000

-1.0000000

-1.0000000

-1.0000000

-1.0000000

-1.0000000

-1.0000000

-1.0000000

-1.0000000

-1.0000000

-1.0000000

-1.0000000

-1.0000000

-1.0000000

-1.0000000

-1.0000000

-1.0000000

-1.0000000

-1.0000000

-1.0000000

-1.0000000

-1.0000000

-1.0000000

-1.0000000

-1.0000000

-1.0000000

-1.0000000

-1.0000000

-1.0000000

-1.0000000

-1.0000000

-1.0000000

-1.0000000

-1.0000000

-1.0000000

-1.0000000

-1.0000000

-1.0000000

-1.0000000

-1.0000000

-1.0000000

-1.0000000

-1.0000000

-1.0000000

-1.0000000

-1.0000000

-1.0000000

-1.0000000

-1.0000000

-1.0000000

-1.0000000

-1.0000000

-1.0000000

-1.0000000

-1.0000000

-1.0000000
