#m [GeV],  tau [ps], c, BRexp(B+->K+mumu)

-1.0000000

-1.0000000

-1.0000000

-1.0000000

-1.0000000

-1.0000000

-1.0000000

-1.0000000

-1.0000000

-1.0000000

-1.0000000

-1.0000000

-1.0000000

-1.0000000

-1.0000000

-1.0000000

-1.0000000

-1.0000000

-1.0000000

-1.0000000

-1.0000000

-1.0000000

-1.0000000

-1.0000000

-1.0000000

-1.0000000

-1.0000000

-1.0000000

-1.0000000

-1.0000000

-1.0000000

-1.0000000

-1.0000000

-1.0000000

-1.0000000

-1.0000000

-1.0000000

-1.0000000

-1.0000000

-1.0000000

9.5361311e-05

5.8821308e-05

3.6318346e-05

2.2460154e-05

1.3925960e-05

8.6707565e-06

5.4352589e-06

3.4441530e-06

2.2203062e-06

1.4704262e-06

1.0147379e-06

7.2770352e-07

4.4930092e-07

2.7843657e-07

1.7299106e-07

1.0795465e-07

6.7919944e-08

4.3217357e-08

2.7872166e-08

1.8482633e-08

1.7684661e-05

1.0912141e-05

6.7413323e-06

4.1728064e-06

2.5910797e-06

1.6171302e-06

1.0175746e-06

6.4874252e-07

4.2224934e-07

2.8381264e-07

2.0022760e-07

1.3498768e-07

8.3318451e-08

5.1617895e-08

3.2080459e-08

2.0040962e-08

1.2616747e-08

8.0587888e-09

5.2296189e-09

3.4572979e-09

2.4525360e-05

1.5139491e-05

9.3592942e-06

5.7996906e-06

3.6077101e-06

2.2580984e-06

1.4274534e-06

9.1672889e-07

6.0353512e-07

4.1279887e-07

2.9872211e-07

1.8739011e-07

1.1564425e-07

7.1717246e-08

4.4704018e-08

2.7963838e-08

1.7643256e-08

1.1398518e-08

7.4300513e-09

4.9181602e-09

9.7214462e-06

6.0041079e-06

3.7148350e-06

2.3050608e-06

1.4369678e-06

9.0253911e-07

5.7371136e-07

3.7168751e-07

2.4805225e-07

1.7315976e-07

1.2032907e-07

7.4335750e-08

4.5958236e-08

2.8581072e-08

1.7869256e-08

1.1224239e-08

7.1255832e-09

4.6137143e-09

3.0605111e-09

2.1379159e-09

7.5188018e-06

4.6466033e-06

2.8778145e-06

1.7885893e-06

1.1179221e-06

7.0510399e-07

4.5121252e-07

2.9540665e-07

2.0034320e-07

1.4321048e-07

9.3025606e-08

5.7551613e-08

3.5662082e-08

2.2215643e-08

1.3941038e-08

8.8400354e-09

5.6485329e-09

3.7118159e-09

2.5566005e-09

1.8329898e-09

7.0135946e-06

4.3376541e-06

2.6897491e-06

1.6750002e-06

1.0502483e-06

6.6578668e-07

4.2948751e-07

2.8472346e-07

1.9678958e-07

1.4056600e-07

8.6849002e-08

5.3708516e-08

3.3370944e-08

2.0917555e-08

1.3132590e-08

8.3702142e-09

5.5041243e-09

3.6811560e-09

2.5582226e-09

1.9397669e-09

5.8292666e-06

3.6084934e-06

2.2409178e-06

1.3988345e-06

8.8045907e-07

5.6157530e-07

3.6576881e-07

2.4611247e-07

1.7390571e-07

1.1685750e-07

7.2176127e-08

4.4721567e-08

2.7883069e-08

1.7498916e-08

1.1010632e-08

7.1416267e-09

4.7369042e-09

3.1462716e-09

2.2704296e-09

1.7899057e-09

4.3996110e-06

2.7265257e-06

1.6962522e-06

1.0619114e-06

6.7149900e-07

4.3146176e-07

2.8427796e-07

1.9466765e-07

1.4111299e-07

8.8130824e-08

5.4501869e-08

3.3863944e-08

2.1179612e-08

1.3333610e-08

8.5028293e-09

5.5806586e-09

3.6845235e-09

2.4970020e-09

1.9458076e-09

1.4795292e-09

3.2678320e-06

2.0278800e-06

1.2643599e-06

7.9431322e-07

5.0510478e-07

3.2743191e-07

2.1871547e-07

1.5288682e-07

1.0581247e-07

6.5446233e-08

4.0574485e-08

2.5259257e-08

1.5817225e-08

1.0021816e-08

6.4449882e-09

4.2117692e-09

2.7931265e-09

1.9956198e-09

1.5737562e-09

1.1646379e-09

2.7052997e-06

1.6815552e-06

1.0512089e-06

6.6321385e-07

4.2459636e-07

2.7817585e-07

1.8885881e-07

1.3521163e-07

8.7510591e-08

5.4179222e-08

3.3673509e-08

2.1059198e-08

1.3250863e-08

8.4476599e-09

5.5341465e-09

3.6886660e-09

2.5090422e-09

1.8993934e-09

1.4740230e-09

1.1237922e-09

1.9857724e-06

1.2367764e-06

7.7564383e-07

4.9187560e-07

3.1747306e-07

2.1064219e-07

1.4577179e-07

1.0372428e-07

6.4169691e-08

3.9778409e-08

2.4750731e-08

1.5503164e-08

9.8364813e-09

6.3418117e-09

4.1595098e-09

2.8170057e-09

2.0127070e-09

1.5494842e-09

1.2416334e-09

1.1473936e-09

1.4661916e-06

9.1538405e-07

5.7631748e-07

3.6774283e-07

2.3967934e-07

1.6143529e-07

1.1424265e-07

7.6483903e-08

4.7318886e-08

2.9360666e-08

1.8333628e-08

1.1532187e-08

7.3265211e-09

4.8193349e-09

3.2311021e-09

2.1651397e-09

1.6550124e-09

1.3608844e-09

9.6208653e-10

9.4278575e-10

1.1800604e-06

7.3890959e-07

4.6740234e-07

3.0047832e-07

1.9813650e-07

1.3584542e-07

9.8646067e-08

6.1392313e-08

3.7976908e-08

2.3630634e-08

1.4849132e-08

9.4209473e-09

6.0589120e-09

3.9920272e-09

2.6735388e-09

1.8720344e-09

1.5052470e-09

1.1942455e-09

9.8398977e-10

1.0873154e-09

9.4295354e-07

5.9254543e-07

3.7695275e-07

2.4451335e-07

1.6348825e-07

1.1444832e-07

7.8885464e-08

4.8816501e-08

3.0316501e-08

1.8941608e-08

1.1934208e-08

7.5981504e-09

4.9307972e-09

3.2833228e-09

2.2399088e-09

1.6569807e-09

1.3480249e-09

1.0497054e-09

9.7751424e-10

1.1028370e-09

7.3741072e-07

4.6538262e-07

2.9809093e-07

1.9544709e-07

1.3284966e-07

9.5276035e-08

6.1488389e-08

3.8005913e-08

2.3618392e-08

1.4829685e-08

9.3690699e-09

5.9783122e-09

3.9593650e-09

2.6928884e-09

1.8867229e-09

1.5050275e-09

1.2007297e-09

9.1167036e-10

9.8768344e-10

1.1321056e-09

6.1859566e-07

3.9243481e-07

2.5344505e-07

1.6831863e-07

1.1664730e-07

8.2682739e-08

5.1193191e-08

3.1796601e-08

1.9858856e-08

1.2498681e-08

7.9256555e-09

5.1573733e-09

3.4960558e-09

2.4382946e-09

1.7634292e-09

1.3727438e-09

1.2651811e-09

1.2735756e-09

1.2922414e-09

1.6287007e-09

4.7914412e-07

3.0588247e-07

1.9950971e-07

1.3453235e-07

9.5363837e-08

6.3483868e-08

3.9337627e-08

2.4487674e-08

1.5355304e-08

9.7077138e-09

6.2139255e-09

4.1315631e-09

2.8352739e-09

1.9929108e-09

1.5542518e-09

1.3008639e-09

1.0621901e-09

1.0851453e-09

1.2478252e-09

1.3104545e-09

3.7764708e-07

2.4291844e-07

1.6032604e-07

1.1007205e-07

8.0032419e-08

4.9435819e-08

3.0795756e-08

1.9244467e-08

1.2075721e-08

7.6730960e-09

5.0234450e-09

3.4305891e-09

2.3537924e-09

1.6802947e-09

1.4225268e-09

1.1548713e-09

9.6316647e-10

1.0974620e-09

1.2254526e-09

1.2912556e-09

3.0808410e-07

1.9998257e-07

1.3385954e-07

9.3858700e-08

6.4478425e-08

3.9932444e-08

2.4825966e-08

1.5562963e-08

9.8520793e-09

6.2965072e-09

4.1666240e-09

2.8567188e-09

1.9822762e-09

1.5121274e-09

1.2896866e-09

1.0428652e-09

1.0233354e-09

1.2028765e-09

-1.0000000

-1.0000000

2.2954532e-07

1.5063343e-07

1.0252252e-07

7.3665588e-08

4.7278382e-08

2.9316874e-08

1.8290789e-08

1.1529183e-08

7.3313747e-09

4.7441737e-09

3.2119929e-09

2.2253473e-09

1.5850711e-09

1.3034573e-09

1.1025347e-09

9.2937107e-10

1.0233743e-09

1.1868883e-09

-1.0000000

-1.0000000

1.8043865e-07

1.1995739e-07

8.3261061e-08

5.8836004e-08

3.6467248e-08

2.2679250e-08

1.4252770e-08

9.0666805e-09

5.7768371e-09

3.7919325e-09

2.6185077e-09

1.8439648e-09

1.3852829e-09

1.1857655e-09

1.0515070e-09

1.0057857e-09

1.0604977e-09

1.1485293e-09

1.3170560e-09

1.6582505e-09

1.3431623e-07

9.0683649e-08

6.4398402e-08

4.2514737e-08

2.6513580e-08

1.6612961e-08

1.0429410e-08

6.6446347e-09

4.3648872e-09

2.9109502e-09

2.0175462e-09

1.4982379e-09

1.1675911e-09

9.8814019e-10

9.4869954e-10

9.4198138e-10

9.4644369e-10

1.0008827e-09

1.1552853e-09

1.3561943e-09

1.1272172e-07

7.7503175e-08

5.6140639e-08

3.4804413e-08

2.1608853e-08

1.3537805e-08

8.6000077e-09

5.5435512e-09

3.6336453e-09

2.4485077e-09

1.7547812e-09

1.3733769e-09

1.1920771e-09

1.0507192e-09

9.8569645e-10

1.0696064e-09

1.3334823e-09

1.8644638e-09

2.8433656e-09

3.6868135e-09

8.2194942e-08

5.7806120e-08

3.9427120e-08

2.4457174e-08

1.5252684e-08

9.6211959e-09

6.1435132e-09

3.9692063e-09

2.6895137e-09

1.8977024e-09

1.3510435e-09

1.0862865e-09

9.7495090e-10

8.0480056e-10

8.3212212e-10

1.0162845e-09

-1.0000000

-1.0000000

-1.0000000

-1.0000000

6.7534097e-08

4.8690526e-08

3.0942554e-08

1.9338393e-08

1.2111607e-08

7.6085984e-09

4.8983526e-09

3.2425651e-09

2.1550274e-09

1.5597409e-09

1.2529407e-09

9.9364438e-10

8.8760319e-10

9.1003967e-10

8.8617835e-10

9.2684810e-10

1.1617765e-09

1.4569855e-09

1.7377740e-09

1.9811947e-09

6.6178947e-08

4.6434664e-08

2.8816946e-08

1.7966619e-08

1.1333179e-08

7.2642632e-09

4.7326349e-09

3.1504978e-09

2.1855393e-09

1.6317356e-09

1.2937636e-09

1.0720254e-09

9.8158321e-10

9.6586662e-10

9.7817951e-10

1.0501653e-09

1.1816529e-09

1.3365250e-09

1.3960258e-09

1.3792951e-09

6.1108491e-08

4.0414761e-08

2.5014600e-08

1.5614414e-08

9.9405003e-09

6.4268341e-09

4.2163418e-09

2.9035925e-09

2.0748355e-09

1.5378264e-09

1.3527275e-09

1.2153440e-09

9.8956378e-10

1.1380097e-09

1.4434600e-09

1.5618602e-09

2.1489880e-09

2.9235147e-09

3.0963792e-09

2.9836420e-09

4.6857907e-08

2.9120625e-08

1.8089542e-08

1.1385863e-08

7.3026223e-09

4.7298338e-09

3.1689240e-09

2.2596918e-09

1.6539427e-09

1.2816144e-09

1.1325705e-09

1.0110346e-09

9.6545478e-10

1.0686461e-09

1.2237618e-09

1.4520752e-09

1.9331160e-09

2.2833386e-09

2.3839119e-09

2.3863353e-09

3.7213388e-08

2.3125414e-08

1.4453435e-08

9.1552485e-09

5.9043362e-09

3.8908413e-09

2.6475141e-09

1.8905063e-09

1.4370227e-09

1.1727177e-09

1.0314238e-09

9.7901053e-10

1.0084606e-09

1.0850145e-09

1.2067394e-09

1.4141316e-09

1.6669440e-09

1.7960327e-09

1.8293370e-09

1.8245486e-09

2.7026854e-08

1.6795625e-08

1.0563318e-08

6.7823007e-09

4.4147004e-09

2.9624027e-09

2.1308809e-09

1.5570708e-09

1.1723121e-09

1.0521224e-09

9.8132405e-10

9.2736489e-10

1.0164842e-09

1.1724853e-09

1.3712531e-09

1.7814041e-09

2.1696355e-09

2.3543530e-09

2.4159200e-09

2.4259867e-09

1.7817331e-08

1.1121589e-08

7.0800468e-09

4.6053836e-09

3.0159403e-09

2.0223472e-09

1.4460259e-09

1.1466645e-09

9.5748867e-10

8.1561725e-10

7.8581995e-10

8.4785567e-10

9.5540411e-10

1.1363758e-09

1.5371206e-09

2.2330638e-09

2.7434644e-09

2.9955649e-09

3.0918122e-09

3.1169493e-09

2.9806264e-08

1.8762608e-08

1.1968005e-08

7.7781344e-09

5.1954702e-09

3.6209235e-09

2.6735547e-09

2.1109879e-09

1.8014929e-09

1.6368036e-09

1.5675235e-09

1.6320454e-09

1.7859316e-09

2.0312268e-09

2.3578729e-09

2.5745670e-09

2.4860905e-09

2.3247258e-09

2.2469509e-09

2.2267423e-09

1.3583968e-08

8.5924804e-09

5.5249539e-09

3.6333722e-09

2.4694280e-09

1.7633842e-09

1.3518958e-09

1.1149334e-09

9.7525501e-10

8.7109699e-10

8.5370536e-10

9.4700763e-10

1.0791429e-09

1.2663667e-09

1.6132939e-09

1.8669079e-09

1.9588990e-09

1.9864716e-09

1.9979859e-09

2.0043892e-09

1.7156665e-08

1.0957643e-08

7.1320543e-09

4.7548096e-09

3.3345149e-09

2.4684366e-09

1.9176908e-09

1.6378676e-09

1.5064998e-09

1.4058594e-09

1.4954247e-09

1.7222357e-09

2.0243189e-09

2.5335929e-09

3.1190571e-09

3.2922995e-09

3.2313568e-09

3.1820155e-09

3.1688550e-09

3.1723483e-09

6.0786288e-09

3.8758380e-09

2.5266076e-09

1.7219976e-09

1.2438913e-09

9.3782255e-10

7.6058185e-10

7.2691669e-10

6.7120529e-10

6.2518922e-10

7.2466518e-10

8.8141509e-10

1.1244870e-09

1.8748385e-09

2.6156115e-09

2.9789505e-09

3.1176655e-09

3.1643862e-09

3.1773175e-09

3.1789816e-09

5.9849032e-09

3.8789438e-09

2.5869413e-09

1.8375462e-09

1.3784238e-09

1.0452327e-09

8.6858923e-10

8.1181745e-10

7.3761831e-10

8.1034354e-10

1.0290765e-09

1.2709569e-09

1.9119072e-09

3.1622906e-09

4.0106872e-09

4.3675592e-09

4.4915644e-09

4.5270119e-09

4.5324006e-09

4.5292453e-09

4.3160189e-09

2.8311666e-09

1.9061509e-09

1.4467358e-09

1.1001283e-09

8.1533431e-10

7.8981905e-10

7.2817020e-10

5.6113284e-10

7.0856003e-10

9.5489454e-10

1.0553056e-09

1.6917752e-09

2.5808421e-09

3.1317640e-09

3.3878536e-09

3.4742196e-09

3.4897141e-09

3.4825886e-09

3.4712999e-09

5.0412114e-09

3.3189015e-09

2.3247745e-09

1.7456720e-09

1.3060673e-09

1.0555195e-09

1.0199084e-09

9.5703460e-10

9.8523953e-10

1.1774133e-09

1.3627739e-09

1.7448243e-09

2.7671908e-09

3.4965379e-09

3.7289973e-09

3.7746323e-09

3.7798593e-09

3.7779101e-09

3.7755735e-09

3.7738930e-09

6.5555294e-09

4.4068718e-09

3.1813657e-09

2.3945624e-09

1.8347893e-09

1.6503382e-09

1.5809236e-09

1.3969348e-09

1.5483778e-09

1.8929075e-09

2.1185145e-09

2.9455394e-09

4.0977363e-09

4.3845205e-09

4.2189368e-09

4.0983612e-09

4.0595204e-09

4.0590264e-09

4.0698735e-09

4.0813242e-09

-1.0000000

-1.0000000

-1.0000000

-1.0000000

-1.0000000

-1.0000000

-1.0000000

-1.0000000

-1.0000000

-1.0000000

-1.0000000

-1.0000000

-1.0000000

-1.0000000

-1.0000000

-1.0000000

-1.0000000

-1.0000000

-1.0000000

-1.0000000

-1.0000000

-1.0000000

-1.0000000

-1.0000000

-1.0000000

-1.0000000

-1.0000000

-1.0000000

-1.0000000

-1.0000000

-1.0000000

-1.0000000

-1.0000000

-1.0000000

-1.0000000

-1.0000000

-1.0000000

-1.0000000

-1.0000000

-1.0000000

2.5921286e-09

2.0381655e-09

1.5020660e-09

1.0516329e-09

1.2197732e-09

1.0776262e-09

6.5139610e-10

1.0964004e-09

1.5599164e-09

1.3863759e-09

3.1458544e-09

5.3828733e-09

6.1898951e-09

6.2867140e-09

6.2762786e-09

6.2683108e-09

6.2687081e-09

6.2723345e-09

6.2761683e-09

6.2792112e-09

2.3281185e-09

1.9311264e-09

1.2258515e-09

1.0255809e-09

1.4440481e-09

7.2199226e-10

5.7204987e-10

1.6583579e-09

1.5831729e-09

1.8674495e-09

5.5244312e-09

8.1660648e-09

8.9153576e-09

9.0265614e-09

9.0293673e-09

9.0220217e-09

9.0177844e-09

9.0161671e-09

9.0157469e-09

9.0157541e-09

-1.0000000

-1.0000000

-1.0000000

-1.0000000

-1.0000000

-1.0000000

-1.0000000

-1.0000000

-1.0000000

-1.0000000

-1.0000000

-1.0000000

-1.0000000

-1.0000000

-1.0000000

-1.0000000

-1.0000000

-1.0000000

-1.0000000

-1.0000000

2.0106504e-09

1.5488242e-09

1.2721906e-09

1.1617585e-09

1.1488693e-09

1.2114817e-09

1.3393625e-09

1.6595772e-09

2.4128660e-09

3.9892011e-09

5.0807175e-09

5.3070637e-09

5.2739944e-09

5.2475892e-09

5.2439127e-09

5.2499502e-09

5.2576549e-09

5.2640806e-09

5.2687247e-09

5.2718550e-09

-1.0000000

-1.0000000

-1.0000000

-1.0000000

-1.0000000

-1.0000000

-1.0000000

-1.0000000

-1.0000000

-1.0000000

-1.0000000

-1.0000000

-1.0000000

-1.0000000

-1.0000000

-1.0000000

-1.0000000

-1.0000000

-1.0000000

-1.0000000

-1.0000000

-1.0000000

-1.0000000

-1.0000000

-1.0000000

-1.0000000

-1.0000000

-1.0000000

-1.0000000

-1.0000000

-1.0000000

-1.0000000

-1.0000000

-1.0000000

-1.0000000

-1.0000000

-1.0000000

-1.0000000

-1.0000000

-1.0000000

-1.0000000

-1.0000000

-1.0000000

-1.0000000

-1.0000000

-1.0000000

-1.0000000

-1.0000000

-1.0000000

-1.0000000

-1.0000000

-1.0000000

-1.0000000

-1.0000000

-1.0000000

-1.0000000

-1.0000000

-1.0000000

-1.0000000

-1.0000000
