#m [GeV],  tau [ps], c, BRexp(B+->K+mumu)

-1.0000000

-1.0000000

-1.0000000

-1.0000000

-1.0000000

-1.0000000

-1.0000000

-1.0000000

-1.0000000

-1.0000000

-1.0000000

-1.0000000

-1.0000000

-1.0000000

-1.0000000

-1.0000000

-1.0000000

-1.0000000

-1.0000000

-1.0000000

-1.0000000

-1.0000000

-1.0000000

-1.0000000

-1.0000000

-1.0000000

-1.0000000

-1.0000000

-1.0000000

-1.0000000

-1.0000000

-1.0000000

-1.0000000

-1.0000000

-1.0000000

-1.0000000

-1.0000000

-1.0000000

-1.0000000

-1.0000000

0.00068089515

0.00025839273

9.8150731e-05

3.7376154e-05

1.4326944e-05

5.5870240e-06

2.2773839e-06

1.0355420e-06

4.6240309e-07

1.7783107e-07

6.9837410e-08

2.8605029e-08

1.2979108e-08

7.0067142e-09

4.9267616e-09

4.3945544e-09

3.9946319e-09

3.8696337e-09

3.8726064e-09

3.8847583e-09

0.00010904671

4.1392008e-05

1.5732707e-05

6.0010130e-06

2.3103126e-06

9.1116200e-07

3.8214031e-07

1.8571805e-07

7.4183077e-08

2.8593482e-08

1.1309538e-08

4.7231810e-09

2.2315294e-09

1.2917868e-09

1.1074887e-09

1.3222888e-09

1.5675852e-09

1.5389045e-09

1.5247293e-09

1.5209180e-09

0.00014702353

5.5818821e-05

2.1227767e-05

8.1086339e-06

3.1334424e-06

1.2478129e-06

5.3609357e-07

2.6258327e-07

1.0019630e-07

3.8818001e-08

1.5455578e-08

6.5426326e-09

3.2369906e-09

1.9381579e-09

1.8059163e-09

2.2271647e-09

1.7958183e-09

1.3980834e-09

1.3936790e-09

1.4264613e-09

5.9642005e-05

2.2648021e-05

8.6173884e-06

3.2961093e-06

1.2781947e-06

5.1361117e-07

2.2559570e-07

1.0663525e-07

4.0793820e-08

1.5890887e-08

6.3836488e-09

2.7799266e-09

1.4896118e-09

9.7756666e-10

1.0657372e-09

1.3712466e-09

1.5130758e-09

1.5162858e-09

1.5020604e-09

1.4939580e-09

4.8577964e-05

1.8450128e-05

7.0236169e-06

2.6900101e-06

1.0467139e-06

4.2427591e-07

1.9033498e-07

8.6866791e-08

3.3346450e-08

1.3056029e-08

5.3137284e-09

2.4346157e-09

1.3344235e-09

1.0672011e-09

1.3610167e-09

2.3293950e-09

2.5932659e-09

2.5968937e-09

2.5837238e-09

2.5766155e-09

4.8591144e-05

1.8458612e-05

7.0303321e-06

2.6960879e-06

1.0526383e-06

4.3037381e-07

1.9709854e-07

8.7014151e-08

3.3452180e-08

1.3153920e-08

5.5181315e-09

2.5630889e-09

1.4600531e-09

1.3353090e-09

1.7828694e-09

3.3052089e-09

3.3496070e-09

3.2886084e-09

3.2752015e-09

3.2726823e-09

4.3844770e-05

1.6658756e-05

6.3480072e-06

2.4376278e-06

9.5498891e-07

3.9385103e-07

1.8410537e-07

7.8567315e-08

3.0297040e-08

1.1929394e-08

5.0963262e-09

2.3807451e-09

1.4346163e-09

1.4066849e-09

2.3638794e-09

3.9684777e-09

4.0633932e-09

4.0176639e-09

3.9972957e-09

3.9896135e-09

3.6244760e-05

1.3773834e-05

5.2513721e-06

2.0192380e-06

7.9384456e-07

3.3029136e-07

1.5759708e-07

6.5007059e-08

2.5150180e-08

9.9988722e-09

4.2963286e-09

2.1026175e-09

1.2057724e-09

1.3811179e-09

1.9923599e-09

3.3100102e-09

3.2116945e-09

3.1643997e-09

3.1592789e-09

3.1599581e-09

2.9679194e-05

1.1281042e-05

4.3032575e-06

1.6569707e-06

6.5376831e-07

2.7447692e-07

1.3370756e-07

5.3341522e-08

2.0662129e-08

8.2805200e-09

3.5271818e-09

1.8018189e-09

1.0513018e-09

1.0899447e-09

1.2002660e-09

1.3285226e-09

1.0962066e-09

1.0814488e-09

1.0984157e-09

1.1087518e-09

2.7220512e-05

1.0348663e-05

3.9497645e-06

1.5230488e-06

6.0316876e-07

2.5559859e-07

1.2715581e-07

4.9001168e-08

1.9088677e-08

7.7070837e-09

3.3909637e-09

1.8128514e-09

1.1065349e-09

1.4842710e-09

2.7280373e-09

3.8555162e-09

3.8164377e-09

3.7772556e-09

3.7640560e-09

3.7595705e-09

2.2217782e-05

8.4485738e-06

3.2264088e-06

1.2459865e-06

4.9535772e-07

2.1194118e-07

1.0449850e-07

4.0063453e-08

1.5604524e-08

6.3818533e-09

2.8324224e-09

1.5557270e-09

1.1466727e-09

1.5014331e-09

3.0379036e-09

4.0358515e-09

4.0467731e-09

4.0043630e-09

3.9828256e-09

3.9739406e-09

1.8291274e-05

6.9570612e-06

2.6584129e-06

1.0282472e-06

4.1044716e-07

1.7737354e-07

8.6142144e-08

3.3025131e-08

1.2920615e-08

5.3251641e-09

2.3807391e-09

1.4506130e-09

9.0825119e-10

1.1171380e-09

1.7390377e-09

1.6980455e-09

1.4869402e-09

1.4845806e-09

1.5024450e-09

1.5123325e-09

1.6447313e-05

6.2572133e-06

2.3924958e-06

9.2691686e-07

3.7156659e-07

1.6224798e-07

7.7557066e-08

2.9723155e-08

1.1731818e-08

4.8755594e-09

2.1955731e-09

1.3553270e-09

1.0083428e-09

1.1422104e-09

1.9651976e-09

1.9563644e-09

1.8094084e-09

1.8067848e-09

1.8183256e-09

1.8247730e-09

1.4702275e-05

5.5947435e-06

2.1406138e-06

8.3076701e-07

3.3450425e-07

1.4765481e-07

6.9252188e-08

2.6665275e-08

1.0540812e-08

4.4059300e-09

2.0377399e-09

1.2661855e-09

1.0037038e-09

1.0694638e-09

1.8385271e-09

1.6601827e-09

1.5196938e-09

1.5238287e-09

1.5378595e-09

1.5452030e-09

1.2870976e-05

4.8991729e-06

1.8757914e-06

7.2931822e-07

2.9502890e-07

1.3171083e-07

6.0783817e-08

2.3349441e-08

9.2615916e-09

3.9217590e-09

1.8721828e-09

1.1924629e-09

9.9262059e-10

1.0411435e-09

1.7800335e-09

1.5437575e-09

1.4249262e-09

1.4320994e-09

1.4456635e-09

1.4525493e-09

1.2088499e-05

4.6026278e-06

1.7635523e-06

6.8699934e-07

2.7927740e-07

1.2616122e-07

5.7050954e-08

2.2074528e-08

8.7726704e-09

3.8063983e-09

1.8881052e-09

1.2709645e-09

1.2793019e-09

2.1824661e-09

4.2796871e-09

5.0490684e-09

5.0462053e-09

4.9638644e-09

4.9187680e-09

4.8995508e-09

1.0478616e-05

3.9908620e-06

1.5303419e-06

5.9736443e-07

2.4409902e-07

1.1164144e-07

4.9465814e-08

1.9183059e-08

7.6695854e-09

3.3870772e-09

1.7186293e-09

1.1586117e-09

1.1746658e-09

1.4825387e-09

2.8810196e-09

3.0137558e-09

2.9482075e-09

2.9159057e-09

2.9031041e-09

2.8981980e-09

9.2331458e-06

3.5176246e-06

1.3499901e-06

5.2809933e-07

2.1697678e-07

1.0052901e-07

4.3592581e-08

1.6997759e-08

6.8285994e-09

3.1051155e-09

1.5820269e-09

1.0718306e-09

1.1513992e-09

1.3986281e-09

2.3907827e-09

2.2390018e-09

2.1423928e-09

2.1179779e-09

2.1114574e-09

2.1094318e-09

8.4069739e-06

3.2039432e-06

1.2306848e-06

4.8252651e-07

1.9939869e-07

9.3644247e-08

3.9795759e-08

1.5509524e-08

6.2744794e-09

2.8471556e-09

1.5097646e-09

1.0414114e-09

1.2038261e-09

-1.0000000

-1.0000000

-1.0000000

-1.0000000

-1.0000000

-1.0000000

-1.0000000

6.9747444e-06

2.6590570e-06

1.0223366e-06

4.0180632e-07

1.6705630e-07

7.9574888e-08

3.3059708e-08

1.2937508e-08

5.2739276e-09

2.4376940e-09

1.3499522e-09

9.4831858e-10

1.1573780e-09

-1.0000000

-1.0000000

-1.0000000

-1.0000000

-1.0000000

-1.0000000

-1.0000000

6.0859566e-06

2.3210905e-06

8.9327987e-07

3.5198362e-07

1.4728692e-07

7.1205967e-08

2.8911826e-08

1.1425336e-08

4.6726552e-09

2.2022451e-09

1.2695682e-09

1.0124503e-09

1.1020985e-09

1.4748419e-09

1.9643248e-09

2.0084591e-09

1.9678186e-09

1.9415493e-09

1.9298828e-09

1.9252053e-09

5.0089037e-06

1.9110854e-06

7.3626071e-07

2.9090190e-07

1.2255868e-07

6.0176902e-08

2.3866569e-08

9.4029442e-09

3.9800325e-09

1.8744697e-09

1.1113569e-09

9.4674652e-10

9.5417592e-10

1.2020544e-09

1.5163245e-09

1.5958435e-09

1.5945622e-09

1.5875280e-09

1.5838078e-09

1.5822394e-09

4.6247541e-06

1.7652708e-06

6.8084411e-07

2.6978347e-07

1.1448236e-07

5.7129578e-08

2.2008879e-08

8.7493353e-09

3.6912917e-09

1.7742683e-09

1.1974141e-09

9.8498341e-10

1.3187342e-09

2.8020965e-09

4.1215892e-09

4.3649220e-09

4.3547752e-09

4.3317769e-09

4.3200590e-09

4.3151707e-09

2.5891239e-07

1.0858169e-07

5.2760019e-08

2.1276525e-08

8.4270715e-09

3.5167009e-09

1.7141232e-09

1.0554376e-09

7.8432872e-10

1.0559914e-09

-1.0000000

-1.0000000

-1.0000000

-1.0000000

-1.0000000

-1.0000000

-1.0000000

-1.0000000

-1.0000000

-1.0000000

2.3235292e-07

9.8078717e-08

4.8365047e-08

1.9131074e-08

7.5284700e-09

3.2110581e-09

1.5498082e-09

9.8783842e-10

9.1020690e-10

9.3201867e-10

1.4663656e-09

1.9882249e-09

2.1798976e-09

2.1755602e-09

2.1564248e-09

2.1463053e-09

2.1420371e-09

2.1403555e-09

2.1397087e-09

2.1394621e-09

2.4523404e-07

1.0429893e-07

5.1933402e-08

2.0066225e-08

8.0554051e-09

3.4584239e-09

1.7347157e-09

1.1112004e-09

9.6614038e-10

1.0282462e-09

1.3063801e-09

1.3850404e-09

1.3548546e-09

1.3562513e-09

1.3604561e-09

1.3626783e-09

1.3636167e-09

1.3639867e-09

1.3641290e-09

1.3641833e-09

2.4030498e-07

1.0309019e-07

5.0805433e-08

1.9576974e-08

7.9291365e-09

3.4527116e-09

1.7581923e-09

1.3072685e-09

1.0205039e-09

1.5146696e-09

2.6195932e-09

3.0419231e-09

2.8757818e-09

2.8542084e-09

2.8589799e-09

2.8630320e-09

2.8649119e-09

2.8656753e-09

2.8659721e-09

2.8660857e-09

2.0943395e-07

8.9915016e-08

4.4217232e-08

1.7067329e-08

6.9176706e-09

3.0296262e-09

1.5926593e-09

1.1184636e-09

9.7239015e-10

1.2443558e-09

1.9958712e-09

2.3870369e-09

2.3683425e-09

2.3436858e-09

2.3325534e-09

2.3281161e-09

2.3264046e-09

2.3257515e-09

2.3255033e-09

2.3254090e-09

1.8635618e-07

8.0854741e-08

3.9131976e-08

1.5183507e-08

6.1793275e-09

2.7518616e-09

1.4740085e-09

1.0411744e-09

1.0027059e-09

1.1930267e-09

1.6466197e-09

1.8284627e-09

1.8117113e-09

1.7874813e-09

1.7754302e-09

1.7704328e-09

1.7684753e-09

1.7677240e-09

1.7674377e-09

1.7673290e-09

1.5129592e-07

6.6404474e-08

3.1671710e-08

1.2304596e-08

5.0889372e-09

2.3654784e-09

1.2690464e-09

1.0107006e-09

9.7570079e-10

1.2894404e-09

2.0667003e-09

2.4041920e-09

2.4224281e-09

2.4052638e-09

2.3948370e-09

2.3902950e-09

2.3884866e-09

2.3877884e-09

2.3875218e-09

2.3874205e-09

1.1232992e-07

4.9922056e-08

2.3294364e-08

9.0909699e-09

3.8197756e-09

1.7245522e-09

1.0587158e-09

7.8957125e-10

8.9158116e-10

1.2626660e-09

2.4991425e-09

3.0520108e-09

3.1184285e-09

3.1067282e-09

3.0960669e-09

3.0910789e-09

3.0890487e-09

3.0882587e-09

3.0879562e-09

3.0878411e-09

2.1013881e-07

9.4645534e-08

4.3204684e-08

1.7040996e-08

7.1227877e-09

3.3779088e-09

2.0277104e-09

1.6124337e-09

1.6568455e-09

2.0962658e-09

2.5763254e-09

2.3005514e-09

2.2261995e-09

2.2396585e-09

2.2528741e-09

2.2591674e-09

2.2617446e-09

2.2627498e-09

2.2631350e-09

2.2632816e-09

1.0744476e-07

4.9072385e-08

2.1942696e-08

8.6819148e-09

3.6671956e-09

1.7754768e-09

1.1187673e-09

8.7281253e-10

9.4493530e-10

1.2619169e-09

1.8645912e-09

1.9862154e-09

2.0043156e-09

2.0109258e-09

2.0136075e-09

2.0146611e-09

2.0150666e-09

2.0152212e-09

2.0152800e-09

2.0153023e-09

1.5266372e-07

7.0707938e-08

3.0944142e-08

1.2333683e-08

5.2804575e-09

2.6632936e-09

1.6891364e-09

1.4201598e-09

1.6533317e-09

2.3718978e-09

3.2834513e-09

3.1906975e-09

3.1706990e-09

3.1855397e-09

3.1954990e-09

3.1999588e-09

3.2017515e-09

3.2024462e-09

3.2027118e-09

3.2028128e-09

6.0590312e-08

2.8427726e-08

1.2218737e-08

4.9247333e-09

2.0992053e-09

1.0854791e-09

7.3311818e-10

6.3143514e-10

7.9686203e-10

1.4222332e-09

2.8279950e-09

3.1464034e-09

3.1788151e-09

3.1766579e-09

3.1736681e-09

3.1722170e-09

3.1716207e-09

3.1713880e-09

3.1712988e-09

3.1712648e-09

6.9255739e-08

3.2792294e-08

1.3864094e-08

5.5938172e-09

2.4427382e-09

1.3203866e-09

8.5664789e-10

7.3419629e-10

1.0680252e-09

2.0926128e-09

4.0943256e-09

4.5009415e-09

4.5321781e-09

4.5241253e-09

4.5180906e-09

4.5153671e-09

4.5142713e-09

4.5138467e-09

4.5136844e-09

4.5136226e-09

6.0386735e-08

2.8504928e-08

1.2152324e-08

4.8744814e-09

2.1139538e-09

1.1984806e-09

7.7483592e-10

5.8296209e-10

9.0334387e-10

1.4454123e-09

3.0125188e-09

3.4603419e-09

3.4854620e-09

3.4640523e-09

3.4509354e-09

3.4452127e-09

3.4429331e-09

3.4420528e-09

3.4417167e-09

3.4415889e-09

2.7211567e-08

1.0794408e-08

4.4654650e-09

2.1369403e-09

1.2063914e-09

1.0094594e-09

1.0293727e-09

1.4067152e-09

3.0354236e-09

3.7507095e-09

3.7795384e-09

3.7750308e-09

3.7725887e-09

3.7716382e-09

3.7712787e-09

3.7711428e-09

3.7710913e-09

3.7710717e-09

3.7710643e-09

3.7710615e-09

2.1393802e-08

8.7622586e-09

3.9456003e-09

2.1940063e-09

1.6457464e-09

1.4023016e-09

1.9747669e-09

3.3603704e-09

4.3447235e-09

4.0796523e-09

4.0618960e-09

4.0844021e-09

4.0980908e-09

4.1040755e-09

4.1064622e-09

4.1073844e-09

4.1077366e-09

4.1078705e-09

4.1079214e-09

4.1079407e-09

-1.0000000

-1.0000000

-1.0000000

-1.0000000

-1.0000000

-1.0000000

-1.0000000

-1.0000000

-1.0000000

-1.0000000

-1.0000000

-1.0000000

-1.0000000

-1.0000000

-1.0000000

-1.0000000

-1.0000000

-1.0000000

-1.0000000

-1.0000000

-1.0000000

-1.0000000

-1.0000000

-1.0000000

-1.0000000

-1.0000000

-1.0000000

-1.0000000

-1.0000000

-1.0000000

-1.0000000

-1.0000000

-1.0000000

-1.0000000

-1.0000000

-1.0000000

-1.0000000

-1.0000000

-1.0000000

-1.0000000

6.9506297e-09

2.9835580e-09

1.7321413e-09

1.0965135e-09

7.3603948e-10

1.4869439e-09

2.1644117e-09

6.0083337e-09

6.2819547e-09

6.2678883e-09

6.2746774e-09

6.2805847e-09

6.2833912e-09

6.2845419e-09

6.2849909e-09

6.2851631e-09

6.2852286e-09

6.2852535e-09

6.2852630e-09

6.2852666e-09

5.2614023e-09

2.3633175e-09

1.2912708e-09

1.4448838e-09

5.1880213e-10

1.6632151e-09

5.1881548e-09

8.8893351e-09

9.0299775e-09

9.0180311e-09

9.0157598e-09

9.0158591e-09

9.0160697e-09

9.0161763e-09

9.0162207e-09

9.0162381e-09

9.0162448e-09

9.0162473e-09

9.0162483e-09

9.0162487e-09

-1.0000000

-1.0000000

-1.0000000

-1.0000000

-1.0000000

-1.0000000

-1.0000000

-1.0000000

-1.0000000

-1.0000000

-1.0000000

-1.0000000

-1.0000000

-1.0000000

-1.0000000

-1.0000000

-1.0000000

-1.0000000

-1.0000000

-1.0000000

3.6324036e-09

1.9003464e-09

1.2386864e-09

1.1540631e-09

1.3795117e-09

2.6848608e-09

5.1794906e-09

5.2664515e-09

5.2447168e-09

5.2590860e-09

5.2694624e-09

5.2741978e-09

5.2761138e-09

5.2768580e-09

5.2771428e-09

5.2772511e-09

5.2772923e-09

5.2773079e-09

5.2773138e-09

5.2773161e-09

-1.0000000

-1.0000000

-1.0000000

-1.0000000

-1.0000000

-1.0000000

-1.0000000

-1.0000000

-1.0000000

-1.0000000

-1.0000000

-1.0000000

-1.0000000

-1.0000000

-1.0000000

-1.0000000

-1.0000000

-1.0000000

-1.0000000

-1.0000000

-1.0000000

-1.0000000

-1.0000000

-1.0000000

-1.0000000

-1.0000000

-1.0000000

-1.0000000

-1.0000000

-1.0000000

-1.0000000

-1.0000000

-1.0000000

-1.0000000

-1.0000000

-1.0000000

-1.0000000

-1.0000000

-1.0000000

-1.0000000

-1.0000000

-1.0000000

-1.0000000

-1.0000000

-1.0000000

-1.0000000

-1.0000000

-1.0000000

-1.0000000

-1.0000000

-1.0000000

-1.0000000

-1.0000000

-1.0000000

-1.0000000

-1.0000000

-1.0000000

-1.0000000

-1.0000000

-1.0000000
